13 91 6
1 1 1 1 1 5 4 6 6 4 3 4 3 6 4 3 4 3 5 3 3 3 5 3 5 6 5 6 5 3 6 4 6 6 3 4 1 3 4 2 3 6 2 2 5 6 3 3 4 5 4 5 3 6 3 3 6 3 5 6 5 5 3 4 3 5 4 6 3 3 1 2 2 3 4 3 3 3 1 3 4 2 2 3 3 2 6 6 3 4 4
0 0 0 3 3 5 6 0 3 0 6 5 0
0 4 0 0 0 0 0 0 0 0 2 3 5
0 3 0 0 0 6 0 3 3 0 0 0 5
0 0 0 4 6 0 0 0 4 3 3 4 2
0 2 3 0 0 0 0 0 0 3 0 4 2
4 0 6 0 3 3 2 0 0 1 1 6 0
6 3 3 4 0 6 3 0 6 0 0 3 3
4 3 6 5 1 0 0 4 0 4 5 0 3
6 5 0 3 0 0 6 3 0 2 4 4 5
0 0 0 0 4 0 4 2 5 3 6 3 3
0 6 0 0 0 6 0 3 3 0 0 0 0
0 0 0 4 0 0 6 5 5 0 0 3 0
3 0 3 5 0 4 2 0 0 0 0 0 5
