16 74 7
1 1 1 1 1 4 5 7 5 5 7 4 2 5 1 5 5 6 5 1 6 5 2 5 4 7 5 5 5 2 3 5 2 5 1 1 5 2 1 4 6 6 5 2 4 1 4 2 4 6 4 6 7 2 5 5 7 5 5 4 2 1 7 2 5 5 2 4 5 2 1 6 4 5
0 0 0 4 0 0 7 0 2 0 0 0 0 0 0 0
0 0 0 7 0 0 0 6 0 0 0 0 0 2 0 0
0 0 0 0 0 0 3 0 0 5 1 0 0 0 0 4
0 0 0 0 0 0 0 0 0 0 5 0 0 0 4 0
0 7 0 0 5 5 0 0 4 0 5 0 4 0 0 0
0 0 0 0 0 5 0 0 0 0 4 4 0 0 6 4
0 2 6 0 5 0 0 0 5 5 0 0 0 2 0 0
0 0 0 0 0 0 7 0 2 0 0 0 0 1 5 0
0 0 0 0 0 0 0 0 0 0 0 0 0 0 5 4
0 5 5 0 0 0 0 0 2 0 0 0 5 0 0 0
0 0 2 0 5 0 0 1 5 0 0 0 0 0 0 0
1 0 0 0 0 0 6 0 0 5 0 0 0 2 0 2
0 1 0 0 1 0 6 0 5 0 4 0 0 0 0 2
0 5 0 5 5 0 0 0 0 0 0 6 0 0 0 0
0 0 0 2 6 0 0 0 0 0 0 5 0 0 0 7
1 4 5 0 5 1 0 0 0 0 2 0 0 0 0 7
