300 1000 10 30 100000
61870 15300 -14 85
37547 63320 -12 24
27609 62042 13 61
23477 36807 -27 -51
58963 38551 -18 99
4790 71555 -47 -69
75964 51025 23 37
36621 7126 -33 78
72231 43311 88 -40
68454 3678 25 97
11048 89767 -60 9
68213 16330 -98 11
53934 43790 -15 -6
5570 67987 -88 86
21910 1466 61 -5
32680 65891 -84 -24
93173 91588 4 18
22478 23313 73 -90
19910 46577 -51 -54
17251 17712 100 13
37221 59312 -5 33
42837 43163 -51 74
90746 32236 100 -5
28745 84994 -80 89
42306 85285 -80 -36
69522 26036 12 27
33092 91934 61 83
68109 60725 -60 -28
96179 42658 54 -31
94979 43599 -37 81
26285 57646 63 84
16224 32654 76 -11
99040 12736 -77 34
13619 163 -88 -75
69730 24011 80 -46
9526 66929 56 13
87729 58887 -13 -69
62171 64032 63 -46
13012 62971 69 91
58765 7256 -80 85
28805 68028 -88 -58
9897 35625 -73 23
96285 29182 -84 24
93862 96982 -2 -38
24749 49255 -13 -9
14115 30271 16 -55
13474 49546 -34 22
52696 75115 0 29
57510 51568 16 34
67129 42200 -25 81
12016 47129 10 1
77131 27840 -25 75
52169 44738 -31 88
45565 76936 -30 -88
65619 78707 -73 -45
15133 9498 82 -53
78589 10201 96 -43
46025 20592 64 63
41956 15501 29 -9
8024 6009 -46 -87
72459 66840 44 61
82933 53365 17 -27
43776 21336 -73 -36
38370 28954 12 -92
94146 42617 40 -42
36589 38124 45 -64
25472 24418 -85 -90
26421 23317 -62 4
26322 43593 -33 -69
98788 44420 44 61
23832 73745 50 57
543 18663 62 -50
12324 45180 -64 -26
1047 97995 0 17
62001 50693 -99 97
10425 99657 -30 -32
50145 29394 -51 87
44391 63590 24 21
53837 49203 7 -41
10795 98026 -61 60
77789 31581 77 -51
97271 7563 -81 100
90113 64228 -86 30
99295 57339 96 -41
36040 51831 -36 17
27399 64459 -27 0
40158 82946 -20 -21
16537 21939 68 -91
85559 11354 -95 13
7745 73648 -58 -59
8128 99807 94 19
35975 66708 -23 79
4920 68303 -42 12
50439 37009 52 -87
4497 94822 -56 -79
81475 94451 28 100
7847 61258 58 93
32896 85015 -38 -70
48253 51158 -95 57
52751 29126 -29 -10
89248 14348 -10 -47
49658 85309 58 -23
76075 70587 -97 35
33115 92405 14 -77
24714 830 3 -89
25019 75103 -65 11
95489 61133 -4 33
5523 32150 84 -66
12153 92925 85 -23
44546 73124 80 -57
2264 12913 -4 -39
10524 96207 -62 -97
6337 45102 9 39
83525 62900 -26 -48
91339 82975 -39 14
19552 73354 -8 -95
35643 96555 31 -41
14884 43988 -87 -3
1138 5696 -22 23
44611 60466 -35 -54
70899 17843 -75 54
19013 65017 -15 -30
14418 51765 66 -80
72035 82049 29 19
45560 4483 -33 53
51637 74920 -42 -47
19419 54677 -34 -28
93369 48649 48 -12
3773 66142 -66 -49
13031 79700 -68 14
11889 45395 -75 21
99 60626 -63 -49
69543 31775 -3 53
21960 35854 40 19
28410 18608 64 4
16238 4120 -18 -13
93331 30033 -75 -18
31705 33713 72 92
53917 78282 58 54
2407 18864 10 29
78641 43003 9 -96
39539 46068 36 -33
88972 3606 36 -88
81855 14889 100 89
97920 98845 -46 71
67595 98693 -37 -75
73764 88136 -41 28
89040 62459 -66 -10
1916 68047 -98 33
84744 93846 80 53
68648 45347 98 58
65228 97539 34 26
19595 45315 17 -20
77486 30670 4 -66
39834 42809 -97 3
71067 94242 -72 -84
66859 80235 -49 -82
98604 23531 -88 56
24193 72702 -42 -42
44075 3469 38 43
56054 14570 -10 8
54741 671 57 89
57753 61831 -13 -76
24273 58567 100 -83
45855 40892 56 9
87695 40102 95 41
69279 69727 -64 87
67595 5837 -82 78
67911 2601 -16 -57
46368 57119 80 -20
57813 13760 21 -44
56830 18730 -56 37
85913 48220 -40 -21
58582 69236 35 -40
10826 28678 -35 85
51508 27339 85 34
37243 86762 26 -64
2329 22403 -53 49
88007 39615 87 36
68581 38698 35 -70
3643 5000 98 -50
15875 94140 -63 20
59961 57056 -26 56
63225 64262 69 13
46550 50483 -37 13
33280 45779 -40 9
22801 67814 -77 61
69583 24433 54 -37
6820 45839 48 -48
57868 56646 -20 6
38760 17926 100 -18
42481 21888 -74 -65
31123 97995 51 -89
52601 94896 -46 -40
93177 86884 -74 34
34674 34356 -32 -81
48245 27814 -95 -20
71067 91809 1 -17
77551 82434 -30 -87
3299 59385 -8 -34
54045 64041 -21 75
67896 804 -79 -66
40711 5394 -3 -31
80581 45231 -9 -30
62625 40875 29 84
70140 58601 76 37
83815 85151 -62 -78
36271 39513 -54 -58
83992 90489 88 -85
51714 77708 71 -39
21104 73938 17 65
68873 90089 -81 -55
57671 5669 11 -83
30621 17800 -54 97
94949 17839 37 99
40752 5369 -50 87
31125 44392 86 24
17772 88025 -83 91
17702 42405 -43 26
46332 36058 -26 -69
63563 64276 36 -91
80067 50066 -76 50
70723 3667 -45 73
72039 32109 15 -54
48843 60535 39 -99
56246 25612 -75 85
22662 50135 29 79
70529 3748 -95 -89
29816 22982 -47 13
12874 41551 -60 67
95904 37313 12 -12
38042 14567 -93 -49
38357 7490 -52 65
27442 55411 -71 82
20383 89107 -94 69
10717 92679 -40 67
39503 67129 81 87
95620 49585 66 9
13077 33003 70 -32
31497 26639 89 49
98784 25250 50 38
5126 11386 -39 35
93850 95664 52 69
47022 91539 23 37
5125 96144 67 84
82876 75749 100 56
54403 80606 -7 10
24508 86519 27 -75
49004 83557 -83 61
16551 14488 -85 -57
40463 22974 1 -12
67783 25815 -35 19
9202 63898 50 97
97327 3585 -92 8
34701 66150 -56 68
84136 368 -16 9
50123 29517 4 -36
30535 62673 39 95
83902 4640 -3 -96
67431 94312 -43 -9
70099 58298 -92 56
777 92257 96 -52
74816 36309 -84 -98
39056 88259 77 -57
77941 50984 6 -40
70698 71064 69 82
76490 22215 -41 53
36161 33969 -92 16
29491 72984 -100 -12
73696 13741 -27 -49
23987 35681 -36 93
60583 10678 67 87
26044 81115 12 -30
83146 85095 -36 22
5860 15219 -95 22
49382 43824 19 51
11649 20959 44 -94
2187 71661 -99 -59
56459 12835 -38 72
31526 63687 -70 54
31934 82450 -98 19
5627 54794 -28 -81
21528 87774 -53 68
43284 37987 29 35
10366 28107 -86 100
62112 74068 -5 36
40309 35892 31 -16
16926 82107 -37 -85
53116 60236 -5 -23
45372 21716 -54 -73
2871 97401 -32 -13
68900 44393 0 -15
89191 75482 99 -37
34424 57370 29 -98
71346 31215 -8 -58
59977 62062 76 -66
28615 27169 -55 54
15833 41487 63 -95
71564 24625 -99 73
95466 29798 -31 -13
