300 1000 10 30 100000
7153 32419 43 -82
82457 86346 -70 -67
74179 75697 31 -80
93216 81889 35 -63
30341 68168 -60 -70
3896 97215 1 -82
68657 41668 83 -95
45528 33888 -41 37
57187 34910 69 -28
23226 29873 -73 -52
96590 37262 -18 -41
95458 58959 69 91
52129 41940 -81 -62
51772 72165 51 -15
48748 60313 85 53
71906 69192 -49 -14
11872 56484 -77 -42
99456 44216 -92 -75
6844 64598 77 90
86458 47478 -9 -68
90340 51934 -46 10
68321 25844 -64 69
80150 32200 -26 -83
85892 13952 85 -97
44434 53950 38 -5
99555 36059 42 20
92456 60230 83 -72
30991 43379 -65 85
81322 58652 -46 31
33842 68018 -70 -40
44778 57728 12 40
1622 88577 32 -79
58346 65789 26 87
64902 93669 48 61
92407 42510 -79 32
40846 57055 48 19
75255 15986 -46 -30
40241 49841 -36 -63
2552 51303 -78 -39
51508 48004 -73 -99
29051 65709 25 41
20851 65854 33 81
59563 65173 -100 99
23029 64522 77 14
95578 60959 -85 -30
38078 5804 51 -23
86436 75831 45 -72
15397 6159 -62 -78
65119 80576 86 24
75444 55208 -89 40
36182 58865 58 100
92846 94050 91 -85
53997 54806 48 -47
58200 30726 -60 16
36950 66726 -59 39
46938 86940 -13 81
71248 72823 -89 -29
33948 99567 -72 -54
17214 88470 83 5
90313 38913 -50 87
73704 11846 42 100
65964 47798 67 5
77597 9216 -38 -75
69178 90195 -31 5
58029 95151 77 80
53503 50873 60 -51
24314 76899 78 -14
68890 36951 -34 72
29620 65846 -62 12
18299 90925 78 24
50849 2090 17 -82
36931 9126 95 -83
33078 16647 42 -75
99172 54140 58 -37
80119 68485 35 2
54921 25638 -28 97
86765 51067 -38 -98
76611 24209 -11 100
51994 83271 82 88
18831 48671 -67 -14
97445 6432 -17 -68
6830 45719 -50 91
89732 87293 4 45
35041 54080 47 100
6940 44741 84 13
41614 64372 -1 74
81674 38808 4 94
44957 98164 56 16
34650 322 19 85
62634 92152 51 19
34271 14281 56 78
57498 36958 -59 12
12806 41971 -83 53
46524 56877 40 -74
56685 97717 -62 98
41129 3325 61 8
30639 7661 -64 7
22821 24442 15 57
47812 4733 -43 -81
46583 81814 31 -4
41243 36943 85 -5
85176 59406 -10 47
89262 6124 -3 37
14400 41394 -5 -98
84586 34170 -16 -50
18098 7979 62 22
12212 25615 -29 -33
46602 65338 34 -10
37246 63672 -51 -87
10566 27613 -86 -66
56499 25344 19 4
81435 62423 -41 69
63072 72820 17 49
67337 10132 86 9
79641 9946 76 20
20715 51943 99 70
60230 87490 -7 49
42562 55001 -36 90
21420 28646 -82 36
9408 54565 -7 -38
14392 50197 41 70
56218 61735 -37 -61
29868 38262 -43 -74
33279 63253 68 -74
34936 77986 52 -14
28218 90120 -52 -95
51923 65368 -59 94
19428 36176 -5 -23
36133 3313 71 84
5882 90748 -81 -16
66893 38293 68 -97
85805 24585 39 -91
61359 49875 -94 54
47160 47224 -87 -36
75191 27734 24 -36
16094 59337 -80 -83
17778 21122 -99 0
84787 87711 14 -90
13993 52382 -36 -91
83074 8562 55 33
68912 98508 -80 -40
82095 87913 82 88
28169 21985 -93 -73
6617 76973 -81 -50
77591 26476 -21 94
5843 24312 -18 15
75542 76961 -12 -32
14645 62446 55 -56
59738 32958 34 -6
32946 99032 68 47
88423 48990 61 34
43062 26086 29 96
23126 44174 -7 96
28280 49795 65 1
50494 81594 -55 -8
92080 13183 27 13
41806 73687 100 -52
66153 49872 25 10
28526 5859 6 56
81970 75804 73 94
7979 33938 23 -37
65112 11283 -79 44
43065 86585 -9 -91
72468 4419 63 73
51698 88045 89 90
50265 80014 58 1
4376 23316 -48 38
69909 4998 55 95
71563 77515 24 -36
34521 63956 92 -40
98683 6509 59 -94
85065 35915 71 77
14479 87712 -63 62
66992 94627 48 -7
22680 85031 -11 73
37324 99429 -83 14
2564 25050 -26 0
13166 21973 -67 22
53430 49663 -74 -61
90771 64612 -22 -42
97220 40697 88 99
64689 98553 -53 -83
83634 46928 74 -73
80415 79663 -24 -19
66944 21071 91 86
91126 66787 -61 67
30776 54015 -38 -26
38280 93368 66 -31
20366 21168 42 51
24981 42931 36 -99
57741 59634 60 39
3185 2484 -35 -39
24681 80703 -85 -52
91169 17881 18 -30
68947 47828 -63 14
64739 17468 46 -20
53207 2865 -47 -22
66400 84210 -56 33
33359 1378 -33 -47
19887 12415 96 -86
39910 85565 79 -32
34598 81594 94 -93
65926 30563 64 29
53896 16198 14 9
24854 43351 30 -11
35215 78930 -47 -59
62870 68554 -10 63
71182 54523 -33 3
18591 92048 -63 79
72831 64829 -93 69
18784 1804 85 79
38123 16020 -14 41
57593 59873 90 -5
79450 91636 55 -26
94983 11126 48 99
1750 93903 53 42
4157 1431 77 -57
50184 25982 -87 -4
7818 86670 -11 89
86492 47931 48 -95
28655 95478 17 63
83070 23705 -45 24
495 39123 -78 44
13117 91907 -10 -85
95436 47062 -65 -70
22297 30459 86 13
24034 3826 -86 -29
11188 56184 50 -66
16825 64494 -37 -36
37582 34490 78 42
85127 52664 31 87
36854 10520 58 28
85933 31889 91 77
7568 93207 70 -50
96074 39711 -67 69
14130 85118 57 31
76591 95158 -74 -49
38442 23319 73 28
71792 25666 -15 -55
31477 38263 -50 -10
70535 31317 28 -30
41009 69837 50 42
9244 41067 -84 27
3972 45497 87 -3
56978 50545 -47 -11
69441 28704 -47 95
2337 31246 -6 37
62514 50503 97 23
66037 88595 -65 -33
48938 99399 67 -100
63432 98218 30 16
82508 13310 57 5
7312 70339 83 -55
54007 79008 39 -14
48729 71255 39 63
41835 69994 31 55
22351 37927 64 -8
83727 50064 -62 -2
86685 8503 -66 38
42703 38871 -97 42
2557 58861 68 14
47917 98887 -50 52
65594 47041 -63 -96
60352 48648 -76 3
60628 9810 88 38
27685 52660 -90 -91
95083 29968 -23 48
6523 52603 16 -86
20747 97120 -18 17
74558 36707 -21 -30
3187 50331 -9 -79
14297 81010 -33 -92
87932 15860 -95 -85
29049 51568 77 -95
51972 50053 -94 -51
9776 83207 -87 -82
12051 11903 81 81
95936 44223 75 -34
4189 51615 -12 47
18789 79144 43 81
6635 68011 -3 53
90429 88199 47 -78
47570 54434 1 -60
75824 80339 -5 38
12357 624 72 90
52690 56323 47 80
76864 22250 -51 52
6286 40754 -72 -73
79722 35800 -32 -6
62867 8481 -1 8
39871 37341 -48 86
25172 43168 -42 -46
69947 53078 -25 69
11682 568 -70 -96
48486 97805 68 -29
19740 96747 26 -83
45396 90958 54 -23
96215 34790 37 23
49213 97256 68 58
66763 87063 83 40
