300 1000 10 30 100000
61255 3014 -90 37
96842 75361 80 -6
75654 49240 52 13
43408 54370 98 -8
7755 47966 -97 47
48321 58586 -1 89
24431 54394 -67 76
73791 72357 -67 87
71867 60178 -3 82
75805 89588 -34 -100
65695 63483 -94 42
18409 85973 -13 -13
91558 128 -81 -20
94204 34402 80 69
26420 64415 -87 -30
35967 20473 87 -94
36812 14347 66 41
7564 54367 -50 -6
14288 30786 -44 -81
55958 73976 3 53
82409 98026 4 -81
36317 10349 65 75
82285 35139 -25 25
38411 93649 87 12
66277 22803 -92 47
96184 51844 58 17
30276 80703 -47 -3
74617 62850 -30 -82
85319 56145 61 57
82471 73064 44 26
15704 81785 -37 -59
62961 5982 -45 -94
88185 14712 66 -2
91138 59164 22 90
37746 78928 -88 -79
74755 60515 -8 85
9337 26302 29 -29
46710 19822 28 -9
80312 56784 46 82
72559 98814 78 -24
70514 51283 -13 -43
43017 78923 26 19
39840 72651 -90 -12
19404 68221 -64 -32
87501 71185 50 -95
69357 69548 -73 -95
37781 88714 -45 -49
22062 26267 -28 37
30249 60762 -32 -22
53654 46821 84 9
23345 59456 -18 26
96083 64568 -54 77
23545 74624 76 -84
96785 28323 -78 94
41246 39301 -52 53
95640 74672 69 34
12586 45399 51 28
99257 44604 47 27
80937 39812 13 -11
6071 47070 63 46
37954 29918 -34 17
31152 35906 93 50
23774 76951 77 9
7754 65228 -29 76
45597 73390 -17 -46
71599 28280 -4 -52
43333 95724 58 -4
38980 318 -90 24
93223 95458 -52 -6
39667 13680 -20 -3
42372 56112 75 -93
18023 69623 30 -87
39884 50102 33 56
42408 70681 9 14
24013 98336 -95 -99
80750 88117 35 47
6583 39140 13 69
8872 20651 -71 -42
22289 14108 -98 -26
62167 42742 -66 72
78423 21421 -63 35
72062 34095 7 97
29403 9541 92 -31
89002 80330 -94 67
95077 29509 -86 -9
56446 91966 55 33
67904 48448 -6 -77
76073 90666 -48 52
47594 61174 38 -46
1657 34098 -23 26
45825 78360 -87 -87
2261 3965 -99 -8
12581 73118 65 -54
45573 29375 -43 -51
75671 33411 58 -13
28861 46564 69 -2
12174 43524 -15 0
59040 67754 0 23
15068 7647 28 -58
68547 83881 26 21
63734 31491 -67 53
36365 37164 -1 -33
78093 67411 83 37
67456 22205 98 32
38781 29191 82 17
43658 40326 -75 43
31386 39322 -80 -40
58009 24381 29 63
37191 58018 14 -63
67536 34017 -19 -72
51337 29406 33 -2
26856 98176 -84 80
51705 40252 -57 -22
79328 45406 -14 70
38914 65879 -83 66
44046 24662 -30 -52
23997 55136 12 19
10364 41537 58 43
16039 48979 51 99
98169 65072 6 3
76639 82655 -71 -54
50783 86915 31 -79
20991 45867 -68 -25
90965 96130 14 72
15396 5530 -50 -43
54244 74243 61 80
44531 878 26 37
43780 78267 -64 73
81842 37037 20 24
96869 49295 -10 -99
8944 14137 56 67
59589 77007 57 -47
77569 70399 -66 -4
85961 31422 78 43
62786 86397 86 76
36942 28951 4 28
24544 40096 -15 -46
79861 92023 7 61
11459 51905 40 10
29402 96498 -33 95
49106 95074 -36 25
1121 41696 92 -13
88713 70012 0 6
35615 52273 60 -84
62906 79052 -10 23
26376 84649 72 -6
27497 57732 90 -54
37240 94771 38 -79
64586 63515 78 33
50758 51745 -85 18
87432 80665 1 7
41579 45446 6 -20
35726 62987 -52 12
95028 57399 -56 7
63949 11278 8 -69
3289 28769 49 73
3357 41775 -11 60
33954 89110 14 44
85543 14755 96 -67
62726 87803 -79 -4
43723 51207 -92 51
85746 50949 16 -48
76689 51309 -93 77
92857 793 -54 -38
62200 35117 28 65
18283 1122 -72 -55
11113 63469 -71 80
12193 46733 9 -8
90969 51751 -84 -69
77018 71748 -37 2
60387 84498 47 31
80021 80050 -35 44
49555 75494 -21 24
60741 21494 56 -94
7418 2447 95 1
52866 88366 -20 64
69392 11550 -71 -95
62024 12498 63 -92
30611 11321 -90 -70
17807 57090 -72 3
50725 1907 93 92
16926 32680 64 -29
65746 39689 -84 14
44401 83271 -59 18
3751 1017 -71 -23
34294 1183 -60 -3
73229 41778 46 -34
17153 58109 11 -30
53661 48189 -84 -84
1275 68185 -21 53
32438 28327 1 -80
62947 19487 -91 -63
43252 69215 -19 67
12276 28083 -24 -58
4985 91173 78 -53
91027 89163 -98 -58
51188 89813 -34 -30
76543 65710 -4 -47
14606 65023 78 -30
49475 2839 -31 -64
25863 69679 -21 33
98468 65346 -20 -60
82740 7717 97 -92
6723 39878 17 11
31251 2877 -2 64
95099 35234 -31 80
1680 28909 -83 -13
48132 28779 63 88
42541 98610 73 85
50563 24295 67 -92
70392 55995 77 -54
29577 20416 -61 -25
34231 55882 -2 -34
61138 36796 -19 -95
56743 3579 91 -96
31993 95100 -26 91
33781 63616 100 -24
43532 42373 47 4
58453 63046 65 -76
70436 93439 -44 52
17532 30737 -18 -40
55840 8357 -93 98
68188 97243 12 60
1458 68652 20 -16
95955 48006 84 10
6062 27490 -85 11
43129 3682 -66 97
7399 90833 -45 7
57832 93333 -21 -43
89127 62913 50 -24
58610 45081 -98 -78
28553 14020 -52 69
78884 51612 -88 -83
27980 26383 72 -32
13318 401 79 79
42107 91403 40 52
36456 87100 9 97
62419 75897 -14 93
95338 10245 -37 51
34969 81010 -39 45
71627 36858 -44 69
22605 31695 46 -73
63854 39896 -83 -6
91933 52833 -82 8
23165 15170 -46 95
36215 47155 28 -94
11714 28712 7 -45
68970 97621 -26 32
38885 74450 31 -49
62925 17366 69 6
84189 9192 -68 -85
93493 30100 -62 -53
18783 62712 28 -28
31164 69701 81 -83
38034 70527 30 -29
9745 33749 52 4
68066 5691 74 -67
89622 40821 -13 -79
21545 96446 -57 61
96273 27687 -98 -11
64498 4857 -78 87
90922 11986 67 -9
62382 49846 40 37
80810 44240 -84 100
74018 89233 -8 -85
52723 92337 5 -82
34635 93135 -16 -28
34495 87823 -62 -4
54413 78284 82 17
15214 22938 -17 -76
83189 15364 -35 25
7239 61611 -84 49
37033 16967 62 -34
96041 92550 94 55
24453 3115 -83 -33
40180 16286 -78 67
78935 96348 94 -39
50467 3944 29 -5
44054 4536 -52 -40
42186 60185 -55 71
94796 11529 -80 94
22136 5334 -57 -66
9482 32966 -97 83
40838 15496 56 -31
68551 3410 -38 -15
36093 69516 51 -50
95598 59080 38 16
67575 99236 -60 -15
47508 97154 -11 -61
57124 11782 1 52
75124 88419 -88 -19
73097 12306 49 86
50567 5399 9 69
6954 64974 17 1
1773 58022 -69 85
9570 32025 -8 30
50559 44416 81 -55
93398 14177 -24 -68
3421 12128 21 -63
96256 69208 -11 -95
