300 1000 10 30 100000
55772 38609 48 -94
87137 60324 98 62
24348 2707 86 28
98635 11683 -98 -82
2348 54472 2 -36
35481 78063 -62 -70
9710 18271 -15 51
62661 55420 0 74
47972 35594 -29 -95
83363 36498 72 44
26253 76198 -83 26
12524 98247 77 -85
96078 21832 -7 -72
14534 17411 20 13
85762 54068 52 -12
59340 42160 20 -55
48351 77209 16 -82
79124 25871 -54 35
17993 33061 94 -92
51180 25491 94 55
19827 94473 55 40
3674 87500 -51 -24
76869 96653 -54 -17
66196 68567 89 -28
58443 660 -64 3
83495 18514 39 -50
36380 40733 -3 12
63137 77320 0 98
30439 59246 85 35
87561 56813 -53 -33
54366 18985 -58 0
90845 45669 -64 -90
23203 16675 15 59
27983 91501 -26 -11
26234 77342 47 23
74397 26068 -79 64
95487 94748 -3 -7
15048 23164 92 -4
23418 26637 45 26
10726 17851 -52 -34
85845 51367 24 -59
69921 50346 37 -23
34878 53412 89 11
26025 74693 -81 97
57939 84738 -44 28
7992 44068 -47 -43
63036 37584 30 95
21869 88844 17 -27
16528 83581 -46 44
29846 43820 -94 -21
24064 72180 23 -96
80995 99189 23 2
91898 34317 -46 -94
83309 10292 -96 81
24437 67176 5 -76
85978 74440 12 -43
66841 39320 -41 -87
57754 7390 -18 36
36655 47122 -87 100
3512 57769 91 45
71267 67754 -80 99
58848 80141 -22 -55
89662 48141 27 -39
27760 44014 -98 58
23660 5548 -76 -43
87353 66164 -94 -87
67079 92119 29 24
53003 60634 90 89
34943 74415 -43 45
17498 95376 34 60
7373 62070 76 -62
71067 10837 16 35
86185 85247 13 92
13837 97933 13 -9
42362 47061 -45 38
54368 41209 81 10
56551 42905 20 93
91433 6176 70 19
79117 71006 46 -83
9441 30301 7 -4
39387 28875 -11 -47
86420 91367 -28 -25
41975 53739 -57 -69
29648 1881 -52 51
20084 6371 -4 54
73973 84937 46 -36
10921 30612 -44 41
81267 49599 65 10
27108 6216 67 -54
64786 14471 -27 -96
66476 67966 85 -95
77959 69394 46 26
33842 72030 19 -68
65896 87408 -21 -78
73706 82561 72 -64
75645 71876 -27 -71
66344 16239 -36 95
45790 40366 69 -85
22205 9435 -98 -30
84566 2658 -36 22
77216 49093 81 12
11888 51115 -43 -54
82515 76318 -99 -40
20830 12834 73 76
73581 79643 0 -25
38874 93165 -30 95
56520 92663 -99 35
2688 9859 -68 7
67205 34467 2 -21
13341 6316 -63 -23
46879 76956 -58 20
82526 62459 33 46
71107 2815 46 -82
40678 41664 -69 87
76006 68505 -53 36
44351 58227 -44 42
23398 66979 62 -100
84065 66903 51 -95
44063 29436 -89 96
72502 42727 50 41
48155 97237 2 23
21980 21562 -66 -37
37570 83901 -11 -85
42555 32472 17 63
13313 88512 -64 -74
58733 68876 64 66
3375 80278 41 -74
49951 31225 -1 -63
39224 56668 68 77
71919 66125 86 -52
94415 73414 36 -6
26726 53316 40 98
51746 20136 -31 -60
62942 66575 -12 89
61577 52228 86 49
27614 88993 -7 48
89035 49749 -93 -48
40502 35319 47 -62
55229 28093 -15 -65
90361 50875 -14 -81
51874 92635 94 -53
947 94772 -1 -18
71509 99326 83 -60
13189 49179 -43 32
71657 79161 -57 60
19314 94344 42 9
48360 22496 -82 49
82949 6895 -43 -69
14618 2864 82 -51
66912 32893 -49 -76
84017 94716 -47 -45
63681 89526 -22 -85
71557 5457 5 46
63792 33739 -3 -75
18187 46034 50 -29
77047 1106 61 12
46798 6713 -3 -96
88300 99485 -50 69
70796 86002 46 -79
94427 53498 93 75
14634 70640 -9 54
18396 77746 -42 -18
5387 62594 14 -56
40722 48769 -24 81
45619 52099 -45 16
1272 34157 6 10
71152 45728 -28 -33
31252 94958 19 -88
18140 50314 51 -89
37272 99834 66 -55
86538 65927 -60 11
69831 80549 -96 81
97616 85399 40 99
44109 24854 15 20
78893 5958 -45 -7
88409 94061 -8 -98
28396 38827 26 22
59917 7543 83 90
98193 62827 -87 -8
60575 39428 3 82
21432 23821 -52 25
35440 84419 26 -34
30332 28767 99 59
83473 19533 5 55
18793 17690 -61 67
94902 60608 -11 66
58806 53747 -66 97
73766 6242 74 46
15238 15839 49 -43
35753 12167 28 95
62276 84145 55 -66
61769 82245 -94 -100
24991 99529 32 -60
75899 21138 8 70
75121 80247 99 94
65408 71521 80 -6
67684 65048 49 77
68532 8701 -15 64
84815 52411 51 45
44966 31683 41 3
94373 75972 70 -99
49431 25454 14 65
23810 8579 15 38
40025 87489 59 -32
6009 60613 -44 100
68657 74786 3 36
97195 64571 10 -17
913 66871 40 82
756 51034 -30 -28
35336 21282 74 -11
8306 86103 -40 4
99428 69966 -34 76
53830 87578 1 -96
36466 40605 -90 -16
17176 34785 95 42
37999 66996 -44 -81
40793 84178 -56 89
8066 35952 46 79
35554 18562 0 86
20763 79827 35 100
66038 75492 -91 44
48576 89297 1 32
54755 86629 -31 -45
8099 89311 69 23
19292 12683 1 81
35179 13353 -58 -35
37454 12421 89 -65
83327 32768 91 -77
95789 12055 -83 68
86892 4591 -86 95
75577 55461 -37 -68
85253 24717 31 -38
79112 99272 87 -27
3308 89082 -49 93
10734 55533 89 -63
82031 67688 -38 -41
51300 61857 74 -21
83568 89831 18 -66
75301 81468 45 86
59112 98381 82 -7
21760 87298 -43 -23
46965 92888 99 54
29378 59916 -66 -16
3562 18807 67 -7
27275 82839 54 37
45109 46073 12 8
28158 94467 -92 52
62062 60079 89 -47
5378 77009 82 76
20221 34446 -6 49
96897 89751 -96 98
40736 68681 -83 -27
36166 22000 24 60
84410 55832 -75 -34
9068 93717 -16 -79
76255 14219 -71 -49
16963 44320 -65 -97
67278 21158 -62 -9
29935 3591 91 67
59062 65619 60 98
4929 78743 84 -91
9017 10491 49 -53
17267 42602 98 51
5450 96108 78 52
43160 61355 -1 15
60985 2113 -15 39
71762 80378 93 56
49671 64473 25 0
59301 52448 -100 -60
60744 99531 -71 96
41 31132 -16 93
51305 27932 22 0
92312 63904 -34 23
6072 19804 -8 32
8999 71591 46 85
10490 57740 45 66
89655 79804 -68 -77
63867 83414 -22 14
62231 20977 -82 17
54275 94897 73 -58
73303 21639 -95 -61
28208 88330 11 79
4228 12261 52 89
64636 40602 -26 -68
65902 64635 83 28
62059 70567 12 26
23638 22638 -70 -21
23578 68143 -27 -77
83243 43895 34 -17
87094 69428 14 -65
76064 220 -55 -32
67564 26414 67 54
43121 8683 79 89
47724 7051 -30 -8
2989 50596 57 46
44849 14303 -71 85
6521 85161 -43 93
50954 5415 -85 -35
45774 23272 20 55
66318 4883 -15 48
