300 1000 10 30 100000
61085 99844 63 67
73732 92988 -63 55
80481 65102 5 22
88596 75951 0 -56
15652 1022 70 -87
98810 7696 -16 -10
49183 8930 95 -84
37508 46941 40 -25
49506 29184 -57 -38
88836 56472 56 -72
23956 9241 -89 -62
30371 8840 -47 62
15657 8109 94 16
36108 54913 16 7
69605 7359 -17 77
61142 16408 20 -1
4754 23907 66 62
66037 75128 52 -64
78649 20820 -2 86
21886 96199 -57 -65
34426 95296 21 30
93106 84312 -52 -8
59910 52474 58 -25
32520 84799 23 98
23073 88443 90 53
57774 39646 -7 -41
48889 15113 -22 -45
18502 34296 -87 58
98156 59583 -73 -46
62121 54892 -63 -11
83178 13630 17 96
44748 43889 -28 81
34745 16938 -68 -36
1797 23319 46 -79
74198 30179 75 -46
4702 42541 90 47
69921 85238 -54 90
20178 80495 -10 26
5613 53990 5 -41
2121 56035 9 -7
38275 51256 -4 45
96565 5005 -26 71
2877 52258 -93 33
52421 43599 -48 -79
19812 74386 33 -93
71313 63639 98 -59
77035 56880 -27 -67
57816 14084 62 -98
78153 4068 78 14
31939 96863 -13 14
92720 10230 -60 41
2112 70605 -91 37
6553 50729 11 96
56210 94016 -22 -72
11076 1143 31 71
81532 16630 -4 -32
21684 37355 -32 24
38723 41408 35 87
83634 84717 -63 86
81750 48859 -15 -73
46260 56033 18 89
72903 9388 -38 93
10349 87741 68 -76
60520 98372 94 -53
8655 33731 -54 78
4917 52394 29 58
8070 55285 -22 46
35717 62353 18 24
27453 95392 46 -23
55385 2839 -3 44
61684 8502 -10 17
96295 39958 -79 -16
32924 56072 -31 -47
95652 15596 -59 85
24118 46232 76 37
99594 66352 32 -55
42481 38185 41 -78
66314 59496 56 -95
55637 94972 22 -65
37228 77023 46 79
30609 72346 8 14
88895 77156 13 42
41974 76725 23 24
24996 8862 56 -65
7846 75850 -51 52
16071 59329 44 -39
19785 95768 -19 41
18740 20700 -25 -54
22762 44551 -37 7
61119 12779 -42 33
47033 66151 -54 4
54781 79122 86 21
10407 64078 0 0
4444 92680 -90 -60
95445 71232 26 60
20930 77732 79 -80
66727 97016 12 92
79015 77666 63 95
13430 38020 -89 -13
11470 63330 -75 -87
52022 95381 33 -17
64431 32650 7 -38
50860 6964 73 -79
6161 92914 -45 75
58741 52894 -65 -99
56583 28736 -85 18
86070 98444 34 -27
16811 12078 29 23
29777 50359 67 19
90368 74586 54 -79
90159 99764 5 18
77947 55437 -51 -19
76570 89897 55 -100
21803 20832 27 11
58640 70409 -69 16
62708 16708 97 -7
42048 25593 53 -97
21506 16721 -77 -44
91584 90606 81 63
47650 47980 -22 67
54152 35334 67 -69
65101 90968 -34 -35
99977 1583 41 -12
32383 58420 66 100
82470 71518 65 -93
54273 92853 86 -19
53912 36372 -76 -87
64532 30062 -46 -43
10478 31801 96 -86
41789 50941 1 23
40841 81588 73 88
60502 20279 -47 82
70601 21763 -63 -91
53061 89204 34 96
37395 92212 -41 79
6874 49476 85 7
9964 46134 36 65
92122 61492 11 -17
71935 89738 56 -68
8442 96646 87 15
85447 73812 34 -27
88911 73983 -66 90
58253 35059 -79 -84
17584 41892 79 -67
81955 59540 -85 -61
8104 38730 -35 -94
1557 77506 94 -34
96289 85552 39 -53
79719 33820 -18 95
3471 65698 92 41
67335 85003 24 57
40115 20900 19 77
6039 17260 100 -16
98955 90733 69 -64
53555 42758 22 -33
63332 40680 90 23
91044 61985 15 -28
14644 82842 93 -30
26425 23259 75 12
94379 75391 36 70
38492 9842 5 53
82732 66881 25 38
31925 85557 71 -15
67629 8666 -98 -6
80193 61212 -47 -14
93023 55339 13 -42
96283 96632 -64 -55
6826 79695 40 -92
21438 40128 -92 48
76730 63632 49 63
47712 55972 63 -87
86035 82967 71 63
86515 15067 19 -71
16698 53645 -3 43
87141 98075 -10 -56
47558 53910 -86 9
91806 55820 6 -67
80833 14093 -82 5
10793 38341 -88 -93
64712 90804 1 26
43519 99659 51 -33
81511 64595 -19 -66
77411 75996 -52 62
63039 69085 46 -74
24308 16806 -51 33
61482 64131 -72 89
4475 69785 43 -66
35026 11819 50 -95
10523 99662 -42 -41
92777 64464 100 -9
67685 90481 32 74
88834 25504 -44 14
90502 50048 -68 -84
26158 42913 45 -23
10718 29228 -99 -39
37990 61444 82 11
66498 48478 -97 34
50292 42071 -32 -99
32412 51442 100 -21
92940 1225 -73 92
18171 31271 25 -86
59995 12178 25 5
55005 65757 -37 -49
22666 90773 -95 16
65983 35829 87 73
5886 89688 31 -32
33675 35872 35 -23
78162 93803 37 15
108 33680 90 57
67972 23764 98 -29
46410 51139 -95 -85
96484 60008 -54 27
76938 23554 -99 -85
93845 88534 -62 -87
57866 93050 59 42
12055 88102 98 49
8853 15920 21 2
80337 70500 18 52
40516 10304 -55 -29
51014 31443 99 46
23297 35332 72 -53
99182 14323 62 -32
11715 73055 -96 -27
74847 66744 38 17
86772 20207 76 -77
36257 37170 -52 -35
45004 3416 -14 -42
44323 42492 73 -56
30171 20797 -33 56
66015 75843 -8 23
36556 23794 100 -84
31125 60170 -68 -36
47508 65702 -79 95
81669 89052 74 -17
27090 15360 -64 -23
17810 88096 15 54
32413 80830 86 -58
22420 29356 -77 -19
73744 26281 -94 -36
40526 52147 87 73
51676 24017 -60 -26
33582 91960 91 22
50906 46099 -41 -61
89651 75472 -63 -34
25614 622 -71 1
68268 26930 -73 -96
2007 3331 57 -100
91353 20081 24 77
75478 41465 -45 -37
22508 19924 91 51
30376 98742 60 42
815 41767 -41 -72
17235 58888 -60 -69
13117 78273 55 17
18574 98919 3 -41
3106 78601 3 -86
7341 27143 77 80
98698 68873 69 12
2180 97235 24 -71
10418 94769 10 -67
16051 32158 56 -6
72883 1445 -80 37
63228 65424 -26 61
91277 93454 14 42
9188 39117 70 94
17764 83349 -34 53
21192 78970 39 -29
61573 38001 -40 83
95203 98057 14 47
78411 58743 56 68
37794 67949 -84 -29
80263 36737 -81 44
25704 95292 -9 -39
51792 72180 -81 83
28790 87290 -61 19
14409 76263 34 -96
32269 96729 -97 12
99551 36468 -64 -55
33167 21110 -98 15
3250 21265 48 54
72386 11385 2 -75
35368 28941 11 -49
571 39125 -36 76
43654 61563 -84 -68
53670 80818 69 -41
68707 56689 -66 -79
95019 80842 -57 51
96627 64410 -60 -18
9318 19114 38 91
75972 16205 -100 47
35814 80925 48 73
13914 70530 -43 4
46601 53001 70 46
14337 69596 -4 5
85473 90157 -42 80
37853 18498 -16 78
8565 9099 -20 -48
59089 41567 67 55
77619 99688 -16 -54
28694 88072 -88 36
