300 1000 10 30 100000
49142 90034 31 -84
51015 82711 -52 22
10850 52257 -13 -73
17635 61381 -9 -20
51959 11820 93 80
42814 89990 79 -32
57107 56928 87 49
3603 89026 -73 -92
88793 92501 -31 100
98155 60268 73 -15
78010 46325 61 84
82391 84491 98 58
3156 4319 -42 11
41416 8954 50 55
9738 64330 53 -57
66037 39653 -91 91
85748 32986 -21 23
40860 1634 -96 -79
52372 1090 75 -17
84576 58146 61 -7
38295 77693 48 93
32513 45570 15 77
72591 54103 4 -80
63734 59099 -100 -45
27767 12220 -13 -83
37265 10590 53 8
46432 3456 49 -35
25341 31528 -40 -14
65674 75535 49 -23
77201 14582 -95 32
74784 30688 54 -83
8040 58010 -27 25
22791 52780 77 79
52029 51849 52 65
67742 50525 81 -25
12743 22296 60 -73
94166 3200 -27 48
4524 85931 53 59
76583 66675 -62 -34
27201 6469 -76 0
80517 7057 51 -78
60027 8266 -59 -32
94650 28546 -4 2
20432 47094 -37 33
73070 6759 -95 85
54730 36381 75 33
77814 20435 47 29
99613 50533 -18 -40
44148 79575 -38 23
24193 15496 -32 91
55873 63908 4 87
17171 92312 -70 88
49981 10204 -39 -100
79722 88793 46 -96
76940 43063 67 68
42173 36493 -87 -61
16821 65242 33 51
73378 95168 -28 -57
83491 74254 -19 8
4615 29482 96 -42
56058 98307 -45 75
90724 60526 0 -9
35966 67525 95 46
55666 68114 -65 73
33386 3121 -7 -10
99736 87485 33 -70
74503 25109 68 -1
32939 97873 6 34
39897 94854 70 -19
87788 17016 0 41
57203 19248 -75 4
68553 97758 69 10
99844 9416 86 -8
23436 22762 -72 -11
69436 30387 8 53
75932 37689 -89 100
70817 83816 80 -76
51498 2437 14 -61
64775 41399 66 19
70026 39340 -14 -46
86206 68524 80 68
69001 98291 -29 -55
78070 89356 -100 91
30901 67240 65 40
11616 10407 24 54
32183 57613 -86 11
5224 6240 -69 45
25767 27542 82 -96
11107 61471 -24 -85
36980 9908 -23 -77
380 43084 28 -14
78260 7432 13 -81
3942 37439 56 -49
34507 53287 12 -61
15317 39245 19 67
33606 74085 -23 -49
38861 11956 37 -12
17753 62933 54 2
24378 25924 81 -12
28143 34420 -83 8
91262 15446 67 -42
329 71166 -16 -7
6983 42497 18 31
52557 9656 6 -72
81065 46469 -73 -60
21106 47102 -9 37
75107 92965 -44 31
82095 12597 93 -70
86777 53423 76 90
90582 78615 50 -86
88415 92330 -33 94
23906 86223 49 60
38681 91975 -81 -100
91119 65536 -53 5
15990 83016 84 -81
56467 69024 12 44
83370 46605 28 12
67993 34257 -97 -24
43618 98541 73 73
68640 55769 2 57
95622 57468 84 34
4145 15673 10 42
37235 36707 -33 -79
61133 11034 -72 87
13806 37418 97 -22
75887 67348 38 -92
62499 94597 -41 -49
24985 10921 47 -69
5419 67064 1 -97
5515 64555 33 10
15229 96704 -29 83
79581 48104 83 44
58012 68374 -24 -18
18533 74024 -58 -26
37604 89059 -96 8
88638 38919 -71 38
2848 68450 1 -57
4162 33323 -48 20
36388 84094 66 -90
87931 38615 -100 57
96732 78771 -44 -67
21479 43046 -9 -35
86163 37026 -3 42
17898 83353 6 65
49345 59054 69 -67
54155 20126 50 -4
80117 56605 13 42
1018 9245 -70 16
56369 95367 -3 -70
92648 87369 49 -74
12748 83869 -90 -17
29048 93149 -14 87
94281 11531 -7 -65
71530 82755 -38 -38
7794 27099 67 32
91651 28158 -59 24
48914 17044 -68 -25
46513 10988 -57 -91
5435 41509 80 -36
40025 74979 66 52
68048 55063 29 9
19527 76412 62 68
12197 22684 -57 86
29911 26411 62 46
54286 23245 -8 -61
59751 268 -19 31
59600 29145 45 -25
89823 97273 35 -36
59468 87729 15 -15
39049 646 -5 47
21332 8572 11 76
29349 98382 -74 77
73590 17370 -75 19
58074 27851 -3 -57
14210 42529 14 -25
68167 58566 -32 39
65540 41768 41 81
71879 46308 -43 20
4092 23236 -11 88
52177 96411 -11 -95
33746 65281 52 -3
60221 7685 -31 1
71495 5750 -45 -11
72829 83360 -61 39
44169 70202 20 1
64978 81908 -22 -49
29228 90784 -29 -72
18933 28940 50 1
77387 53925 45 95
10656 91323 49 37
15719 86510 -57 -75
64476 95853 -9 -10
75418 96292 -74 79
22158 1802 -67 -83
74417 97804 89 -87
15345 75030 82 -17
33573 44737 -8 -60
48003 23837 4 -79
28978 25106 -41 -68
41782 14138 -46 -81
44444 35580 84 -72
99771 13605 63 82
42285 85360 8 -84
63003 9335 99 21
21278 32025 54 -92
94097 85490 -60 -2
44857 95906 -88 -72
46707 30332 7 -68
70781 85249 10 -55
56255 56784 -22 66
6313 56629 63 24
45881 21618 93 -87
74934 99416 41 -93
89313 16579 13 -31
78135 81716 88 -24
74915 58131 -20 7
65430 72716 40 -43
17720 71213 36 -78
69257 91031 64 52
28224 78588 -43 2
66582 72307 91 -88
27471 74550 -67 68
85930 64304 -26 56
76536 49698 63 -70
92064 90766 44 38
83100 11836 14 3
47842 48437 -23 11
86581 87018 -4 -51
59276 90807 48 13
41848 96736 35 9
6024 41016 -97 -25
12128 83222 3 35
96705 44684 86 75
93327 21715 61 -12
76045 88123 17 100
84196 69665 -71 -22
95119 95756 -50 -67
64128 59155 -50 -12
67377 23382 -47 -86
31266 56598 87 -99
79497 89093 -4 -69
91878 87878 31 -96
49098 8223 75 29
21680 80132 -87 -40
22486 49939 -61 10
45649 6504 -78 12
67012 46949 27 -39
26051 80452 -52 78
98994 70351 -33 -31
53316 82204 -18 -26
4190 70425 -11 -6
45022 2854 -64 -90
81866 517 -14 -11
14891 54007 88 55
57491 76640 28 -11
62228 93154 -71 94
90762 90230 -93 -19
99598 16319 -83 13
1967 40325 35 11
17988 76352 3 -16
13348 31663 20 -82
94343 25886 52 -56
36240 37904 -58 -33
7847 63911 58 88
44313 24463 -79 59
9820 95147 3 85
74768 30649 -37 -7
43692 72224 32 75
21628 53293 -53 -10
13223 28026 19 0
30444 60955 33 -39
47083 34069 69 -47
65985 87919 -84 -81
11900 9169 28 -51
85457 41413 61 -47
2485 47160 -60 22
77343 63843 -75 -78
30368 41040 44 -22
97965 23255 68 54
44071 44365 49 -41
60304 49077 24 -4
95045 7014 -74 -95
57580 31523 36 89
48997 42757 84 14
98113 58255 16 100
6700 86267 8 -58
62157 47211 -1 -43
28222 14714 78 67
94669 95991 -65 -44
67 8283 -41 -27
31439 29567 -81 98
76808 67071 -49 99
66652 7057 -96 93
61073 68499 52 -2
48628 54995 -31 35
83198 64322 -20 -81
65751 41101 -89 51
80918 89776 59 -65
65776 39435 -57 -8
15113 67114 -27 18
