300 1000 10 30 100000
2333 95138 -43 -63
49067 82416 40 99
41914 97316 -15 -16
71125 39510 10 -90
76466 48157 -88 -86
52801 35557 86 100
64143 94015 93 54
10025 15607 54 -35
36460 49520 -43 -45
44524 45021 -71 1
43413 51596 -8 48
93628 17625 67 83
13073 608 -67 -83
71111 19602 -5 -99
75102 32028 -12 68
3364 30357 -18 3
6243 88549 83 82
51666 22169 -26 -92
66125 66418 50 31
52098 34300 51 -19
81469 54748 65 90
75379 22729 15 -41
90374 50577 40 8
66148 89201 -22 77
10199 38114 19 5
65932 2409 -5 38
52114 40100 -13 85
89216 1360 -74 -97
15530 14305 14 -97
50153 60085 63 53
92154 21769 -23 73
79571 76139 -65 73
77707 45804 -77 -61
55558 95762 2 96
52510 92471 -54 -11
86113 9078 -99 83
57050 44657 87 37
63716 75343 -61 -41
47518 80216 51 52
28853 20290 57 -60
88998 31973 -3 54
34985 92312 -91 -100
98542 92388 -33 30
18949 32366 72 95
84211 11153 85 -91
21046 55946 -81 -50
88568 53210 42 33
62658 51114 -12 6
42892 97674 -17 -21
44801 61179 -1 54
52317 65024 -65 -16
61498 98410 64 -79
17687 88015 -45 13
2505 5532 -11 -88
50094 94372 -8 -83
37488 35675 76 51
75267 22156 -70 80
80113 77612 20 6
82633 59386 -11 -82
16548 35200 44 14
34078 87551 -93 -77
45525 56818 37 -16
77388 51841 78 -69
91891 65594 47 10
37492 45460 -40 -24
91091 48995 -66 12
65771 31267 -8 18
82104 47829 33 -56
47629 65611 29 77
57880 69456 -8 -40
87385 69059 -61 70
49896 57753 -65 30
75868 39201 70 -56
75668 67972 53 93
20706 2587 -92 82
24097 88952 34 -59
39981 12280 85 27
83916 70797 53 28
20200 43618 60 -68
17101 54832 -74 -8
82573 65585 11 -42
45934 26005 22 -64
40488 50091 40 -55
45070 11743 85 -10
9099 57747 25 -82
44855 90776 -67 24
16882 18768 -100 34
62054 25345 -56 18
99723 52951 -86 61
4867 11372 5 -78
79862 47149 19 90
1058 74501 36 -67
50813 84944 45 92
90882 68697 -79 -92
89841 40961 21 -22
92413 39920 85 -32
22935 86288 64 -47
16206 81170 -11 -29
73656 79278 61 -67
34000 67236 -63 22
2983 22317 75 44
38217 6100 -66 -40
81189 9211 -30 -59
18861 34705 35 93
5263 51122 -82 -2
77378 9720 -87 -88
88930 4730 -46 90
72698 3595 -77 -25
5693 76331 13 -7
72648 89619 -29 38
15543 48057 88 63
52253 16117 -26 -21
27021 70210 33 48
38298 11716 -54 95
3848 41835 48 20
25945 68151 -38 77
52498 81532 -39 -44
25738 60473 89 90
35092 57584 -87 77
17758 70989 63 -22
80374 44604 80 -36
55618 99396 -25 72
39180 41910 96 74
17987 49797 -10 8
28538 38970 50 67
57908 52868 57 11
94814 19381 -51 -79
19251 55491 63 -100
1919 46872 -64 -17
45378 91845 40 -87
96426 65145 -52 86
24134 56758 97 -23
24556 57149 -98 -84
98745 61550 40 -73
8371 90519 94 -34
87802 81356 52 -49
39143 79360 -26 -91
30084 55595 33 -53
97757 82253 92 -6
10067 58303 -68 -62
4498 28632 -66 -44
7641 98526 14 -54
30880 95417 -33 92
58255 94442 -81 -50
13033 40113 76 20
66896 61995 -49 -93
10926 302 56 -69
46002 67854 4 3
69829 14338 25 40
50352 50049 41 66
54083 48408 -3 -3
63314 65990 89 -46
54326 45720 -46 61
81745 9691 -24 -26
21812 30680 -84 -23
81692 85703 76 21
48342 73106 44 -52
28771 8192 -14 -10
71266 95156 -80 29
13696 16857 -22 52
8619 84456 -70 98
25312 16843 -22 -68
68877 27097 -51 -68
92019 25451 -34 50
58834 66850 -95 79
97285 60877 87 -34
44887 70877 92 0
9253 66071 63 -92
29553 6501 -37 -64
92581 38882 6 66
82497 6564 -16 76
59016 18087 45 -36
15226 47082 -55 -79
98830 93139 55 94
90960 72671 7 -47
29062 65446 79 24
61723 47715 -8 97
71486 80839 93 50
74384 89064 -2 -13
2701 2089 72 -23
46277 48447 -36 4
87080 30004 -4 -62
45538 70464 34 95
51661 49590 34 42
85105 12146 76 -71
50901 83540 -92 -87
53093 40883 -26 46
12542 35057 91 -30
71254 38522 -49 26
43176 84525 29 -80
147 8613 68 92
76953 81197 -40 -86
42148 98549 53 -42
57718 78505 5 46
73503 26642 -27 -62
57878 60436 -71 49
28049 43933 13 -81
3459 57824 -29 6
43767 53709 37 26
8596 36237 53 -15
77119 70589 -87 3
51989 79177 98 49
73754 15933 23 41
83996 16075 63 76
51408 98039 -90 -51
5249 39158 20 96
36465 6309 97 32
34719 39808 39 -30
6044 67455 37 91
25963 99227 73 -68
28284 98158 49 66
57849 46317 -47 -67
70711 50298 61 85
51006 10776 -78 -40
28789 50527 63 -94
88340 20685 70 -42
59285 86205 -49 -39
86723 12449 6 -37
12777 2447 83 67
24122 38434 33 76
83665 75675 40 50
15708 65662 -40 -87
1007 23284 15 49
99438 90897 56 -64
86688 92975 -82 -26
69479 23556 75 -76
16063 92474 51 21
88460 26891 -8 88
32858 35582 -58 83
40881 59270 -23 22
9715 99159 -82 -14
15451 7833 -74 14
51693 15224 54 3
35897 20029 51 -84
71388 22286 -34 -60
16574 16946 26 3
87162 68210 74 3
87039 95653 -99 68
30125 81495 -53 -50
83196 53098 9 -59
48041 17983 -36 54
10958 29622 11 0
4618 56225 45 62
76366 79634 41 -72
44001 43646 -68 -44
40683 87419 -62 -60
50964 79966 36 -11
90412 54246 80 -40
73362 52730 64 -10
80039 27764 3 -50
74667 96299 -100 29
49563 11062 -96 34
92296 71592 99 -48
2480 63068 -54 -2
23106 98942 40 -20
92092 46907 74 12
30831 49555 15 6
85713 90255 -27 -38
28871 17933 -40 54
48597 6235 68 6
25080 67148 17 -75
89802 59985 26 -28
8470 83794 -31 57
15227 64240 40 -98
24916 15506 83 57
8831 40315 58 -67
95558 30154 -75 -92
12996 63641 -31 -22
59263 91746 96 77
59913 18528 28 -17
64936 11291 -44 -10
14278 5812 -97 72
51489 16137 -47 69
82285 65867 95 -36
234 4738 -13 -60
9821 3384 -22 -68
538 86398 -65 41
52704 38756 -9 85
80881 57044 32 -70
74115 74551 57 66
23035 11533 -53 -21
48507 50805 -63 -38
67835 91546 -99 -8
94519 17632 -25 -33
82917 29838 74 66
38863 74041 -24 51
6412 26550 59 -62
8738 70078 -28 -77
57051 769 86 -6
45761 97305 22 17
93112 28562 73 -39
97426 82143 69 -52
89697 22544 29 69
6314 38732 22 92
65013 75166 57 9
17328 71087 -65 -3
68734 94086 -85 9
12852 8455 83 -99
67381 35280 -76 -22
62989 56 31 46
