300 1000 10 30 100000
38481 49637 34 81
16067 25680 -41 -52
95455 1009 12 -53
53597 76046 -91 59
72166 41905 -85 -89
78647 39758 -44 61
91456 32778 -84 95
97578 85677 23 33
32289 47083 84 3
57630 21427 67 -37
63988 73635 93 -40
76014 92062 -58 68
31767 54719 68 93
33957 58797 -5 -85
59028 83341 -64 66
81990 80668 2 42
2422 20888 -70 77
92354 36807 -24 -51
19384 70589 -49 5
83347 81884 -94 29
8445 75453 86 -89
32108 56328 51 64
19776 50936 -58 76
31961 10661 -92 67
23051 42780 53 44
4150 28124 44 44
42588 46915 -66 10
2676 93022 20 16
83309 19810 -75 29
5552 25610 62 41
80451 555 -72 -53
75281 17608 -85 50
57352 37908 35 95
87677 30286 61 90
32913 12170 37 -15
29991 21893 70 72
96680 3157 90 -62
11471 29616 -50 -45
71748 62780 14 36
60176 44118 -20 52
52496 32241 3 -20
12185 70208 -6 37
51211 46878 -78 -30
61292 81751 22 85
74683 88474 77 -3
96998 93378 85 11
87128 13707 -17 72
24133 78586 73 40
82543 68438 -66 -73
1991 34999 98 -1
22167 57432 -55 54
49029 97883 -71 78
85847 13795 27 -19
81588 8459 66 -18
26609 56241 26 -70
90649 78376 8 42
89035 74018 -11 -27
18722 63118 -92 60
18619 5312 -55 7
26423 30923 -89 53
73392 67806 -51 39
48486 92177 26 64
20619 1845 -72 5
15401 25606 11 74
13047 36597 -2 -64
39097 93217 83 -75
51796 11354 67 -57
99237 99236 -40 -44
35317 538 -36 -45
9819 71772 44 -18
61418 90975 -97 48
33422 7421 -76 -7
7949 39737 87 -79
20995 448 -10 72
97504 80907 -56 -8
11308 78085 -92 11
68814 93198 21 -78
98968 32319 46 -81
93986 69030 50 -51
95346 6714 -20 40
77447 74572 80 31
72619 75703 -57 74
65160 32845 -47 12
47453 20155 -45 44
19851 90011 -1 -41
78529 79241 8 -98
63100 98564 19 -60
64711 92564 75 -97
67196 6782 47 28
15186 2202 6 76
656 75439 62 69
50476 77218 -53 -11
8689 85901 47 6
46270 43093 81 -71
74853 90672 -79 0
95057 11247 83 23
73860 93306 4 -83
51317 81102 74 -24
86415 48460 34 16
59797 88269 -86 -16
90945 19923 86 -68
4296 35733 -46 99
99635 52347 -21 65
47208 18863 -21 -49
92471 14249 -56 -93
36414 85269 85 -83
48292 69 -33 45
44658 66787 -88 79
71231 74569 10 -56
52457 56623 30 93
51622 58059 -34 0
60097 76334 -42 25
99474 15887 -44 -83
24710 33671 -42 -70
71952 51574 25 -10
33281 32204 61 -67
39667 83764 43 -56
12942 92942 -1 -84
67985 46544 100 -6
94134 60704 -71 -52
57982 58640 -86 -79
15513 14671 -78 41
70496 9192 -63 -56
76744 39205 0 39
99853 96479 26 32
47215 4050 30 -6
31029 40522 50 -23
41520 20389 0 -79
31248 37916 -78 79
47794 68266 14 -25
74540 53802 88 3
58972 27680 66 18
7208 85431 59 13
6678 49805 20 -90
8600 20551 77 -14
73518 70768 -25 -60
93767 31357 1 -51
37549 46507 98 58
14812 53295 -78 10
52214 27275 96 35
44669 67646 -95 46
45296 32864 -81 84
9477 21703 -79 -41
50740 59158 41 37
21258 86353 -6 -46
23224 95312 20 -57
68889 48065 38 61
91332 31753 -40 98
84150 99710 28 31
91883 57217 -66 -19
28100 13435 -97 -98
39637 66408 70 88
24235 91503 -25 25
19668 92876 -55 6
94378 77318 1 15
2095 77208 51 86
47127 65482 -56 -29
26043 11975 -20 -96
42103 98100 94 63
32277 23148 -42 -78
58027 46725 97 20
71682 59207 63 68
16056 59804 12 14
84307 95843 -82 34
56446 72863 91 90
79349 97150 -93 12
48513 93859 63 -55
56979 9475 -87 90
86213 19800 98 -42
2363 23816 91 -42
64432 4723 54 92
51315 23485 18 -79
64297 56414 -20 -64
16453 73388 -13 4
53969 87275 46 -10
74750 27242 -53 -10
61870 87726 -48 67
90947 34099 53 68
67079 6350 -50 -43
33973 48180 47 -32
73741 23996 93 -76
74159 40777 -8 -70
1851 14404 -27 -46
82307 1956 -24 72
83287 74036 8 -46
36220 40956 -1 -49
15791 94565 -8 -95
28456 79954 -74 49
27867 64955 -15 53
3425 28051 -69 -26
60489 71772 -51 -52
38083 10135 -73 -5
69950 88308 -88 -77
64420 51374 -39 -77
55960 47972 -69 -99
95417 52128 8 -1
67488 75306 81 -100
40776 11322 -81 74
94474 60010 86 77
68770 99466 -46 89
86206 3724 67 -17
92989 29705 -13 -31
11511 47645 -1 93
59142 7541 -32 -88
92057 95018 -61 37
45888 55748 20 35
22166 91608 15 84
42596 32553 55 -11
96586 95544 91 80
15920 42372 -11 29
12828 95589 -65 -23
5073 11003 12 -86
55369 42936 -36 -84
31352 8603 -8 69
94574 20032 -39 -74
28786 49930 -13 -26
21169 50567 -43 93
23741 39226 50 69
4242 29070 -61 86
56357 36381 -94 100
14194 31310 63 -7
31961 56947 -80 -3
67669 65217 33 -57
62789 68790 -54 73
64290 25012 39 95
93092 80555 -21 -9
71261 74721 -94 19
48812 86662 -40 -70
93572 66194 -76 -25
89051 10743 -81 -5
87560 56823 66 -4
75336 83053 -47 -63
30451 18793 21 -26
76242 78030 57 -75
54634 21327 -82 -12
1751 6165 17 -65
1726 95645 -89 -64
46676 55379 91 -15
50507 31720 94 44
95930 32258 21 70
93430 7279 90 -5
85611 37886 -41 -44
19750 55662 50 -70
60684 94979 93 -59
46889 58515 11 22
34542 35032 -18 -94
21079 97150 -78 20
18317 52538 -100 -51
10531 12600 17 -84
59030 77963 -52 -95
98518 52742 46 90
3860 37893 60 61
59705 95407 10 82
54545 38084 77 -7
50526 7208 85 -6
89782 81148 -26 82
59479 81256 -18 80
62471 48965 78 -69
75061 89812 -9 45
1506 69050 -46 -15
29687 87792 10 -54
59631 42566 -20 69
43040 42732 -14 40
23462 61762 -59 -66
89776 73513 21 65
45372 20051 -14 60
38285 89426 -54 -98
78076 51543 64 -45
45514 67113 3 -63
5349 34274 5 -80
98936 12615 -76 41
233 40336 -19 -31
88450 52928 33 6
4658 90393 -56 14
54916 92688 -72 97
86901 42342 12 -89
47910 91519 11 -86
38705 36522 -87 52
46739 21210 94 -29
26906 38122 88 -19
86918 35340 55 88
79278 14555 -39 67
98013 97879 -13 -97
89882 88477 -22 53
16688 50317 -95 -74
14784 64933 -63 52
48178 85278 -38 -78
23882 6679 -93 -7
73733 96910 74 86
60005 72896 54 62
937 86568 81 76
22807 86612 -81 -47
82445 37921 60 -67
6277 29824 8 -80
62366 15418 -44 -20
59794 85540 72 -75
6338 30233 -36 -79
18630 48023 -100 -31
97748 35787 -26 42
31900 36623 -54 91
