300 1000 10 30 100000
2798 44474 25 59
21153 47206 -3 12
94233 33184 67 67
53487 96972 18 -45
94073 13819 -80 62
96608 29531 -20 44
66116 21680 -69 26
99991 93961 50 -61
76459 37885 -69 -50
61076 2515 -89 20
32942 52555 -99 58
49460 17382 -57 21
74460 36052 -64 71
3290 87645 -23 94
44948 90867 94 -76
85228 25028 84 -3
71644 86634 -74 7
69742 9682 -62 -38
47802 8497 41 88
98827 71245 97 67
74012 89898 -28 -48
53697 21722 30 87
48245 67102 -54 -83
83736 32510 74 75
22505 83222 -38 -42
60026 50623 -21 9
9532 80603 6 -70
15863 35569 45 -85
35331 52502 -83 -2
14917 4723 -52 -27
82526 9604 100 -18
99548 18181 37 -80
45192 57875 -41 0
62291 32128 52 -99
271 20965 -41 -35
43045 3319 -25 1
2691 43565 47 -28
87106 56623 -24 85
4487 99631 10 -57
29541 5661 -17 50
44264 44141 -10 19
84695 44395 75 8
2155 73725 5 9
59914 74315 37 -2
87499 66568 95 -25
83934 23706 87 58
86941 35853 -56 -72
14650 43228 46 34
4093 16293 96 48
30546 14199 -93 37
97723 78199 98 60
68779 99579 22 -22
98271 33391 94 -29
99871 82606 -36 28
85592 65322 56 -68
78005 75041 -77 -10
29285 40580 -33 -24
87933 9767 -84 -77
83330 8582 -76 19
17697 78726 11 90
31596 87739 6 17
24865 30747 -33 -87
37780 10163 97 -26
40400 46955 65 59
33384 12219 -32 -43
84310 19954 -81 47
19384 24069 -10 78
87581 35378 -35 -59
43948 69641 15 33
65543 531 29 21
56880 75165 64 -70
64336 83032 -20 14
2341 96500 -89 76
67732 97584 -51 -89
1729 70569 86 41
22583 85951 -92 16
2985 99963 9 89
69650 45162 81 -74
56267 45297 54 91
1083 52536 83 41
54343 54674 82 1
41857 38324 -85 16
5004 26257 -7 62
94161 99478 95 42
99216 42637 64 -13
7388 98253 13 33
61431 21821 -4 35
7082 22463 51 -82
97774 75751 -21 -38
54987 38654 1 60
8171 85142 52 -8
27927 1817 -4 38
69711 30373 -4 -61
82329 5837 84 -75
79351 81696 53 -6
68993 88430 -20 -19
89527 21457 3 100
3336 31965 -69 53
87938 7816 -30 58
90451 73250 -91 -86
8863 39401 -95 70
94925 36312 1 -76
84596 47001 100 45
54415 72782 -53 31
63055 40853 43 -35
12003 17055 -2 83
70847 28277 -42 29
7686 43659 -62 -6
53701 4297 -21 -10
16030 91330 85 66
55919 40406 86 -40
71698 91883 70 -64
3761 79379 73 -81
61397 31414 -9 8
21145 55212 -3 46
29453 23202 -49 29
55307 97654 40 5
32730 98723 58 -100
68510 35392 53 98
76142 80641 30 84
88514 42930 -85 -13
36334 68862 -73 -92
93385 33210 84 96
32913 47279 43 61
87224 3097 79 98
85655 76159 10 82
67965 50886 25 78
27553 8618 -93 -27
25285 90215 72 -50
80769 22230 -55 16
66799 86076 31 -50
42972 43675 -87 -46
60576 14806 -29 -14
43082 43505 -90 -67
80367 79186 -64 21
35220 11975 53 73
1175 43954 35 -39
48451 63875 98 -20
93508 90147 -12 -90
11119 11496 18 -44
55971 64402 -42 23
41544 21471 29 -33
24276 27283 29 -39
4388 37487 6 -24
52137 72774 -18 20
593 55990 -45 -72
72267 5072 -97 -11
12279 47773 -68 71
23498 69162 4 -81
83703 94889 69 35
87794 53051 -88 -2
3320 87786 75 -37
69811 41884 -2 95
8796 30943 36 -61
24326 15568 54 -78
87747 79441 1 -37
99162 53756 68 -37
17047 81494 -26 100
9956 95991 83 -30
14354 70976 -63 -67
25354 11002 -79 -7
38387 48222 30 76
27984 7932 61 11
9636 8550 -46 77
82976 7272 5 -10
91257 76801 11 -15
52807 62271 -75 41
95805 13199 0 -76
85206 54228 82 -39
79917 44020 42 17
55523 69315 43 8
63102 19032 -36 99
68790 82766 48 -68
65853 36905 90 -30
18623 12209 47 49
23547 9883 45 -44
27812 543 -35 -100
29049 20163 96 15
24726 11239 -23 -79
74112 42493 -98 -98
42244 11034 70 -55
48569 25090 -42 -95
44620 24378 -34 52
91835 27499 57 -66
9573 90501 8 74
61918 14711 56 0
4275 43984 -55 99
17695 74190 48 60
28458 71049 -66 -54
21457 11147 -61 33
99325 5459 72 -6
27039 79478 44 64
46942 16581 53 87
12267 62425 -47 26
3422 81130 44 -37
91885 47491 -69 -64
10685 9044 -63 -14
34073 11127 73 68
77770 77714 -90 -73
97830 32384 -66 -83
46118 6018 -4 79
94590 90691 -48 -92
16230 38425 -63 -5
45471 86962 93 74
15239 98196 -4 -26
36207 18495 -55 -64
37505 24064 -28 -34
36163 62727 75 -99
33429 2051 -94 -47
92135 58775 18 -54
91931 21290 64 51
99505 92667 4 -96
13406 93355 -59 -78
80001 16081 74 17
61787 50384 -86 -85
6398 3094 76 46
88214 82212 83 -91
56890 94237 2 29
24741 8928 45 72
85950 92969 11 51
42412 86079 -12 61
80964 71397 21 71
18704 8137 57 78
77577 39007 85 -30
45339 86353 -92 54
22611 17563 58 -90
1844 92808 33 76
17619 50637 59 46
17013 70348 -63 20
41876 98383 -72 96
81128 78851 -13 -75
32104 93055 65 80
60027 88964 -26 -90
93820 18665 3 -38
48613 41748 -65 -11
80107 39404 -31 -98
98795 18335 -39 -96
53419 83048 -67 82
28179 10940 -29 35
59669 81246 -93 -55
65239 15069 13 -36
32413 82398 -79 60
53186 73524 71 -64
85413 86588 66 -87
9625 17918 -64 61
50339 19407 47 -96
50713 74335 -62 -56
83499 82492 92 -39
71227 44078 98 99
33272 20931 68 3
66726 69444 -21 -39
77102 34985 -57 93
85442 27489 92 30
31197 80237 92 -86
80282 20159 89 96
77865 9051 39 56
87787 15827 24 -28
54009 64974 76 -60
29366 98987 100 20
65400 88226 -59 39
99009 71372 37 -23
30181 7205 -13 32
89858 92598 -52 87
77112 43462 -54 -57
74924 55344 -35 89
72135 7358 50 -39
86638 10085 50 88
10916 96469 -32 89
87564 25514 -27 -71
99683 10138 -17 -15
97010 64860 -99 -47
96945 34886 -60 -81
64860 88488 -72 35
26007 47784 -92 -58
22068 15223 68 4
80038 51498 35 -41
94226 16332 -5 -81
57201 41427 -1 35
20631 12972 69 48
20558 73044 -98 25
51510 75401 30 73
36928 92280 7 8
88635 79794 -87 62
62412 92337 66 93
88918 43734 27 25
57563 42726 95 78
87347 90660 82 72
93292 76535 17 57
61259 36749 -63 31
24804 39968 52 -50
38548 65634 -46 37
66111 26388 -70 -53
17452 69999 -69 -3
7574 19685 -25 13
51996 61417 -87 -53
65006 80768 38 93
61857 98655 10 31
88195 97152 23 -39
73712 70982 -8 8
63474 73660 54 -86
