300 1000 10 30 100000
29979 28900 72 -99
19075 60828 -20 10
53396 54919 -58 22
84872 98836 50 -89
78994 25656 -42 37
60781 77887 4 -65
5339 62715 86 88
47830 84658 68 -60
11963 54778 93 43
57186 68160 44 89
75715 3114 82 20
72040 46721 94 -97
52593 48054 59 65
75254 27392 87 -46
165 23280 -67 68
6824 11718 -57 74
19198 1674 -50 49
99860 90037 2 57
39667 64917 67 -53
34163 78223 87 -29
95526 56213 48 -76
32156 97108 -86 -85
36894 84715 -52 67
14878 83899 71 71
49040 29408 -20 10
17154 5547 16 94
29132 90655 42 -38
3966 42486 -14 14
62004 67982 35 48
68428 75001 -34 -60
95897 26184 88 -33
81453 66085 -5 -65
58489 99816 74 3
46822 77154 20 -38
16948 92465 22 4
24023 30888 -93 88
69308 84081 -53 -88
28069 37181 20 -42
30272 29613 -71 -42
40044 4313 -21 -77
27253 79237 82 46
87252 10825 80 -47
41588 23735 -5 -82
31688 8898 -16 -73
8977 75034 -41 64
2374 20085 -51 -96
8307 56848 -36 -68
52929 42377 -91 78
47430 25257 57 -47
84380 58424 7 90
52627 93999 59 -92
62540 71704 24 -12
84316 23364 -88 82
9254 43307 12 32
50234 72284 -42 -58
14612 6344 0 -67
43865 32290 98 -87
28445 17543 18 -87
41021 52647 52 -34
27902 8010 -50 -18
81528 93895 52 89
4084 38933 -1 -18
51045 7221 -65 19
76301 26801 -9 32
25579 57401 2 -9
33179 78494 -66 -38
71496 9945 34 -56
39171 66616 -64 45
63455 78426 -26 35
84217 98455 19 69
7931 87711 -71 -48
5364 98827 6 -38
26153 76150 53 -14
71864 13360 4 23
26098 79825 84 -45
57324 375 -46 16
5546 15012 -66 -4
35100 55771 36 -72
1096 73094 37 24
47368 2982 -36 -1
62433 34323 -73 27
83101 99981 -61 -36
8225 12257 43 83
56204 54006 -43 -76
46468 65462 67 43
55701 22895 87 37
85016 52604 -33 99
19613 90072 30 89
46976 6276 -2 -50
23699 54178 -60 16
81237 40415 16 80
89605 58452 -76 44
86422 20867 -30 25
27817 75559 35 -5
8046 87609 -98 -23
20214 82028 -22 -83
63398 82853 -19 -87
47833 85868 -17 -61
92755 56950 52 2
45524 32914 43 -49
57599 53132 -42 87
79462 61498 -13 -99
50751 55749 -65 -35
49230 54687 -20 79
77666 15737 72 -87
64845 1246 36 22
25501 95279 -100 49
64775 54608 -31 18
17753 47207 52 94
43501 15571 20 -28
45418 7259 81 -59
37653 9756 -18 84
24027 36612 72 -83
95811 73716 -44 32
18637 18419 66 -100
95074 73407 44 -96
79187 50646 69 -57
55130 50483 80 38
58083 77633 56 -99
91050 62501 16 85
38874 98087 -61 56
27311 35978 21 -28
80337 95313 87 10
1118 46647 53 27
61743 63119 42 -75
32757 1629 -39 92
81243 84682 74 -51
65927 64097 -29 -20
54471 65939 -59 -16
80330 16306 -56 84
11811 57055 -26 75
80846 64372 -43 -34
28695 74147 -10 59
49194 15427 4 29
98576 70238 96 -28
28372 17890 58 84
32792 63078 -51 -24
32550 88988 80 -87
17679 12068 87 -43
14745 65228 27 -10
86665 59156 73 23
2814 55853 -36 1
24362 57902 94 -77
91721 7573 -9 -35
73546 84236 -29 91
10055 97735 -68 -72
18594 9064 -51 19
2228 47627 37 -12
95253 6580 4 56
19371 70228 57 55
7364 95985 92 -6
36698 92672 -88 91
94303 59753 36 89
81366 33316 -29 3
35406 29811 -55 -96
18794 3067 28 66
41374 5310 87 -53
4371 33824 32 57
74954 43033 24 -52
39122 97167 66 -76
90641 33654 -18 56
31101 79285 -47 71
39551 86877 -98 57
38838 21997 -69 -18
80878 83890 27 31
38850 76020 84 -84
2853 65370 -43 6
9143 23921 -62 88
26878 73115 -42 -42
29830 37437 71 -19
15099 46077 -67 -71
48791 50289 -45 -74
76348 80324 -6 -98
38504 78456 7 -4
74463 96082 -82 -82
78698 53257 34 25
61992 263 -24 89
16967 96497 57 21
66236 96726 -96 -19
6985 73564 63 78
65461 20174 -58 -12
63449 27252 67 79
27735 41238 -81 -38
57925 19145 61 38
94312 99935 67 -9
90343 14796 -64 67
61917 20305 54 57
98316 98077 -6 31
72164 59388 9 39
53602 37341 -94 -19
41503 74544 9 -78
95182 4337 46 -76
49757 75025 -86 50
23395 6318 -28 80
13830 1361 -86 -100
69728 63094 50 93
74472 67908 -97 -35
22797 72950 2 -38
46432 81148 51 34
85786 74500 -61 -34
92914 48670 -79 11
30418 98627 62 -8
61390 56952 83 4
89021 47184 54 -6
98139 35664 19 -43
48004 56381 29 57
42430 56068 88 -74
49674 2971 -52 -32
61248 97350 5 6
70003 2820 32 -36
83573 74247 -86 -28
25173 44719 -24 75
44592 77010 52 18
30519 85718 47 95
34257 96921 100 84
94398 63096 -75 -49
38770 68635 -1 -76
26231 28992 11 -70
26915 47330 -58 26
79391 74928 21 -25
74445 90315 40 -47
17773 68067 -36 -80
59357 39246 -52 4
919 80376 -92 61
25187 60953 82 35
99229 70333 19 85
44209 76826 29 -62
90902 60542 43 24
28182 57643 11 39
27495 62878 46 86
46561 57282 23 -96
29203 85837 -60 36
80045 58049 -46 91
13530 97460 96 94
31255 95994 -8 -65
27227 55067 46 -45
13760 82883 35 -6
2404 22139 95 -37
82962 94959 66 -27
14417 44627 91 -54
45407 13205 80 60
49713 30068 52 1
47643 18616 -25 -33
46953 20687 7 -60
49806 88217 75 -67
71253 33787 -75 40
29025 89105 -54 83
11852 15320 49 -61
80055 11602 93 -63
42251 74503 46 -51
40359 46426 35 20
82710 94537 -76 39
52812 14457 -11 20
60343 18382 -33 -73
44243 50924 60 8
11242 44880 63 -75
1208 7691 6 -100
51389 13131 -64 21
71978 83409 -78 -85
36379 10954 35 60
55594 20381 3 -69
73612 74936 41 -25
30776 86951 -7 -34
27379 30049 -63 -34
27908 68408 41 -11
25735 63086 -17 86
5136 48992 -87 99
76704 54254 63 38
10313 33758 -59 -78
61677 30029 -4 -48
69208 89565 37 63
64796 88693 85 -100
31797 68623 -23 51
72668 55989 80 5
26774 30441 -95 5
45956 10991 21 -3
74090 34372 -58 -64
65326 7460 98 -71
71842 73731 84 5
60660 56492 57 44
75577 1858 70 13
16236 32528 41 18
25323 17987 97 46
27233 74332 37 -92
67801 63039 -9 86
29215 73563 58 37
31772 15752 71 2
88825 76855 -55 -25
40590 43595 33 -9
72386 38786 18 53
82350 82789 -18 -53
72580 39236 27 -21
36887 39325 -24 67
86666 53873 -77 -53
8064 90198 1 19
34836 17687 -34 44
12485 38791 61 15
95763 22494 47 0
49513 18558 -50 40
36855 1927 -59 -21
