300 1000 10 30 100000
86400 51161 -35 -44
39104 91575 34 8
76084 69562 -28 51
63299 10857 -83 -71
26120 82388 -35 89
65992 58211 38 81
1961 21247 -41 99
17554 27040 63 -86
48623 25787 -48 7
82292 25825 -79 75
93645 86273 72 -86
74810 28609 -14 -63
6123 55870 95 38
27364 73438 -28 83
355 22883 -33 40
45633 79571 -28 -79
45676 72464 6 57
14162 82475 15 77
75101 79095 -27 -31
87711 50957 33 95
33513 17192 30 58
44937 88905 77 -22
64530 99439 13 -45
11172 7892 -61 -15
23131 89084 -54 -60
76092 84873 -28 95
50095 50802 -76 58
57042 14321 74 -78
3923 23553 -27 64
57586 31359 -10 12
56214 37777 72 -57
77911 85390 19 -46
58115 32258 -62 -31
56594 81404 -45 -1
31755 81953 32 -48
47198 36855 64 32
29405 10905 -20 -55
36456 44123 -21 70
68583 82851 -21 66
28156 86022 -86 -41
13512 90939 13 -68
21150 40809 -96 5
98537 44265 61 14
84067 71759 -43 39
17603 85379 -7 -32
90831 80243 79 -51
91698 63466 -100 65
95943 27315 18 58
96623 17435 -29 65
24512 54385 51 34
72321 51330 88 10
96920 51922 88 26
19676 52040 -15 -28
20721 32712 -80 -85
13174 98931 94 -31
99125 73812 13 -78
58290 46692 -6 -36
75299 25310 -75 -52
50857 61709 81 1
18006 85933 -89 65
60799 38027 -30 -47
30688 27632 -38 -9
18547 9798 83 64
93375 1672 -35 -31
12263 51489 27 30
28428 46222 -83 8
62555 81246 -86 39
8332 46304 -81 59
44222 42214 75 31
25285 79041 -100 32
35894 28211 100 97
91353 44402 44 2
51085 86922 20 -72
79062 58387 67 54
38603 28449 -61 -13
91895 28510 34 -86
9646 41045 83 66
33078 57253 25 -43
95055 62909 67 92
18753 8447 -64 -76
87165 77378 -66 93
69848 95116 23 73
67325 91078 -24 39
78502 60903 -18 60
73112 1964 -32 -100
18988 75378 -91 56
61504 93734 48 5
53805 49162 81 -4
92722 24942 86 0
36340 62893 -57 -53
8000 24171 91 -71
82192 6360 -41 -47
93964 61718 -71 10
43126 15806 -40 16
63664 80664 74 -96
87130 88013 -92 -17
17637 35249 17 73
7118 17537 93 -32
41297 70171 -45 90
48525 13208 43 -35
81803 62313 -98 -97
77371 98264 59 -72
93442 54041 28 43
58272 45829 -28 47
36143 51285 -46 28
22146 87974 -67 -6
64161 52455 98 92
31748 83555 32 -43
13913 5325 37 -58
80745 31467 -61 -36
56269 7868 -65 82
84887 50067 82 9
54729 91363 32 46
50009 95827 100 98
78351 43825 31 48
82384 83029 -60 -16
8965 52812 -30 14
91838 2010 -47 32
42815 64854 9 -59
96107 56136 -27 -94
60400 69811 -69 -63
38429 84529 -79 -24
43609 27032 -95 -71
40909 98162 -37 -34
79792 6084 -34 -64
71153 51605 -42 57
79145 87997 50 -30
29326 38148 85 20
20690 55117 -23 27
85284 38283 42 -11
29579 78796 -59 -45
87981 86908 59 -91
84855 93056 -91 92
41632 37185 -10 -53
74148 50407 -43 95
23986 66682 72 -33
6191 80580 -97 34
70923 31314 43 78
87554 81771 46 7
57270 70289 96 -78
85680 55008 91 66
46179 13299 -76 -64
25129 698 -80 -64
81073 8525 -54 -40
51696 94015 -40 -2
42844 48769 86 -52
83701 71025 -81 19
35243 5712 -80 -73
68981 59543 -36 -7
94299 94673 40 59
86908 37243 -42 -70
29614 26486 -93 88
4505 61901 1 31
38548 81925 34 95
68384 9486 9 18
28561 37531 -6 98
5083 81515 0 -83
78477 17966 -44 22
66269 82392 -48 26
1914 38992 -77 83
96640 72144 48 -51
7698 22770 82 -43
26154 55325 72 -68
63407 25854 -2 21
97049 83889 97 -57
88275 55330 -62 0
49627 58785 34 -44
17675 16566 -75 -47
52812 1405 66 93
87674 94361 78 -94
66320 48851 -50 60
73181 7483 -37 5
98824 9007 -35 45
7603 49080 100 -74
40226 48042 54 3
94070 4393 68 57
44633 64363 30 60
58496 7363 -26 -37
13806 52492 40 84
7092 51792 -59 -16
32522 63101 -59 -36
30912 37981 -8 -27
60857 65185 88 -12
77834 37637 -56 -72
57308 52327 -15 83
97203 70986 -22 38
97219 74585 28 -5
58342 95746 98 -24
41354 21774 -62 -6
76456 9076 -79 24
25955 66335 98 65
38792 70443 65 27
13811 60006 -6 5
97046 83727 59 6
76409 94174 -75 -100
27989 53203 -15 87
49878 62405 -41 65
11947 91010 -96 84
36796 65355 -54 56
53548 7789 6 -90
82702 14076 56 89
87563 8606 52 12
36101 72616 -71 20
52598 49422 -38 95
91273 95502 -86 86
64280 32464 -1 41
21885 18828 -61 -15
77856 4968 -56 -33
19863 67001 -16 82
83544 52739 83 -40
76641 24551 -12 -1
87548 13493 -50 -26
69590 56985 38 23
99641 35878 2 -56
98476 97569 -11 -30
14352 80206 -85 -77
65698 19796 21 60
80661 49765 -39 -56
76432 80073 -71 -16
68252 3748 84 14
93959 90259 -32 -64
47860 19303 -78 65
14326 47177 -80 88
55255 22008 -25 -22
61128 80891 80 -6
99910 93862 80 65
29725 37435 50 -53
76084 93416 -41 -14
11412 89421 43 89
98460 38091 16 -14
49044 16416 59 -78
12175 69193 -7 60
25935 75124 8 -31
32060 95379 -61 -58
81288 95948 30 90
70490 81518 9 32
73180 1599 63 -6
36089 52119 14 52
79154 28631 -12 92
97886 6195 45 -86
72862 19292 31 0
11171 54576 -21 -19
60944 65598 -14 -34
14016 82729 2 42
61769 32718 -42 -79
84251 49482 95 48
55544 81934 -48 -89
83958 51946 -78 63
59815 25097 85 -4
90570 32837 83 15
85898 18504 -82 43
40794 69988 42 -11
58368 68122 -60 11
1544 69503 -85 -36
14384 45309 16 18
66376 9434 16 -49
19806 40998 -57 1
16912 5569 80 -98
54476 41220 -95 63
59105 37040 -93 50
73740 72205 15 -5
50598 90678 22 -71
94558 59931 -34 49
73666 64104 -31 89
26750 2530 57 31
63990 17923 -41 -59
94235 33816 86 -78
9505 44977 -20 -4
17642 30634 -37 -88
44207 21467 1 -50
1242 26878 -91 -52
45338 30504 46 33
58404 92858 -61 3
64333 28952 -73 82
56099 36613 0 -72
29741 67294 -35 -78
48000 53918 39 50
45648 51518 -66 -53
97818 39638 26 50
97165 56670 11 -85
63179 59137 -12 60
33738 97365 -37 -48
21803 41772 63 61
19167 61391 -60 75
11602 98727 0 -32
24710 88278 -22 13
19512 66900 -62 37
78163 83173 42 -44
10615 56952 -94 19
91073 46989 -71 56
93437 90405 -10 -3
17981 42942 51 -80
81208 31279 64 -83
94664 3726 60 -72
98182 41728 -33 58
2018 6866 42 -50
4459 63318 -61 48
31006 26746 74 6
64668 50806 82 -3
19408 7699 32 -4
