300 1000 10 30 100000
50690 35650 -77 17
48256 9118 -21 -72
80875 25019 -29 -96
59102 93142 -97 52
28085 13794 -30 93
70333 83354 70 52
41828 94124 -22 53
75465 22744 81 -28
60449 34110 53 7
24732 54124 0 15
18365 1122 42 41
13094 57222 -96 -40
52050 37489 -2 18
30342 95513 56 31
70979 87267 59 62
13429 78675 -90 26
18294 4085 -95 5
15428 39773 63 -35
85602 16885 81 -95
76374 5936 -89 45
8403 45972 -13 -94
40464 46544 31 74
3231 75392 92 -45
24615 3921 -99 60
31329 50197 23 -84
95209 22881 -3 83
58790 67005 -8 -92
37257 58112 88 60
38516 83314 5 12
76514 2086 29 18
84957 12080 -14 55
83776 42125 75 92
9944 5268 48 -70
68144 14718 -79 -8
35418 57719 19 -100
72354 70872 -37 -99
64381 92697 -40 -17
10875 16054 45 81
54951 47072 -15 27
64113 60035 -65 -22
73948 15033 -5 4
50851 81355 67 60
86186 65238 60 -12
78009 56893 77 11
22073 44777 19 -26
7399 92230 -86 -25
61983 76648 30 87
29716 98488 -58 -11
61258 95256 6 -72
44441 80523 -2 21
45818 36759 86 4
90854 45645 57 -94
3756 61655 -16 -97
76153 48905 -98 74
70702 50353 -9 -4
97111 4961 -45 -99
55698 2319 -73 -11
37207 8234 -28 32
71633 80647 1 -67
37346 74941 48 -26
59661 50255 -25 59
53674 40186 -97 -42
33952 84371 -88 -75
75933 16610 41 90
52411 92305 -68 -63
86893 34184 -61 92
88978 43194 13 -30
79976 40669 86 -21
89514 28562 36 -77
98066 19972 94 31
13198 51361 27 9
44262 46438 -40 0
25067 70054 91 -29
22462 61525 81 27
82505 31088 69 98
89924 25042 -29 51
48945 31811 53 -78
97489 36622 16 17
83395 95934 -37 -19
31921 50946 -48 -8
47955 13764 -53 11
40128 28627 12 92
94147 72596 88 -97
19778 77947 38 -100
16696 88519 -69 -28
95850 43979 34 -26
67329 38742 -85 83
25284 65997 66 32
79284 17468 57 92
20702 79838 -68 -36
62099 18049 -51 -33
51773 83171 67 73
96029 19159 47 -30
9777 56323 -2 -93
62925 90814 -46 0
77626 47990 3 24
44904 6635 81 -24
16699 27744 -26 -85
88220 56362 -65 -49
65804 46875 37 -95
29633 23109 -34 91
19135 47191 -12 86
36752 94487 61 89
23017 24992 96 -87
74076 92895 26 -78
74707 74754 64 14
28053 3814 -22 -90
69877 22930 -74 59
17519 2462 -24 99
331 83193 -37 -21
92794 57669 81 52
17170 23764 48 -41
63552 81885 63 38
93980 73559 -52 -38
21147 77251 12 -48
56306 99619 23 10
80187 80902 62 -7
64193 63320 -66 -6
82045 26807 -66 70
51321 63025 68 66
23152 87727 96 0
76875 86333 42 -65
35302 55035 75 54
83221 8434 -28 5
97073 11985 -41 -31
46125 53088 -98 70
81743 10732 -12 -49
67280 72425 58 -5
67453 86965 -92 -65
31270 10855 63 4
8263 60494 48 -52
43069 90715 35 -91
33614 67661 -21 52
58398 84361 39 91
78279 66776 -98 -20
68096 45704 -43 -89
98824 20042 17 -45
4606 53043 -22 34
74534 724 83 -83
72411 30230 -94 59
40957 5789 41 50
95030 11560 19 -78
2764 35055 -17 -56
44515 93372 23 67
46890 10445 43 57
7144 32814 98 22
92544 12486 50 17
9162 42270 -51 35
73295 21794 27 -76
44149 56262 -50 -59
60891 52114 69 22
33683 94196 -40 -99
46153 89482 -8 21
131 47654 -24 -99
21413 33039 48 -52
16366 79269 -99 90
91157 2768 -83 37
26044 5531 -16 -87
52104 64790 71 -42
9960 16469 2 44
89481 81500 -49 97
89513 61166 13 43
74350 64505 2 13
44040 77522 -43 -99
23662 24540 -10 -96
55480 76067 88 -50
95187 98109 76 -63
58739 689 77 72
84444 61138 6 75
13101 69050 -31 -86
56320 29676 -86 -83
95405 2599 37 -46
6872 7557 -36 1
55053 91209 68 56
16527 19833 -33 -75
86465 38047 -79 -48
79088 57372 94 54
90800 8974 -38 83
20338 10122 -65 41
12704 20894 51 -59
17104 27714 71 71
84585 38507 89 -91
83779 61074 70 -53
21277 6875 2 89
30177 41516 18 48
2885 40839 37 -81
72229 57757 -31 30
90679 50216 -87 -3
30950 77931 -88 9
99351 92905 62 73
1908 97100 -94 11
44874 19196 64 -28
84869 63795 44 62
44676 19193 -45 -2
67555 1504 -58 -17
27670 47035 -16 43
53623 15211 7 -49
45570 50683 46 -49
1711 88307 -33 -88
3237 11931 75 -49
79867 22591 56 50
44062 69387 -86 4
5178 11895 -29 -55
38097 53640 26 -36
92303 76610 -34 -34
38541 29615 -84 36
9535 85212 40 98
94488 29176 90 31
54471 68972 -99 30
51297 84217 77 66
48969 51326 -93 25
18230 35703 -100 -91
30708 88339 59 -10
97092 56852 94 -14
62495 69081 18 -67
75326 12793 71 -35
88384 19954 -53 78
35665 597 80 -26
80463 4262 88 99
54713 69722 21 93
59562 63725 -89 -89
17734 45037 60 -34
21035 67364 -93 55
58825 12423 74 24
56468 8797 -85 62
73874 41571 23 98
98534 86840 -38 5
64129 72783 59 -11
49839 32100 96 93
11597 47385 -30 99
47880 23454 -58 -85
54195 67563 27 -42
3108 38217 42 99
98244 99078 35 -51
20970 39303 -97 54
38256 25811 83 -54
43704 24090 1 32
85751 79968 51 64
61894 61300 -88 6
61268 87568 -36 46
53454 28286 97 52
46025 22420 38 -73
44400 77639 9 -13
2329 90808 54 -92
43710 21606 45 41
41649 94450 -8 28
54659 88055 -66 -21
54560 74897 10 -13
61104 8212 -36 -39
73652 33307 51 67
1656 6376 62 25
77743 10775 84 19
10727 84933 4 -86
52308 9645 48 36
85066 72620 38 39
44176 57080 42 -22
90369 4669 -35 82
68086 91550 -26 -55
73023 62442 4 -100
48498 60589 84 -85
15115 46764 -75 -41
63029 97184 59 72
43649 25636 -33 36
25756 84379 79 -41
26560 44255 40 -69
44375 20107 -1 -92
97624 48505 88 -55
82349 97935 -48 -54
86645 17019 48 25
36938 38977 -52 -1
24390 11451 -5 -27
78913 97631 27 29
97447 3662 76 97
43146 30695 75 26
6481 26946 47 41
11190 30856 -74 2
25885 39628 -89 3
96547 83675 -38 96
86178 33006 -4 -8
1729 63463 -5 35
73882 11771 75 71
14313 2052 -62 -30
96661 22935 -14 6
42618 26891 0 75
82187 31940 -17 -8
33717 74354 22 73
36978 17249 89 -18
77745 67365 -59 61
57787 98289 -33 -61
38639 21705 36 5
63776 56785 39 -73
26498 95317 -60 -38
95379 40880 40 87
95537 1209 -98 -92
93249 57180 -10 -59
78917 75115 82 73
31843 11074 -36 77
4889 69367 -42 -82
37218 31667 85 22
72960 26735 26 -24
