300 1000 10 30 100000
19051 81700 -27 78
3055 38992 -67 -89
75975 65622 -91 96
50564 91396 59 45
5324 29662 59 -51
15635 62376 11 26
27543 99948 -36 -25
39540 29074 -58 50
82517 10674 9 -98
71494 74803 -58 42
592 42669 -29 -63
40710 88468 -14 -79
2034 51056 -88 -100
50261 38718 7 -30
75360 81803 45 -63
14888 40081 -17 -40
43941 27626 -28 -23
54327 76866 98 20
90308 8624 -61 -54
99239 56013 -30 -74
92986 46405 56 74
88870 90803 -27 -29
36212 75958 -61 52
87263 52340 -51 -43
23239 34572 58 -15
95343 16617 29 -45
321 19354 -41 -68
97798 77938 -62 97
26741 12437 24 44
89514 76737 78 19
35997 3156 13 -68
24316 20198 -50 88
5819 80634 -3 62
26115 24770 56 -53
86598 60018 -32 -24
87946 38935 -18 -5
81840 88378 82 82
41338 40063 84 23
88258 72534 -55 -83
73678 24195 47 -61
15655 94292 -62 -62
10985 44281 -50 -87
34587 9552 29 24
11901 88554 -62 -65
51666 75809 -23 82
62221 58343 -42 -68
49581 93602 -60 78
2485 66758 53 59
77134 35352 -61 90
46065 84067 32 29
67411 71444 99 85
80417 14746 87 -9
37213 40581 -26 99
22769 67825 63 23
53112 59042 98 -88
95489 69891 -6 -3
19539 12852 54 29
69521 39431 -12 62
18474 41860 89 -27
65856 57767 -37 -52
95250 3550 -73 -44
80166 17437 78 -14
65362 79540 86 -66
93768 51828 -42 30
784 22420 -68 -39
78326 50753 70 87
50816 21586 -93 -1
99102 46571 -82 61
87409 14764 10 -62
6844 88693 54 -5
92704 3094 29 77
36059 67827 -83 -80
45037 50602 6 58
66704 93655 -19 -47
45604 24266 -93 -57
39986 73610 25 63
54414 65817 -36 -68
83899 92121 64 42
58051 62481 -26 80
40333 20048 -22 37
77522 64007 -69 54
71191 90847 51 -10
58985 69536 -94 -14
61039 34304 -2 34
600 84562 -18 32
94710 93601 -77 -29
19327 78149 -52 14
82404 14792 67 -73
35455 48233 45 93
50966 11174 23 -65
57760 34274 97 -19
29195 40421 -65 76
59279 14180 37 45
17219 38766 -17 36
86005 56247 48 -98
36417 16245 -7 33
66513 76080 70 -67
24218 16784 1 -98
45621 66908 -96 17
23756 72023 -76 -3
68091 81826 -74 -42
98735 5401 -79 18
37226 17516 79 0
27492 31468 100 -41
70522 69437 -69 -71
44960 43750 28 79
43346 60506 62 69
19797 35937 67 -12
55422 63606 39 75
75747 91448 26 86
37976 13945 8 31
54365 1814 -46 -30
98287 27507 -86 -96
66213 33513 51 17
91495 35285 -9 67
91388 93888 1 -66
97773 27127 47 -59
37348 13418 -11 -43
57318 45160 13 62
19092 98271 14 33
68317 35205 4 66
65511 24808 -14 84
6749 43609 89 -6
17607 36266 65 -90
91664 99553 -2 -91
64936 37771 22 -2
72583 23662 -33 -26
47567 6430 14 -68
66102 55382 -63 -94
23024 96651 79 12
38023 59560 -48 -66
77353 42442 97 -7
60201 81258 74 71
72647 16805 0 38
29860 12761 27 -45
40091 73041 -17 47
72640 840 -36 -72
79856 90865 -35 -15
66325 61124 -36 -87
20059 8386 -63 5
97579 73211 -100 92
22829 17799 -21 -57
14645 63151 73 -43
32969 99440 73 97
23517 88250 -21 -94
62330 40517 -5 94
52669 24265 81 -79
93634 50596 -64 -2
58816 37806 -55 -54
22529 381 -41 -78
6603 49799 75 56
23634 86397 64 -35
22005 38208 -97 -32
79191 85408 -26 22
37290 55784 75 37
80451 63419 9 -47
93195 9942 -70 44
88682 48978 -45 34
33213 89989 -87 -36
84680 79485 -74 48
10633 50069 34 -48
32729 99627 -61 -76
47365 15170 -68 -66
5563 78328 -69 39
81004 28523 -34 -25
20107 4150 -14 -49
27985 30869 -9 -77
60718 53234 -18 70
84241 85626 2 -60
94270 72142 65 4
93845 27719 14 -34
80934 35281 77 46
90707 39056 -46 -29
88702 95543 -1 48
17880 63350 -74 -97
22923 68811 -82 91
60264 2519 -25 89
53658 72318 74 9
40002 85202 21 -5
84600 49607 80 11
15292 44305 69 -80
68924 76923 -93 -59
74117 62338 8 88
87438 2901 -31 -15
4752 74023 -76 -3
37294 28136 97 -77
74891 87288 -82 -38
15910 97087 3 37
45211 33729 -45 -12
2611 87538 -64 -30
41669 84240 -55 87
92904 92293 77 -12
62796 9332 -59 -55
97589 85783 -24 -18
27388 79523 -34 -23
6216 3229 -37 29
35232 9128 -11 -74
44164 35005 36 75
98562 72492 19 2
42329 98792 66 -99
50277 37374 -36 12
28647 22090 71 -79
31138 25535 64 -9
80439 65815 47 -98
69453 29177 -98 -79
30209 93303 37 94
88055 81682 -28 -20
30379 75994 -37 -44
38820 52166 52 9
62814 92297 82 40
9487 2502 -68 -97
55452 1926 9 3
11633 88506 31 -60
99315 61722 -51 -4
28786 51709 18 87
40551 12392 31 18
85481 73987 -47 -54
99801 24051 -29 -6
97266 81774 56 -94
14044 70124 80 100
82559 80560 -39 -45
27826 94653 72 51
46906 40489 -4 22
90270 25066 -42 83
76920 27419 -78 -74
42485 71432 -70 -25
90028 71727 -29 -85
14559 48942 -71 58
23664 6362 -15 56
45702 84446 -32 -86
63742 43033 56 15
37088 40065 -45 -38
66296 97183 -83 91
8305 72413 41 -38
77514 4743 15 52
49921 67886 56 46
11507 63141 -79 31
58341 84088 -45 16
25780 76003 -68 -36
69899 91812 -14 -44
51594 20604 58 31
62727 23695 30 0
32918 52669 89 13
90417 31209 -46 6
83237 85051 -86 -22
5662 85144 6 41
43297 91987 20 62
33335 36492 -26 -25
34669 89318 -30 27
59398 51554 -46 -66
35630 32859 68 21
24135 10673 89 25
46002 4147 -84 -93
5880 46979 0 -65
62967 51663 27 -65
4237 53750 -38 -77
62354 80272 -6 -74
26763 15926 21 87
69092 11091 -35 -35
53285 54581 -17 78
88755 79819 -83 52
92005 50032 -46 67
93154 90712 64 -7
95179 46386 45 -14
58925 56959 -76 -54
60517 27709 24 44
19235 96351 -67 -60
44946 92251 60 -69
77297 66475 -64 54
92900 59047 -81 -28
17588 2342 38 -62
7101 89013 -95 -41
89779 6963 -92 77
94058 17328 -5 52
68650 48410 -61 11
65203 40892 -45 -80
26180 84990 -50 36
15292 1068 1 5
93973 71186 87 -20
31040 60519 60 8
61456 56945 -46 -52
18733 14905 -33 33
18447 43969 42 -2
99132 90536 51 -9
64652 44837 81 26
22528 40284 98 66
56036 13558 -36 47
86936 26728 98 -17
35728 28492 -40 82
66298 90833 44 -5
35722 26782 -100 -55
41436 31456 3 -27
76808 73259 11 -67
13692 90259 -53 87
78293 8292 69 60
97700 73238 26 -71
80664 13302 -23 30
37914 41749 48 -8
28730 93269 37 -51
9416 77928 -39 -84
