300 1000 10 30 100000
74760 61839 -12 -96
95089 35538 32 -59
71794 77250 -40 -95
24523 53209 46 -1
44663 78169 -22 -2
50627 51953 -39 92
14639 95969 43 55
81796 34087 5 27
42143 64172 -18 25
4336 84458 -12 -75
35146 42423 -90 35
70458 50943 -55 14
41173 63664 -94 34
29591 58879 -43 -42
84569 52565 -59 -26
45616 8112 -10 -38
11547 63491 -35 20
60174 26705 -28 35
87466 97761 59 -94
21187 36035 -25 -25
55611 96775 -87 55
74863 84523 50 -8
94698 98622 35 13
89980 57237 -23 83
8581 11755 -100 -22
99576 81143 49 -92
69703 24096 -9 -25
37223 75047 40 22
16007 22008 51 66
13827 41083 -46 -41
33734 34848 15 2
75617 73905 66 2
44009 66088 17 90
6229 9427 -16 -78
94979 68462 -32 59
38387 37668 -73 66
47597 78776 32 -57
60132 89426 -61 76
47791 49182 9 68
97495 31826 25 -36
33580 21923 3 93
56465 20764 -91 59
15343 36516 -35 49
21078 34288 44 -68
52513 72191 -13 -66
67467 8304 -16 33
72250 57487 -16 -100
11215 76107 11 -60
9677 58954 45 8
10847 11184 100 13
92685 74852 -14 -70
59130 40497 -62 -85
80546 83441 19 87
2239 51753 14 -29
28679 49409 -3 -98
4024 96985 -3 29
16351 78775 85 13
42580 43772 29 42
25321 6735 -38 -79
93463 6610 -3 97
47766 77984 46 -81
60636 72569 44 79
2244 93778 -24 18
7255 35424 -85 -41
40929 30175 -77 86
33071 89446 -72 41
66024 19964 47 -55
10843 35589 -77 98
49913 83537 30 -72
88719 91533 -54 -51
61438 75593 37 22
47142 92488 -64 85
93364 21269 -39 -14
49747 61795 -88 78
294 56030 30 -22
1492 5580 -35 -50
64044 51239 -5 62
44531 5566 -6 -99
37894 85784 39 -3
53798 63857 77 68
72102 97888 15 -23
94530 14526 76 -87
71400 22538 79 0
98186 74248 49 80
23632 36051 -91 41
63356 93750 68 96
64207 18330 -79 92
3723 32150 81 37
83148 4831 -35 -99
71782 87546 -91 14
72728 85548 8 -80
46869 85116 36 3
60521 73709 26 -7
4609 90191 19 -20
66621 43844 -14 93
18695 3139 -76 95
64547 99115 -94 -34
98611 92822 67 -96
64675 78225 8 26
78157 25034 -22 19
84934 32075 35 48
73748 38147 -83 -95
96626 65126 -42 34
12192 19271 -19 -77
84877 72074 66 -56
36633 23346 45 -83
5629 41040 85 75
42018 50348 30 62
67321 75068 10 72
98351 95792 -38 54
74609 90540 81 -27
96400 90873 53 -26
15579 64633 13 61
46764 47938 -5 7
64165 14317 -83 -22
90792 33703 -19 -37
69281 3804 78 34
81620 76883 -82 -66
92003 9504 44 -34
89250 73813 65 12
46912 5845 -3 -4
56815 46398 -31 42
90567 52647 -33 -76
11561 73809 -6 75
23430 83586 83 14
9160 51547 -68 -62
18987 69198 -88 6
6752 32961 34 -28
63702 84003 -55 -7
61756 12312 63 -1
67417 65927 21 8
4806 93773 60 -41
49288 62335 -63 -14
98162 32369 -43 -38
37967 68735 -84 -62
67395 54283 58 -29
50077 94419 99 98
70849 14941 74 19
62033 54350 36 -73
70538 72694 -83 -79
22264 14469 54 38
1543 65508 13 -28
45227 1170 26 1
92135 3388 14 89
34299 62331 -2 73
42188 74922 -92 19
67095 33351 76 -16
80245 8112 43 73
7753 25891 65 -18
25105 46980 42 51
29012 95098 77 37
45632 44252 -89 41
77236 76275 -11 51
89944 63702 -54 31
86649 56273 -42 88
31412 20840 -81 49
64648 14096 29 28
65733 1863 -28 -73
72678 21685 -64 53
72490 17845 16 -9
12429 26837 54 -25
13669 54624 90 -93
49562 53794 76 -10
96164 99983 -96 12
43495 7995 -47 -80
11623 82219 -42 60
69299 30827 -27 -33
16150 53759 32 51
48642 38690 -30 -70
61746 62173 16 -30
51053 9208 -28 78
90062 91474 -6 80
11451 13788 80 -95
14233 88302 -59 2
25084 95658 -83 -25
95855 87026 -52 -89
12845 85060 -50 78
94844 78361 -8 55
91501 84050 73 77
53256 67941 -18 -6
72889 5491 -13 66
4290 21131 -11 -29
76037 69415 -36 -9
52962 26836 -80 92
59258 83949 60 80
2766 20570 40 -15
28856 96675 58 -9
30567 5233 -91 89
73366 29602 11 20
90131 96630 93 -5
20211 9483 -37 -25
96300 61928 -29 -7
55741 8006 -86 -54
29188 51404 80 31
50222 92494 96 38
28801 31420 -42 98
42398 51250 56 -99
13186 19553 59 65
28946 66851 -56 -35
71272 80551 -37 -97
94207 63031 100 -92
15805 2790 -22 -98
69196 29168 36 70
70258 65401 23 98
69823 61965 38 74
22607 80695 83 88
49153 59007 62 57
67842 42316 49 44
2247 8865 -79 -78
33183 16045 -78 61
37518 25334 -14 72
3891 37152 89 79
2221 62501 41 -26
33142 14596 76 -98
47715 50849 -3 62
52270 65354 80 -6
74898 6688 -79 -9
80810 87815 -23 29
72975 81938 -75 95
91037 79309 90 -91
73191 27546 63 -93
17068 85346 -68 4
41838 84897 78 28
10576 55483 -16 70
73808 24770 90 -58
3350 2119 -31 29
28215 87107 43 -50
42695 81032 76 -71
2712 22795 16 -96
19237 21792 -73 -52
52400 51185 94 -84
20951 95994 -52 -50
65011 4377 -60 100
16859 3922 -98 -18
46389 7278 -27 -45
82655 26831 -97 -18
52192 8554 6 78
42509 37311 -48 -33
81496 47051 38 29
14251 22942 63 78
63216 91034 79 -11
16003 59511 98 66
10289 19708 76 -4
32146 62060 97 93
4186 64432 88 -7
64494 28240 -14 -81
71653 40268 -19 -16
4314 52756 9 -8
19855 1624 8 13
4288 17554 60 -26
67179 18418 45 96
87550 76005 17 -42
56245 56617 -94 29
21946 25735 53 73
76490 71806 -24 47
89634 94515 22 -69
13324 852 -88 -58
62471 18938 26 -42
21536 67378 30 87
14479 49068 -18 46
68641 68230 79 -91
65797 17049 -40 -6
44402 56856 86 -99
5208 88049 -31 5
94418 9714 -67 -52
11028 74307 -3 -20
51761 49275 39 10
74043 80983 -69 12
16078 59668 43 40
57073 38266 17 -67
44781 21388 67 -25
24847 31186 68 82
67198 29039 -47 -35
58258 92846 -41 -52
45710 33064 21 -50
16352 56560 -68 36
82962 20423 -76 -13
86400 82998 6 67
23948 49167 24 99
70688 97415 -16 68
40435 74127 8 -52
67698 24149 -98 91
89927 72960 73 -49
86091 71178 17 -16
39737 96935 -30 13
74644 41804 -50 17
26742 14697 78 7
12599 31881 41 -95
76556 23107 2 55
93067 79212 -43 -70
83431 41695 -78 -23
28441 94440 -46 49
76281 73944 -73 52
70933 415 78 -5
15681 93518 17 19
631 35453 -90 -77
5808 84711 74 -74
53144 19120 -52 27
23678 20734 18 -69
91636 48858 -49 -29
