300 1000 10 30 100000
80563 80885 26 80
80082 93782 84 -58
36601 90168 65 24
98257 17144 95 -78
35500 56570 -80 36
58711 77884 -100 100
80866 31983 73 14
99105 43469 -78 -86
69867 11016 -90 35
92636 7329 10 78
65983 52818 -36 -10
39797 96516 -2 56
4819 96988 -23 64
66936 24794 -26 -88
29434 90087 -51 95
38752 38114 78 46
38566 45404 34 -46
98444 38123 54 73
1755 12220 -77 -22
40733 30413 67 7
8995 64651 93 -84
73643 65229 -89 -89
89323 64647 -84 82
91715 77068 -94 -4
36817 82660 68 50
42873 62712 23 13
13603 94120 23 -34
45495 32459 -6 69
72359 85232 22 -83
97561 16582 -14 90
17439 93511 97 -29
39764 93510 -38 -80
81171 63695 -100 -11
42774 63605 -91 -27
39528 71561 -23 76
39719 42956 76 -9
54314 68551 -3 -98
96285 72330 75 -62
10537 12718 -41 90
68599 60328 -3 49
3724 52794 -25 52
53992 10799 45 -18
41989 73086 40 0
83673 96918 41 38
43853 66261 81 -65
97447 4220 89 43
53097 41265 17 -35
20210 83795 -22 87
50613 69557 -75 -49
6470 65190 -6 -80
73708 68292 -52 47
44673 47088 17 -30
35838 48505 62 52
80167 42101 -61 1
4928 74482 18 33
36265 58791 2 38
88769 63687 -25 71
14452 16722 -33 -14
43338 63744 -6 97
79068 17407 35 -86
86256 30680 58 -70
40107 74908 45 52
31021 7657 -91 -10
69318 45279 20 -21
65342 9973 61 -42
59786 98748 64 35
97363 17074 -8 31
62809 57048 69 24
93052 49854 95 69
65806 22492 -21 6
43213 74609 4 84
54436 65144 -39 -80
61078 6853 66 22
86413 31940 74 5
12907 21381 -47 -43
81766 74586 -40 52
65496 7474 -43 -24
27279 11218 -8 -58
4746 82461 98 -63
10610 77381 66 -100
90641 82887 -65 -2
11093 9012 45 2
83153 55292 65 -100
15368 12199 10 -46
47285 54258 -99 99
552 40227 10 37
33314 64141 89 -100
34527 22661 59 -48
9493 71443 -62 -40
27786 24190 -58 29
47774 33820 -81 7
66482 53068 78 37
55093 26235 94 4
29877 83356 100 -20
59265 35056 25 47
10246 42891 18 8
80190 8874 23 -80
85900 75023 76 -14
75894 20338 38 49
62449 30831 57 70
95826 28227 -49 31
58400 94979 68 3
34878 73934 -6 -15
12769 28697 -77 47
64244 89096 17 38
98409 3763 -88 -34
85542 78637 -81 84
34478 40059 32 13
50901 90917 -9 -69
85442 15346 77 -67
96872 5784 -87 -92
71203 49210 81 -31
81257 26193 30 -39
19068 69174 -69 43
37665 35359 -72 23
98389 80253 71 -53
94964 55905 45 88
56094 44422 -22 84
52935 91409 -11 89
13031 56289 35 -78
26539 58557 37 87
57114 20425 -12 -13
41088 35441 86 -69
2357 77615 47 -20
55859 92235 -99 43
95057 73154 -28 35
18295 77133 -38 78
28252 47821 43 -12
36601 57942 16 21
48829 32576 -66 61
42461 64880 -33 -85
94574 19695 47 23
55677 41928 38 -33
91258 94751 -78 27
67464 79257 89 85
54626 84941 100 -24
80059 47883 82 -52
4997 71027 33 19
7120 97373 31 21
80390 93628 -34 26
63 76418 25 -68
98780 81940 100 18
1275 48198 -19 -99
44140 34038 18 -11
34041 68886 -89 -8
37912 11096 -60 59
92371 27282 -9 27
9043 95928 3 -46
52240 11375 -90 79
54785 78133 -55 -19
45719 45009 -88 -67
39613 61738 -96 -1
60485 49031 -48 68
70332 28727 90 -10
66050 39152 -32 -24
14437 77209 -7 84
79695 77878 25 97
81103 75647 36 2
40104 55883 -50 -91
33333 11691 -12 54
33349 22565 -59 72
66741 67546 60 -60
99401 30423 -50 -34
64636 19114 43 33
40863 16144 48 3
16037 10739 -29 6
14830 92209 -98 -71
82272 48936 34 -32
76420 63855 94 95
2567 16718 66 64
64834 99985 -40 57
99134 36544 93 88
41350 59298 -39 46
31765 64125 29 -67
74661 64334 -9 -70
21226 55521 -7 82
94601 16485 -45 49
38590 43884 -43 -50
66167 5835 -28 -14
55213 4538 72 -34
22022 88349 -15 -25
17894 67933 75 -96
66003 5307 89 -75
93810 57815 60 78
62230 50693 -3 -4
75022 85024 -79 48
17259 82539 87 -82
94606 13773 13 76
81434 22351 62 6
92467 30888 -34 -96
84927 5941 12 81
12011 26438 83 59
68440 54203 -46 -100
19603 67148 -97 83
8167 66971 -46 -60
20602 10846 49 96
7645 18285 37 55
97121 59901 4 -31
24554 90890 65 12
26563 61214 -27 -73
44375 57399 75 29
97892 12056 64 61
57763 16669 -63 -71
12480 97018 13 66
10024 17936 57 -7
26512 66809 56 -74
18649 72752 92 -5
74265 42296 -90 92
19847 91132 0 36
17666 89707 63 33
85190 7322 15 -96
10735 51309 9 28
32992 75389 64 -57
61455 38053 31 28
13703 83700 -68 -64
49232 69768 -73 39
96723 98158 -44 -20
17268 66931 -5 16
7893 61823 -31 31
58717 96355 63 -88
37813 80282 -6 -76
73548 16342 -27 -62
48010 22098 -67 66
88887 97828 23 -94
86892 97790 91 -27
97594 80727 71 80
90227 67293 17 -100
40239 13701 -8 80
68764 90988 -82 -76
64031 94144 29 -15
2384 14978 89 -82
12621 12806 -2 82
87047 72221 -53 -50
72516 25314 -37 91
84349 9070 -44 -92
59358 87406 97 67
92511 90149 15 -25
86531 40898 46 -23
89828 24595 -80 90
52334 28344 -95 -87
89086 80232 -53 -89
45415 97683 79 6
39101 10707 42 15
45919 54412 -46 -41
71589 18743 -96 20
95383 72808 65 -42
75416 37796 -99 -7
91961 10350 -78 -10
99478 58616 -8 -33
52584 98303 -96 19
79391 53778 -69 72
73437 15236 8 -95
53233 15848 25 -14
49339 59974 -31 -60
14256 71776 46 52
87963 69342 73 77
63629 56687 -29 47
58694 4899 58 -64
91184 54360 -88 83
40936 32654 -29 13
97870 71284 15 -54
72988 21691 38 77
73196 27479 12 74
23583 40778 32 -91
51973 20557 -16 -28
37531 2150 -59 81
99733 64366 -86 -14
26275 76661 -4 -13
23062 70371 50 -29
96220 71368 -57 77
77521 5663 7 64
88224 44618 3 -25
97918 86286 -31 -73
73799 12964 -24 -82
83551 67618 -81 -6
49792 26288 -20 41
73847 89651 -79 -43
48547 98443 -34 -78
57942 14463 -66 -73
32790 56540 45 -40
84110 585 -9 7
74646 96352 72 -57
23875 16857 -6 -34
9280 14556 -55 -34
88019 77608 -87 -83
31714 44858 -52 93
63434 33327 -94 85
20478 96644 -37 15
98353 61494 -55 -13
37221 6319 -18 -12
88991 58870 -82 100
86774 22726 -66 87
88360 96701 -60 53
78564 44474 74 -33
26182 40058 66 -30
85092 9862 69 22
86821 87157 51 67
64821 70754 -45 -100
51394 20392 22 -59
69014 46170 63 -18
