300 1000 10 30 100000
53379 34647 -12 64
73078 74112 77 -25
63466 14458 -61 31
16240 14306 -89 80
18818 53848 77 -34
84715 22855 -42 -100
9593 83551 100 -29
53312 33110 34 15
23589 76687 98 88
97674 90216 -41 33
6508 38092 57 76
37179 30389 11 36
87183 51656 40 -38
20720 78381 -40 -94
79663 3533 12 24
33649 93956 74 38
8854 79198 29 -15
19464 68671 29 -55
98552 20928 89 75
20092 69107 -30 -43
17113 63107 49 74
17403 60917 40 -49
73655 74257 91 26
7818 21496 0 -36
36583 20643 92 -7
59640 84607 80 4
96742 65303 2 14
2396 30142 -29 48
45111 75740 -41 -61
97621 8898 61 48
35338 61565 3 -94
57352 31529 6 60
88115 29211 3 37
28759 33977 -67 -21
41110 84414 -12 -36
48144 48301 -55 25
74096 69404 13 -70
28290 52568 59 40
54441 49954 91 75
8032 52122 59 34
72246 24182 -78 -13
66447 40272 -80 1
31263 82123 41 63
42264 70073 -20 49
49697 72143 -61 -71
39101 69897 9 91
32219 7730 -8 37
88342 81702 4 -79
89649 75176 49 -32
25538 69077 94 -28
7848 95583 -69 -12
51266 10442 23 40
81564 1690 -22 34
66365 7337 57 -45
52082 70664 56 -49
99286 42927 16 -8
67399 80201 -15 90
32979 10987 28 -95
78261 9407 0 86
59041 75529 12 1
22101 96737 15 89
17002 69021 13 -27
87854 26966 15 51
81136 98405 27 30
22562 57533 19 -98
44120 43125 79 -63
75630 69668 10 -88
29240 64300 -15 -21
97649 8977 43 -27
11331 61131 -30 -29
65294 3455 17 -49
83381 42593 -70 92
72383 63447 16 -44
46784 23035 -18 -50
69979 52029 15 91
18788 51760 -61 -92
25331 87798 74 2
74807 12871 -61 19
97650 18411 96 90
2020 55792 -89 24
12700 28276 -99 26
80704 45321 -83 64
35911 83073 -26 -37
70976 57384 -85 -76
56984 65994 -21 0
43637 14990 89 -4
67868 84587 -31 -75
26659 6068 37 73
42165 46845 -59 23
54957 51093 39 15
74685 62865 -58 -63
28645 144 -27 30
18348 1965 -13 7
72305 76052 69 -20
33456 96588 -82 -34
17566 44760 30 95
21563 79976 89 -52
70586 188 61 -92
94193 44212 40 -61
30866 94651 77 31
75513 31870 -9 -32
12765 23579 23 -83
70191 68549 14 80
25637 8728 -45 22
15971 29416 58 -22
99043 98633 52 85
89276 47949 30 -63
65204 70347 -20 -8
55152 59319 -84 -98
19690 65064 -44 -51
41564 37196 48 -43
82094 50561 -84 -92
48306 65829 -31 -37
39973 47139 38 -43
26371 21847 -36 12
54469 31608 -72 8
98389 33416 36 55
46047 7175 3 49
78160 26205 -32 -9
59102 99373 70 36
49328 66063 -31 30
45389 15899 -63 -66
55411 92391 -57 -25
89991 26380 1 -41
32958 81606 42 6
90520 8314 80 -88
26463 65881 49 -65
27683 85172 -60 4
31784 71940 74 44
29138 56539 -54 58
765 87127 40 68
13800 19527 -14 16
56505 24462 -48 -10
32983 94155 69 11
63142 28148 2 -96
86624 35124 -98 -83
58062 7053 99 -7
45723 32471 68 94
46851 25688 -11 -47
63618 18867 18 5
57912 19141 4 78
42264 52989 39 59
90407 48358 -3 76
48771 57307 69 -72
24776 33776 21 7
46792 28846 -83 5
59421 24952 -51 -32
99622 91970 33 84
14846 8784 -52 90
83032 96142 43 24
56852 8044 -18 -71
92779 65168 -17 40
12840 45090 82 -82
91855 32842 25 -42
72960 67269 -84 -79
60919 73065 42 -21
58729 10869 -28 -95
84652 66705 53 43
2861 16496 63 100
41544 25744 53 -66
40603 96773 -36 -90
14513 93347 -54 28
31110 65696 -39 -55
37774 50180 82 -56
69692 82085 75 -37
69142 53351 15 29
87995 45623 -12 55
66997 86398 -20 -53
44103 96997 -91 -87
77041 63712 -86 75
27536 83404 87 47
6635 23320 27 51
78259 96710 -84 86
75272 16559 -72 32
40794 97979 -76 10
55089 97939 4 61
35278 21053 38 -36
52802 29939 -91 -67
29320 30405 -92 -44
31125 79121 90 -28
95080 16042 -39 17
54105 95611 22 3
81393 99928 -86 -42
84067 19338 77 29
3220 40302 39 18
91428 6262 57 -28
54042 96249 -92 85
13713 49687 -96 -31
54919 27373 -89 -6
35588 30987 -19 -72
69685 1099 92 -67
64127 10386 -58 29
46161 54244 35 -76
56346 63476 23 6
56540 9558 76 -83
71918 70715 -96 46
25263 18423 6 15
48564 65140 -52 -7
79706 51382 -60 -66
81139 60223 -71 75
10514 99960 23 -49
68423 40721 -30 -78
8 11464 60 -98
1497 34018 -74 -92
3783 59396 21 21
81229 42253 -57 73
21374 18485 63 30
17528 2197 -28 -97
16377 19110 -52 3
59591 55906 20 -6
78729 68550 -32 -40
77560 62755 -12 52
35526 89116 64 -52
93838 3018 28 97
95731 94786 23 70
60891 81779 -36 12
23805 44176 -29 -12
35490 53186 9 92
1541 88382 58 -37
44399 20323 -59 89
14288 94586 43 59
22619 16969 68 -93
96265 42470 49 -69
19392 18518 34 87
93442 37827 -71 -86
24379 57254 63 -73
56629 53421 9 63
35671 91306 6 -100
69907 21024 -52 -52
21656 43241 -27 -58
97462 75593 -52 -54
43992 11539 40 -88
34045 43402 -73 -63
91491 24232 81 -62
12258 1322 14 54
85052 65981 22 -59
92901 2835 45 -71
24825 50247 21 -46
22872 56907 80 95
2907 62306 -74 -24
83366 60790 -62 45
80477 35980 -21 36
94923 62586 -36 65
64145 32229 96 -63
27047 63737 21 92
58878 56746 13 -95
1731 52406 58 -37
13144 32653 -4 -7
47186 98295 15 29
75518 72952 -81 -78
14641 57698 -59 0
57133 37960 84 -9
75557 59726 72 -79
25457 76216 17 93
30225 62724 97 -28
20748 98000 -7 -89
3538 73298 -69 92
1185 64299 -88 48
38448 87951 -15 -32
83522 4632 -87 -28
82901 87209 -88 -70
16610 55016 -77 -24
21666 21833 16 -69
18764 76272 84 36
4722 91412 18 -40
53658 23039 68 -42
14703 59050 59 -20
84665 14407 -52 13
34529 4195 -71 36
34838 51475 -98 -91
64519 575 73 -35
326 45827 21 -33
36708 70305 -41 2
49192 13269 -18 -79
40795 68855 -19 66
15960 7688 -10 -15
10650 41223 78 -9
40348 68248 -48 0
39916 71866 7 18
59817 80266 78 -62
48425 82807 61 13
41043 14541 -88 23
19545 32765 23 3
46544 91121 2 53
87401 17270 -99 76
61279 51641 -2 80
81207 76045 52 23
87654 75285 -62 -55
31235 2869 -51 60
68599 39299 -64 -63
21240 27358 -48 -77
52828 69373 -8 94
23725 55939 -81 -10
31090 22306 -55 60
19205 95857 99 -89
42827 21146 65 55
50802 16754 -29 -1
69074 54589 -3 -59
86027 35104 41 -42
22005 16113 -35 41
