300 1000 10 30 100000
22082 92992 75 86
23632 77236 77 63
93603 54200 -70 -37
31359 58787 -20 10
86596 81968 9 9
55906 95334 -85 22
72034 2725 2 63
67118 94662 -1 -33
72532 8169 45 -67
58724 2617 -49 80
54961 24114 40 52
88377 9163 71 31
70257 38741 -15 97
39375 44292 -24 -25
24055 76107 -90 -10
54805 42897 -50 -97
11132 11758 -28 5
81980 32755 -11 -48
78012 58925 -22 -61
7211 90673 -98 83
70067 1887 -95 -10
28937 63884 -17 17
83190 12703 40 -16
2627 25272 -64 39
55725 22854 60 11
36672 73694 27 16
36470 57877 -87 -97
6756 33848 33 -6
62667 60969 -1 53
46875 74516 19 73
62386 94863 -98 -17
94497 84549 62 89
98518 2614 32 -32
20981 33567 -64 88
5368 50333 -85 -8
92402 88900 -2 -39
51770 92758 62 76
79563 90490 29 -61
12192 64241 -31 -28
85048 37016 -96 45
47845 43566 72 -67
93683 74055 -57 -90
64996 51525 61 -50
29457 33043 61 -24
62533 22592 -14 -76
17079 33237 8 61
80079 88178 97 -4
23395 63619 -48 -17
88054 73570 -37 21
38657 56582 41 -44
50260 44814 -96 35
34329 45375 -1 -41
75332 9172 43 85
57538 58443 73 -97
13085 31494 -2 13
7338 73254 -40 56
68063 84594 -2 -19
39825 51792 -22 7
90072 94456 59 -94
2227 87944 86 18
72204 45666 -55 43
24488 44983 0 97
71034 8903 6 -63
58606 38755 57 -82
50277 96172 16 -11
58711 14624 28 -21
17131 26117 -75 -99
61170 37985 -7 11
83082 90145 30 50
38006 65973 78 40
41587 50974 16 82
98368 92909 11 2
97070 17993 -28 47
56443 24896 43 -66
48743 73094 -65 -90
99335 16327 -25 61
86695 52566 22 -68
94274 78701 -3 58
38222 79387 4 20
27734 73674 96 53
60477 14408 -23 -86
86744 27583 -44 43
12747 26876 7 79
2004 81619 95 -21
64801 40685 64 30
26592 78905 83 -31
54458 82735 17 -12
70029 9605 -1 35
98017 5192 55 -22
5289 33768 -7 8
7343 68004 88 -15
71986 30460 70 72
98190 95773 -31 -28
28451 57254 -100 -89
95193 35944 4 10
10633 78958 -19 -4
35143 53289 91 -73
14671 85091 6 21
93763 41900 -58 -8
90678 37924 -40 5
11653 30282 -38 -84
16974 26081 47 -39
88084 50915 56 74
8449 37449 79 71
23772 30518 51 -32
6562 40934 46 33
38391 57206 38 88
20308 69947 65 -32
14559 21824 53 -30
64626 57175 -63 -80
47485 71881 -77 -85
40581 229 57 -58
98444 13140 22 42
89329 13360 -10 55
20958 70814 76 -50
68006 64053 41 -27
7800 68750 -29 -77
42439 26840 36 78
19387 7009 95 66
47560 66022 -97 -29
80431 26847 85 98
39103 10664 -87 70
20685 93633 90 3
80806 82971 3 91
54658 10373 91 59
93572 11916 -39 64
81009 98820 49 -33
40490 47475 -94 -78
72886 33471 31 -90
24934 93979 33 -35
92807 29086 -87 75
67932 16522 4 82
37268 53723 -5 33
19394 20416 -24 12
68831 2471 90 -19
47411 35880 44 14
72373 33043 -76 -71
37819 30433 43 76
1244 67417 -63 50
91218 4103 -61 5
75083 16988 42 6
7472 8772 70 8
31248 4642 78 63
30464 26992 44 11
99665 47677 -48 -6
21721 5185 -70 78
7715 18608 20 -92
25514 51920 83 -2
90479 50929 -3 -31
54631 92240 -2 20
82871 19805 64 100
8229 85516 -93 -16
91867 70198 -77 -90
60406 11407 45 73
33417 87423 -17 82
7495 29940 -83 -28
55850 26423 90 -41
83853 2878 -20 64
11889 77132 96 95
89602 73368 21 100
44226 83370 -71 78
34215 27436 -90 -80
62808 72685 -72 -40
18609 60883 -56 -99
31319 81938 8 -28
2083 50172 -52 50
43336 49546 31 -29
97478 58821 58 -10
99845 3018 -42 26
51291 2822 52 19
29621 75298 -47 83
92465 4980 50 -63
62382 83680 -20 34
7990 25624 -55 97
44847 76876 -25 17
33537 57658 2 14
98882 67406 49 -38
73144 53796 30 -76
33173 8290 -63 27
23766 43115 92 62
63049 23052 90 -53
34909 10573 93 41
29940 47480 71 -93
19396 58131 -70 -69
20244 62061 28 7
15617 77429 36 -91
66789 31576 60 -65
70965 49179 -6 -17
586 94654 -54 -73
81307 27157 -47 -28
18928 67493 -5 78
66120 60942 94 -26
46807 72833 -83 85
88061 30951 85 87
89994 38518 -90 -54
71767 97828 86 -1
57035 1143 -1 4
67690 14150 -74 -69
27297 46726 13 61
91208 87262 1 17
37977 10969 -3 -8
34074 74656 -74 82
56270 53414 -93 -91
57618 52522 39 53
98071 59042 28 -4
56052 14166 -57 -88
31995 38261 40 91
20377 48449 -11 58
95186 89882 55 92
27965 40609 -99 -58
47976 53 -58 -72
29177 65515 24 -64
6318 9262 -70 14
6568 70024 98 -38
83382 22194 -27 -92
4997 63635 -15 -6
59221 16887 77 -68
36566 11440 89 -34
64600 43432 -15 -52
26602 73631 85 -69
94740 3074 -37 19
86445 9595 -89 19
52062 95485 -91 71
83609 25066 -8 -77
63921 54467 43 97
68759 35422 -13 22
21091 76247 33 -91
81056 90793 50 -33
69698 61639 -92 38
98031 90486 93 58
64185 99115 77 -59
35580 66397 3 -52
73530 80603 -13 36
22861 39812 95 26
26931 97413 1 6
25854 85687 75 -97
90 99688 -26 -7
52263 62913 -99 66
11314 78973 -43 7
28831 41511 -59 71
57638 59021 -49 -97
49070 48174 -58 88
82407 43177 20 -64
16459 84323 -47 -65
16022 63343 -97 -38
83497 44054 85 -99
35901 68921 80 -45
96639 11404 -67 -77
56795 22311 -70 -86
21415 79013 -8 -48
31985 41534 11 -6
59960 27862 -89 65
207 49590 68 -86
87015 88878 -79 95
62617 90129 18 -1
14268 47297 -59 -32
99920 3314 -70 55
48917 81642 -97 73
42136 9656 -36 -39
63613 18893 16 -45
58822 90576 -45 -2
28516 42560 -95 -18
3103 55084 76 52
18422 48160 4 30
95749 510 77 -37
27592 87053 44 -35
64656 13889 -10 41
65009 243 96 24
73093 84493 -71 86
76325 55299 98 45
77979 43415 -95 -50
79774 196 65 97
59145 9068 -30 34
68190 5997 -45 87
71276 69714 82 -32
73278 18584 92 -62
51426 31736 -89 -85
74845 76490 26 -88
39217 24806 -95 -12
78183 62780 -82 83
1379 2241 27 -7
64241 63163 -62 -19
70323 56883 81 72
25886 87441 -71 62
94894 78471 -65 60
20721 77396 20 -71
7802 5715 -28 -34
65290 24053 80 33
44241 24040 59 88
53238 53389 -38 -67
23994 32493 -27 93
21976 60389 45 60
57632 57959 -62 0
93604 48577 94 -62
80662 74754 -42 49
2207 45854 -8 61
33460 53302 68 30
81031 14947 -35 -68
9769 57454 72 11
54355 81301 -82 -59
