300 1000 10 30 100000
72376 71625 -36 -73
68335 85818 -89 -72
90263 83913 -19 18
32198 77776 -49 -45
40360 42540 48 34
29194 82162 -59 70
6482 55738 28 -26
62627 24723 77 -1
1076 31037 -1 56
10131 41145 -3 15
81633 57570 76 -3
78913 79905 -4 33
31606 43175 -13 -97
32622 22578 -60 13
2769 76002 50 -29
25958 12002 -67 -78
17686 76282 -98 -83
10953 86191 46 -88
34596 62595 98 -21
4544 24647 44 42
48879 63058 66 48
11539 57768 -82 -88
75326 7984 9 -69
65387 99216 -47 -31
25287 87822 -16 30
73296 33216 -72 33
5869 40182 43 -81
53371 68798 59 22
2387 56651 90 -56
37151 98685 -75 -78
81975 77764 13 69
77718 59326 -3 -83
55550 98172 -14 20
25068 73842 75 -46
95367 38087 84 8
35935 1647 -48 23
29768 79115 23 -28
95965 30412 -74 -58
99008 14638 98 -2
87324 94337 83 -89
34650 34464 -74 4
12758 41649 -28 93
42103 53198 68 -54
15074 87337 3 84
9831 53353 -8 -81
92827 54162 -53 34
84086 96216 25 45
78793 38551 -90 -19
14813 82357 -45 82
96371 37701 58 -70
29160 38116 51 -55
70560 41910 -79 -87
12919 83487 23 88
68781 87064 -67 -58
13919 87492 37 80
66045 97751 79 -96
7831 75292 -84 -8
77511 67645 -27 -80
18646 54603 15 59
79991 48667 -68 -45
63517 68552 -46 -9
44530 95375 46 -3
31142 4802 35 39
79852 30996 14 -92
97503 65165 -32 14
55749 72613 97 93
70041 62870 -58 -86
76149 40086 20 84
11379 19617 31 -26
36786 21092 52 -33
59591 20424 75 -92
2988 83273 -72 -93
4749 85956 -58 88
25215 30830 -11 71
65491 19542 73 54
86308 85153 17 -83
3705 47985 -46 39
41610 60563 -13 -78
43811 99350 -97 -90
75578 96331 81 13
61200 80196 -17 89
1024 13191 -47 -93
78735 23344 12 19
56261 18167 -90 63
10258 19524 -54 -8
81198 25742 -9 -100
79459 29032 -95 36
79632 24488 -86 -98
18768 71290 -74 -12
82011 96805 36 99
84381 59154 -85 62
84436 24638 27 68
4076 56740 9 -96
11943 16609 -99 -15
86263 59723 -60 -29
65621 99421 35 -83
55203 4177 -8 -33
45427 54601 32 88
84978 71973 33 86
35809 85096 44 20
29919 64421 -12 -18
35346 48614 41 11
60857 45017 -8 -85
75051 82318 -71 -59
46315 10808 -93 -94
27804 99995 32 -24
56010 85197 -35 -61
84394 52251 81 -67
71653 78390 -54 100
49289 60656 -63 -51
25748 57486 6 66
9769 97522 -98 -90
65680 49995 62 -11
86521 31828 -35 -3
51164 99318 -46 73
34212 18532 -79 -39
82064 43227 -87 -59
26568 78630 -37 31
8831 65408 -36 1
87214 16723 97 -84
69831 55112 -84 -36
63119 47887 90 96
18058 58868 49 65
28778 52303 -64 49
55494 91593 -91 83
78910 40881 61 71
69841 57535 98 -53
32825 76433 -65 -61
10828 11824 92 65
71096 94250 68 51
18473 83568 -21 -87
54992 97048 92 79
97521 21552 -97 57
7819 94444 83 -49
38748 75056 -12 70
37064 68976 26 12
22196 40148 28 -56
75719 50030 -19 52
72612 49861 -26 2
71176 9950 -50 74
6961 63180 96 71
1704 44589 94 -42
54458 52901 80 -87
88389 25681 72 42
60085 85304 -84 -19
81391 80367 -87 -55
69235 72661 -63 34
65203 25349 -10 51
89437 80033 -55 32
18856 57421 80 -35
85328 89801 -61 86
22964 5244 88 41
41567 63272 -53 -25
32965 79420 -3 20
23088 6391 62 -29
3911 8353 64 -57
67105 84590 -68 -56
88097 20969 70 89
63079 49311 -20 -100
85445 61394 -85 85
10081 60724 11 -5
20290 67727 96 52
10540 91032 74 47
49380 70169 48 -36
83193 17095 87 11
34767 87652 -83 18
72855 20823 54 60
99598 69599 76 34
7059 8172 9 44
88624 93275 -64 -28
83173 24278 67 87
53464 11395 59 64
43639 86205 42 -64
23366 29793 46 94
55370 5962 55 78
14922 19422 22 28
90332 19880 69 49
91283 29569 -52 63
20162 22941 26 71
59235 68584 -51 -41
73111 12584 -83 8
183 89919 93 -86
24040 87648 1 30
84404 25367 53 -80
70646 20961 -41 8
67743 38650 -44 65
2578 81768 -18 -33
94822 15506 -79 56
54501 19888 65 -65
20020 69349 -29 -42
72061 61658 -76 -72
62454 88086 -1 -57
22110 41352 86 19
90835 48933 -69 -8
69160 12171 55 -76
79128 73298 -57 1
28481 94298 -99 -52
78958 9938 98 -82
59033 96024 93 -62
92984 95635 -55 0
32056 79765 -46 79
98178 97603 100 10
74407 68390 93 -29
46250 13961 -26 9
78595 26970 -89 26
60278 64331 97 -71
74132 79058 8 17
55209 59499 15 -52
154 3063 -27 80
39628 44276 68 42
86904 10017 43 -18
2510 20722 32 56
58934 12992 -53 92
98685 57993 -38 55
74273 31600 21 74
28523 18550 -71 45
72588 57351 -89 16
73209 96699 -55 -88
75458 47165 39 -18
52917 47054 76 41
74709 99619 62 -97
90580 17612 -13 -82
95767 30151 22 5
58581 60656 96 92
93182 61315 -18 70
75366 81517 -97 85
48891 42381 58 -64
10256 74319 -93 72
88205 63806 -65 -2
11662 98433 67 -31
44909 83337 -29 30
63310 10542 -70 17
64901 19522 63 80
43656 86870 -19 -21
47805 68691 88 25
30840 34074 21 -2
66758 28295 41 0
69832 24056 78 -37
59510 71311 8 49
68836 80008 76 -64
89610 64622 -85 -74
84444 19436 -100 50
89541 73488 -5 -94
44748 44647 -63 -81
49118 43153 -28 3
3147 3682 -87 -57
26438 15578 50 -91
91784 19902 10 48
51736 55088 -92 32
25364 98280 -67 41
15716 70013 13 -40
50375 74794 -41 -4
44992 76184 -75 94
96846 77805 -26 86
32957 49699 87 -2
3916 93446 95 33
34429 4998 63 91
26923 72447 100 59
41151 84895 -15 -89
91114 71837 15 -90
34086 32397 -22 -97
94098 53653 79 -51
29992 16155 -82 -42
28141 40792 -18 76
65516 47386 -19 -64
93845 94399 -43 -2
14209 61750 -17 83
38344 69106 -78 63
11417 892 58 -15
78993 43115 74 -81
54825 83929 -3 -35
85082 64517 -66 -60
79140 99057 -27 -44
57231 13257 -32 47
71727 47450 27 38
7667 95284 -70 9
12474 51074 -17 71
30116 96014 99 9
55498 52310 94 -88
3636 53234 -46 87
13573 60777 -55 47
46634 5587 44 31
73360 45480 27 -29
21064 94451 73 -53
20457 35013 75 -20
1794 16540 65 -63
57570 47663 -84 -83
89069 23325 -55 -88
2919 82052 -17 54
33297 94963 26 89
84247 46685 16 74
47689 93593 -39 -59
68892 40483 85 -92
12214 33557 -26 -2
46164 57338 36 4
76696 76599 -97 -93
62269 2515 -37 -1
95391 96478 13 96
52558 10408 -77 -72
59202 53278 95 -6
