300 1000 10 30 100000
89963 92515 -67 -72
78231 90599 8 -60
72762 82230 90 -22
70432 21034 -67 -11
61025 60193 79 45
30201 25032 25 -99
3467 83591 -8 -6
97343 9012 -78 83
72830 60801 6 37
16187 17038 93 -8
28274 15749 56 64
34251 29449 63 -64
84717 37931 90 -98
34814 25502 -14 73
91877 58786 31 76
21509 286 -66 -29
92515 67927 35 -11
40204 80148 7 -64
49966 83463 71 -64
72123 27238 10 -65
58076 58542 -39 -64
11154 34822 23 47
75330 85558 92 95
90860 56520 33 32
93872 72435 -1 32
38035 477 50 90
31893 48051 26 -66
29980 6485 75 5
91905 69569 -83 34
59256 26346 1 96
59057 17811 89 -88
79378 62792 -17 61
44246 82077 25 58
2831 31069 -27 -31
25347 17247 42 5
4640 88244 -93 19
77754 74837 -29 53
3089 44610 -28 17
37529 29609 93 55
73610 48839 -51 -46
80109 37113 -6 63
19159 72554 -96 89
60966 90932 -38 -31
57735 68177 91 72
31515 11556 90 -80
4542 18974 -90 -42
6011 74280 -48 -37
25643 49533 -99 -89
11325 7975 -57 56
4270 57894 -19 21
54312 89880 -66 -34
98838 23790 56 28
23904 46774 -38 -70
83721 19465 81 -56
4334 47985 -30 67
75531 43683 84 -57
87087 34757 98 -87
16205 72304 -30 -89
68183 32406 -91 -45
84682 98027 34 100
82956 49522 -51 -18
98263 4430 19 53
70829 66514 83 73
70861 51689 -18 8
69014 47851 81 -35
27406 12049 78 -83
41851 50228 -88 -86
23776 49864 -22 -10
78507 13580 -94 -86
27715 40334 0 8
92615 8017 21 8
82903 58193 -35 11
27494 18689 -16 80
74676 75355 -98 -54
36256 87231 -30 44
79853 57862 -24 36
24577 201 -30 95
75578 85111 9 -74
25183 96885 -96 45
95734 14346 93 -74
75768 64185 -20 7
1793 59462 -17 -59
65653 7669 83 -38
66921 22623 36 -99
42120 28314 53 -94
8578 40027 -33 79
76066 59793 -34 3
54041 18352 52 12
4933 79670 20 45
50080 60244 34 -67
91987 65728 37 11
74485 11009 -28 -76
39921 98218 9 -76
45289 57045 83 -97
26923 64100 -94 39
39334 56910 -52 -37
78974 18875 -97 -94
20281 75948 2 -33
35835 22767 -67 19
19762 31229 9 -50
96180 49241 44 -75
94863 45766 -59 -11
41902 99786 -48 -31
35401 33448 60 76
6523 99512 98 -34
8747 14698 -12 -69
59087 11237 10 -87
1440 66971 -58 28
10654 15376 -62 -28
44425 82949 32 39
85216 73763 86 -21
76214 64344 26 10
64109 95569 16 -69
81873 54281 5 52
43548 96616 88 -89
64099 14401 -96 67
40186 55864 41 -46
87068 24545 -55 -89
95914 49133 -77 -96
49427 26029 29 -47
29878 40191 -2 -18
83140 639 1 -75
30742 37852 -17 -19
61703 71017 -22 95
80261 33179 61 -15
64790 42087 80 56
96257 3283 27 -39
59306 45086 28 -68
95520 74813 -6 -28
35731 78986 -69 76
97906 54285 82 38
80498 454 -24 13
8856 94309 100 86
78785 55858 -38 -42
51902 17170 27 -34
45545 8575 83 43
81230 36676 -21 42
77446 40851 76 -44
36953 6247 91 -50
40408 90229 97 36
76717 48219 -31 -100
61497 68818 -25 -7
53755 8836 58 55
8339 52185 5 -89
95906 77499 -14 28
14910 89154 -71 44
30878 28940 34 -80
49817 62304 -93 19
86957 21983 -89 88
82204 23442 22 -65
42362 43466 -4 -48
24891 39266 -57 88
97604 90932 -70 85
16435 57831 -6 -24
39906 78758 99 15
56906 13328 -85 -75
78629 86238 -62 74
37919 65568 -35 -73
83459 67049 -19 -36
74459 19670 -42 78
1769 76235 30 -21
42741 62484 88 -15
30417 45864 -45 97
82710 61499 -60 14
72433 22278 81 -97
31364 66263 2 15
99006 1753 -65 -62
20150 37265 -79 -69
9736 38822 98 23
45798 64889 -3 67
18281 47793 55 -24
47173 81825 -8 -51
48979 27632 31 74
98102 69588 83 -84
55992 93156 -5 34
33462 34401 2 72
5819 45524 -79 73
60509 24072 25 -38
97862 92056 -96 -44
11102 51986 -98 -41
28563 70368 59 26
41946 20704 -88 -98
33516 11457 -33 40
74039 75115 -24 -71
91824 43767 -88 38
21982 2598 -94 -62
32811 40492 20 -12
92526 24423 43 -53
52386 22440 -98 -10
32665 31307 -29 1
61915 49418 71 -7
20786 73443 65 -8
13087 99599 48 -12
58500 24111 54 11
26049 87171 12 14
43858 24950 -93 48
82999 97993 -10 30
22348 31507 85 0
17536 65674 -66 -7
97168 22777 -60 -72
49695 87162 2 -52
7570 48013 -50 91
16256 30106 -6 50
59718 11598 -31 -50
23908 48682 36 97
74714 47131 -98 -21
49831 28551 86 -23
50857 23850 -1 0
96926 19527 -13 -13
69162 13734 17 72
72505 51786 -52 -33
39317 93624 -58 -9
91121 31538 -68 17
66280 75649 80 -80
15123 4375 50 89
84485 73446 56 -11
13486 74902 -100 -24
34589 36004 -15 -27
54976 71605 -69 40
59452 42112 71 40
70897 40672 1 -3
71546 39026 -94 6
12564 77373 100 -6
11037 20385 65 84
97680 96206 -89 -19
48551 15787 -86 -1
49627 40108 -32 -13
9185 71789 -52 2
20264 83134 97 31
75555 94012 -55 -16
6980 31141 47 53
23132 7651 47 -82
12848 67378 -30 -98
15827 28043 3 -13
927 56652 61 -53
3150 58072 -34 16
7502 68161 52 -5
38535 16217 -18 -26
46427 12634 -97 18
71052 76457 -39 1
88327 43630 41 45
70279 37432 -8 -56
23987 76738 -86 -71
98756 74977 18 49
70243 36849 -83 -41
12322 4935 81 -7
21837 67286 49 -84
10510 91110 -26 -13
3042 91863 65 13
125 82542 25 28
17932 18566 84 -49
89761 2178 66 58
74948 23696 -35 69
3473 51232 31 -45
14960 12094 -28 25
74900 65975 -40 -78
45037 80682 35 -52
90906 318 -17 35
30268 18172 -65 -21
88885 31047 -53 -10
76979 96021 68 -55
6975 76949 -17 90
31661 89478 56 -94
77837 18346 39 65
5463 20285 55 87
28247 31356 91 -38
84278 15150 45 -26
18268 57097 -12 -43
95716 15660 -19 -43
98799 72205 40 83
4409 14773 85 -10
95759 79244 -66 -65
35620 15662 9 -24
46062 58494 -6 -94
72184 49958 -17 -42
63857 7665 87 42
44220 92669 -15 -80
63052 86227 48 46
49735 31725 70 -12
35696 70045 -51 -11
31596 31682 36 13
7372 68879 62 52
17176 57811 39 57
39184 97564 66 -98
64308 32631 1 100
24798 3624 11 -82
53105 7824 -19 74
10143 9756 90 20
90501 49815 51 -5
40987 51810 -46 -15
68427 8367 -4 -69
17856 22579 -53 -100
1618 2578 -78 -20
99107 8035 -28 -71
67508 14875 -98 -32
42622 24726 62 10
32825 77032 56 -51
40654 57243 82 -61
53056 70618 -64 -24
65686 82779 -16 69
