300 1000 10 30 100000
84386 28247 33 -88
79408 45711 34 8
30575 22876 -23 85
9580 27571 -68 12
18472 2045 -58 36
94146 24608 -100 1
64796 27838 -10 14
73033 14970 -13 18
45762 37867 -11 -6
24566 16134 -16 -13
68186 2604 28 -72
64758 24572 -21 54
73565 80665 80 37
18616 53032 -98 -22
92514 58038 -51 54
19274 47714 51 46
18727 91693 39 20
86341 48351 87 -37
34580 65366 -41 61
34528 78904 68 -68
41721 28996 9 -99
53878 97506 -15 75
95787 38276 53 97
27821 85940 -13 -53
33973 42260 -73 93
40491 93690 42 -42
67396 19498 24 84
62075 25277 49 -3
29485 6502 -92 -65
99882 61936 15 -21
94332 69834 75 31
25046 55437 53 -43
23837 88967 20 -47
31628 18276 56 39
51053 40342 9 -52
35542 85764 44 -68
70413 6170 -14 -1
41960 73785 -76 -15
32179 19698 -75 4
98853 35705 75 -53
1100 41395 -24 99
26300 10394 79 -81
95004 20693 -53 -26
9077 73331 70 -50
34510 81239 -21 -5
41921 84537 53 47
48474 84675 -51 10
89538 9380 -23 -4
6756 17907 91 -79
35407 53080 40 -22
96189 61045 65 -62
53659 18445 -51 -4
97688 50157 -72 -30
15562 25024 6 11
32960 63972 -64 -18
73370 49353 69 40
246 12295 94 -55
87417 13503 -35 -23
32363 45463 11 -32
37001 37618 -35 -58
43818 43009 -8 32
97957 67428 10 93
5936 68754 -54 -96
37785 48577 1 48
3772 12287 -12 -73
92109 70521 -66 -93
81797 92669 -96 -36
10079 35313 92 35
6404 78336 -94 -91
78781 41309 54 -5
60243 96395 -69 67
36972 84236 90 44
41643 94046 -67 85
86430 86694 -82 -42
83935 65582 -79 79
97372 59733 -64 52
15013 57929 65 18
61937 94681 -24 23
68697 54932 -21 80
16906 43439 63 65
83162 82181 18 79
98559 75325 -31 100
90627 57902 -84 6
81964 22951 -56 44
40805 5694 -41 -19
61403 69860 -17 -71
51744 84225 -81 -30
72978 44665 76 65
18217 62519 98 -31
5237 52735 32 -20
41449 3228 -97 39
45419 32777 58 79
79744 8149 -91 6
19098 55144 12 -43
95110 22150 -18 -94
75948 93652 62 81
4049 60534 82 -66
78795 43199 81 57
60118 97146 -5 -35
94191 82748 -76 -52
25677 43981 71 -22
80813 10669 34 47
51454 48214 -82 -53
99924 45872 -72 14
9205 51741 99 -27
32502 41518 -26 -91
65076 37795 -75 96
5196 81379 -94 -15
28127 9662 -94 68
26473 89692 2 -40
36472 90722 -35 74
76304 37164 52 -96
21081 962 63 -90
21235 54772 25 87
23293 3897 28 -76
28343 30790 59 -6
35518 85075 24 -79
58880 751 -67 -19
45352 4181 30 46
28511 76342 59 -67
90148 67344 22 -91
16516 57676 85 -14
52770 15890 -100 16
74632 22784 13 96
23336 32775 -100 14
72418 12940 20 100
12998 66111 -65 50
1047 98121 65 -83
60616 40570 -82 -18
9943 27031 34 45
89905 34390 -72 -40
21261 6923 75 -97
13171 97727 -31 83
49782 73412 -94 4
42093 33271 -86 83
23225 62093 -54 -42
24245 32024 87 18
79412 2363 -34 96
8183 11946 50 92
49163 22478 80 5
20282 82756 -48 -7
75059 86948 -100 40
92224 68190 39 -31
63940 84778 29 -80
12533 94545 -38 -7
27752 13523 76 -33
70143 91183 -97 92
95477 1985 90 -9
37535 60919 23 -74
1277 47779 88 77
90789 85419 -16 -4
41750 1407 -97 50
73071 31166 -74 58
39848 29289 35 -17
26014 5754 47 71
18630 76322 -65 11
72165 25747 50 -100
49965 15160 -50 -18
55365 1795 -52 -34
34374 5292 -2 69
94761 64611 -14 4
5924 16206 67 59
24592 93196 -17 64
1906 23624 -53 -68
69114 68061 -79 30
93199 15698 45 60
29383 24394 49 -92
82701 52322 -76 27
79882 78891 90 76
59432 45645 72 -91
45555 61227 25 26
25911 24835 -1 26
99440 36998 -69 -34
34034 47559 -12 74
76940 35000 -23 11
51110 67859 30 -54
11963 19681 3 -8
28976 61037 -35 77
70627 54711 42 -2
23613 75614 53 12
2106 58597 10 73
76758 58620 83 9
55221 62485 6 9
46765 88255 20 -70
10339 5365 72 -52
52643 76042 -58 -90
54994 75053 -18 -63
65324 49567 7 -16
71407 60714 98 -87
12498 60132 3 8
41610 59012 44 -16
75406 31904 -4 -1
11088 59393 -4 -47
74402 26271 -72 62
68248 37233 -65 2
23976 35339 -19 -44
41886 32308 14 66
99174 44590 -78 -14
60664 53152 90 88
16231 8281 13 17
31769 31198 59 90
78583 65322 -17 76
53190 44693 66 -94
79258 18463 -42 -79
93203 59088 91 -92
18765 1013 -28 22
81088 78151 53 -19
30804 8251 2 75
91285 33060 46 6
10982 81240 96 76
8178 61249 -48 94
16408 4511 -51 79
90784 31372 44 -83
17750 7714 -62 -14
69475 70113 67 1
6880 34318 -46 -43
94953 37315 56 -66
27044 25612 -3 71
33216 88895 74 23
32930 41333 67 9
60649 45594 -99 -83
87769 69329 -12 -13
68632 57892 55 60
97880 52023 -78 -24
74488 11452 79 -11
41562 89445 10 -42
3421 23327 -94 -67
11493 73352 69 -14
23794 70072 5 -96
10123 30177 73 28
22672 66696 -68 97
91023 63420 -87 36
91698 96694 -3 35
89374 56084 76 -90
69993 73655 -8 -21
81522 81502 -78 73
69666 27545 -71 88
82940 74033 -30 33
8128 6813 -82 -4
10858 76001 -33 96
73421 26076 -81 -30
84 68544 -50 72
44878 18543 -35 -95
35048 44583 32 -76
14543 17827 46 5
95472 13231 37 -64
58494 19269 63 47
94248 11987 -13 -17
12525 58433 -94 -81
92341 51328 -2 -29
50299 24568 7 -97
66637 72284 -37 -5
71954 6047 69 16
43941 36531 64 33
38393 40539 8 72
53570 51254 61 54
70598 65018 -63 4
47674 95418 17 -4
25989 20618 82 -61
72756 35880 -47 -19
39653 27081 34 -92
7864 45143 -53 -74
18452 86284 79 -21
36990 94372 -58 -43
78317 48026 59 97
37126 82673 80 -86
7476 35589 82 -93
74333 99550 57 100
17117 9096 65 86
60807 4976 -53 29
51939 55418 -25 -26
90765 30206 2 33
45972 12590 34 -60
3842 68240 -47 -38
12903 13186 -38 -42
93942 32764 -44 58
23866 67473 50 -78
75152 12439 -83 -63
67303 29910 -82 -26
51720 44960 67 30
5070 78381 -45 22
85377 70443 70 -7
41399 69431 54 79
87473 62895 3 -41
10114 56669 68 -43
28404 14946 -23 -41
50637 46626 -54 -30
49872 26701 -33 11
28396 5681 97 -99
39532 14094 36 21
65836 82157 5 -22
36131 54574 -46 85
13835 80931 30 91
17991 41532 -20 7
9741 35935 -10 -77
84075 71818 70 -70
83680 50032 -24 -68
23507 11370 -8 20
31803 77779 24 -11
58504 25160 -37 -19
