300 1000 10 30 100000
17237 5623 42 -48
86178 18319 84 -40
28946 21601 89 -83
84777 21499 -10 42
56736 93383 -75 5
37363 39780 50 -73
55883 87675 -27 -54
29752 10571 -78 -10
30511 54902 86 95
6285 44722 21 -2
86157 84353 36 -37
83919 94830 -41 -48
29260 516 29 -18
43551 75538 -11 -54
28974 9016 58 -70
68597 29170 26 -43
36394 5502 -67 18
36250 13364 -66 -38
4692 1244 9 55
83227 16952 -36 80
54295 73547 26 -11
59625 99623 24 20
14382 81947 41 78
36994 50628 16 -60
48545 69370 47 -39
34378 72997 22 -74
78937 17887 74 -7
36639 83893 44 -32
61947 24254 -86 -46
80060 18028 50 -72
5934 14915 71 -36
46403 84451 61 -28
19864 57086 -81 72
36604 78271 74 -98
14454 85053 47 -63
70867 53148 95 60
41786 31635 59 -28
70808 42940 70 28
70890 79232 -98 -65
66269 35452 6 -20
67692 9977 -81 -62
76848 58274 -94 -7
85404 12328 -70 89
21639 12322 59 -65
8543 15605 -60 71
95390 83034 -100 62
13394 94468 -90 39
29738 31614 -32 -88
84124 3847 -57 18
97880 62718 35 -81
70882 65723 13 52
31695 95033 -56 -72
50948 99786 24 87
56489 63317 56 -38
72220 11925 61 100
76476 53424 54 88
5788 99676 68 73
26453 10259 44 -15
38127 76117 -25 51
10999 89478 99 -37
21501 3827 4 60
62363 1573 -61 -64
7635 88243 78 -73
68858 22224 94 75
19940 30773 -38 -35
36791 9708 -4 68
86498 84501 -81 -10
40030 4182 -8 4
62697 20905 -45 -12
20356 45030 67 57
62053 71454 50 47
23569 84598 82 -64
69928 33643 -4 41
69908 45475 -25 -49
66355 29080 -25 -61
3178 16867 100 94
34637 70090 98 -85
80370 10584 -83 67
80115 20292 10 -85
5533 63476 86 57
16031 54954 56 57
16422 38965 -55 88
26801 74190 -71 46
82837 12095 -54 38
57828 64523 -8 -10
21598 55572 -77 -8
97661 37481 -44 -48
53591 83431 55 1
34646 75775 7 -21
4746 95641 -17 3
30627 85656 70 23
9045 91807 94 57
53047 21379 10 -2
27932 82817 -53 -2
13594 18254 -41 -6
60824 7101 38 -93
56707 36612 -88 69
66421 25440 -54 -76
49366 41112 23 -95
44856 26337 -87 88
78741 23380 0 -65
13110 36692 -50 14
61403 34339 -9 72
74026 65341 80 -18
89853 66656 62 34
54727 57130 73 -65
65053 43195 -71 -100
88757 29731 -27 -4
11583 80500 -84 -51
96808 80753 -8 -86
36981 36087 -74 5
91893 77649 30 -52
52662 25709 27 -80
10408 20488 -77 49
77760 75294 -89 91
87477 19500 -81 -66
6224 82432 40 84
789 77831 98 -58
99092 4768 -85 -7
51015 79638 4 -6
69040 73624 46 66
95746 34205 40 -65
47821 68423 -6 -75
71185 57725 34 -17
52296 51539 72 -45
52789 93784 74 -20
21355 23923 66 49
61522 80237 0 6
23113 57891 39 -74
10283 12018 9 3
35564 93199 54 -13
28831 65089 6 0
53147 84836 -88 21
36984 85476 -14 4
69244 40430 34 25
18675 83804 45 78
91503 22588 -42 -2
62551 94956 -6 -85
73461 2277 21 71
13185 78240 -86 26
74960 64068 -96 -23
68731 29945 94 28
20426 43029 -48 -19
28960 798 53 13
75114 77214 97 -23
64458 26614 51 51
88431 12527 53 82
7235 22548 78 50
51400 87721 61 66
12241 87364 -8 73
12831 31321 -37 12
13725 43812 76 -65
15902 82485 -15 -75
82105 3025 -35 -18
21329 81284 35 -37
78498 37439 44 37
11443 66848 53 49
2430 67225 -97 -73
71401 33733 94 88
99248 92755 -4 -80
19177 36743 73 60
85283 12896 28 80
40645 67839 70 -13
74478 33543 -53 -95
73798 5123 82 1
73302 61653 86 75
43109 47528 18 87
48192 93016 -9 -79
77976 84090 -48 -99
35280 30579 39 3
41332 55893 -54 16
84674 39264 82 21
57215 32999 85 55
82426 79767 -85 26
92076 4539 -92 -20
64860 48996 -63 28
52892 27870 96 -5
17265 39916 -64 -42
43509 39295 45 17
26298 24475 92 52
35192 14696 -60 -55
42288 12594 -27 -34
67166 55766 -15 -14
26194 8608 -13 -65
54468 59978 91 -59
9743 61940 -56 -73
10773 89126 -97 49
73710 7523 -11 40
7547 37422 93 -90
30321 11145 -12 14
19209 10711 29 -27
30439 91017 50 96
74034 14618 -12 36
39012 67238 -16 39
90949 15580 83 -26
27620 74571 55 -55
73712 67130 -39 23
56415 64100 100 -40
794 63301 8 -72
53187 98129 -53 17
1547 97445 -8 44
54465 64928 -72 60
23323 87398 62 7
88160 40464 60 17
35798 99258 80 73
71345 65984 97 18
76899 24305 -46 -91
10198 44465 -50 91
2444 19083 -15 39
68875 75132 -93 31
73359 92779 24 -45
79807 75660 51 -27
10703 71341 -23 -48
53490 10496 36 51
85619 59143 -50 -62
98665 71717 91 -15
47272 5571 92 -22
600 8222 10 -62
51445 64316 -23 -57
56669 91710 50 100
28580 26750 -1 -51
86917 19780 -29 97
97051 7035 -9 52
4998 61575 -56 -59
90110 18652 4 65
20757 49947 -22 66
23338 66650 4 -8
63453 45013 -65 -97
21007 74382 52 73
18353 41852 73 -100
98940 22609 -83 -69
16495 32827 -87 -37
25262 44370 -9 50
17221 9634 -84 31
91370 81009 -27 -94
67940 74066 9 29
16995 72760 97 -74
50448 34707 -59 51
77264 81222 -65 68
43233 4995 -21 -59
28422 31062 81 46
31302 88726 35 82
9239 56489 59 80
56574 70792 -32 44
87463 24475 -79 -31
64054 82178 -21 -7
54642 71339 -47 29
66231 84336 -80 15
30892 82728 36 -99
33293 62571 -32 96
17832 47346 -85 72
54618 58756 -15 81
15815 48711 -62 -74
96485 98814 95 -2
17411 50007 -91 96
82459 17428 -37 -92
28744 42147 -31 91
84458 7078 -60 44
78494 62120 46 3
65957 59394 -38 -91
27487 81655 96 61
231 52262 64 -45
89242 81405 -75 -18
70177 30725 -93 -61
83354 81958 86 -65
59146 9693 -84 -29
94805 60573 -89 -6
2502 77829 -70 -17
12648 55111 7 -21
87475 85532 -28 -45
20757 14803 -40 93
9230 30085 73 -99
46599 11646 -59 9
65684 93235 -34 -66
61022 93244 -66 -69
75780 80700 49 -23
71875 35252 3 5
5023 28144 8 33
5269 42327 -50 -94
39262 84860 44 5
19609 28600 39 2
21554 88821 -5 97
14159 15918 -50 -6
64296 53465 -62 12
87210 52101 34 45
30355 31326 79 23
49345 5757 -27 79
87340 91086 -65 -9
69013 20561 -90 -69
5011 37246 80 67
36539 89253 -89 8
29420 60800 -47 40
79779 72606 34 52
48854 16495 -92 9
36719 83682 -27 95
71587 19488 -31 -87
65485 9053 24 85
93555 98598 -52 -4
6070 27096 -94 95
5457 47349 69 -86
