300 1000 10 30 100000
45408 6007 11 22
8210 30015 -57 96
9513 37222 -37 84
68129 76110 9 37
41959 95510 -70 97
55286 65822 78 56
64645 42344 -84 -79
63814 85139 45 -73
73109 12721 -75 78
45847 31284 -54 -30
17281 93404 -73 39
72181 50574 59 -48
57962 33424 52 -34
56095 72903 31 11
62707 91191 2 -13
25573 6715 35 9
64473 73383 50 69
20264 51583 5 23
18286 29890 -75 -84
53251 43600 -75 24
44900 43339 -78 -39
69218 97867 5 -7
2686 92410 43 30
95239 92255 63 65
33878 3777 99 14
85982 62180 92 30
19247 83698 88 8
99561 18864 -84 34
94134 78071 77 55
51825 7266 -52 -91
90277 61265 -32 2
81793 41749 75 1
90894 2219 51 -24
92249 96635 27 -92
65793 23896 -82 56
19315 31038 29 2
31835 85029 40 -41
23782 34499 42 91
724 20727 -8 72
88403 32026 23 -87
75701 8047 -45 -34
31867 99095 -9 -8
19315 19017 -28 -89
20471 55985 -36 63
92297 87225 79 -69
21376 27479 -68 -17
83417 43632 -41 -11
3659 36362 -50 43
53460 67446 -73 33
68362 67037 23 26
21788 33442 -46 -73
93578 59227 37 46
72634 63629 27 12
6544 854 78 28
69931 88660 45 20
95636 47604 -78 49
66801 49745 26 92
93357 22032 -76 -61
78206 65048 59 -39
29234 39701 -51 32
46676 23613 15 -96
45506 26946 -70 -11
4284 49143 24 52
90298 75069 -28 -36
57271 98487 31 78
62692 83194 -85 -79
42712 80357 77 -14
73847 51078 -84 63
29850 38961 -79 -94
74535 69258 76 1
59404 49782 35 54
69821 62884 10 -12
18223 21965 90 -73
33924 5848 -78 56
72637 17127 56 -34
73587 77761 -35 -70
23669 17791 -24 -1
8827 39165 -63 -87
56404 96664 -82 37
62161 95389 -70 -30
25196 63700 15 -36
60220 82046 67 53
3728 49164 76 -41
79565 54120 -63 27
71664 23758 -95 66
97709 45648 94 -61
40537 56069 -9 -41
1505 89696 44 89
18176 32951 51 -90
91443 92794 76 -10
84278 63957 -79 40
41517 54267 29 71
56043 91586 -97 72
82212 72569 55 -9
79079 29583 85 -2
18565 12255 4 98
22577 61313 31 -65
48639 36408 7 95
67438 46881 66 -98
75257 41251 29 -12
31496 12390 55 -82
87365 63241 14 -18
76310 82982 -78 -21
1899 28050 -38 -45
10623 897 -55 27
81509 33484 89 94
4947 23895 48 -63
34305 90031 30 -96
87745 89338 84 -98
38178 66457 -50 83
59338 98699 -80 15
29215 77721 -18 -16
55537 89339 -29 -91
133 20061 -72 95
74534 10922 -34 13
12268 49460 -86 -94
20523 539 25 46
32789 24070 63 -16
26668 86109 100 27
27306 8082 -75 56
65631 70050 -40 49
74030 6361 41 60
25932 86126 -66 52
17036 57250 -49 -54
60195 31375 -15 -38
36605 134 35 40
78908 19824 -55 -79
78295 51136 -68 33
78802 72004 41 -47
40593 85034 46 -77
94261 13288 34 -21
17328 87959 -42 -12
43694 53484 17 78
4094 50852 -48 -32
58748 96438 79 22
43017 53243 63 31
12745 88768 -68 -10
64122 68762 -14 83
10296 68647 11 -61
9424 51342 -74 -80
44316 56169 27 71
45245 462 -87 -98
58685 5501 27 67
30219 80625 -99 -49
79760 28972 58 19
97324 35754 21 96
33885 76350 -34 -11
88144 8252 60 -14
4585 3643 -76 -79
66559 97931 53 17
22650 26129 58 -87
58939 73200 46 -74
19487 90800 87 24
59851 97995 -98 -67
70437 57024 63 -73
23427 90604 4 13
51894 53176 6 -87
71799 20754 -19 83
7174 8875 48 12
70491 31774 -18 85
67688 74970 -14 -92
14597 82606 -23 -56
790 56129 79 72
22559 52658 97 -41
3487 46658 -66 -76
95590 11542 3 -14
55037 33202 -64 -24
23229 27762 -72 -43
86673 62185 -49 -51
88133 6961 20 -93
86714 48283 -86 -30
64136 85325 -58 -23
12688 59322 -6 -33
18863 36165 47 34
28353 98947 78 65
53803 47685 -79 -2
23807 31152 36 25
32531 85709 83 -61
88094 46725 -24 -45
53540 83234 -33 69
94167 78584 -26 -1
23316 46790 -21 -30
1998 80823 66 35
7689 2031 50 50
32407 77118 30 -35
31509 55569 -55 -65
50861 69269 -56 11
8534 42152 36 64
57496 87781 78 -64
78139 33897 -80 54
46152 44842 47 2
40429 91714 90 85
20400 64425 81 -30
14706 31241 62 -93
42933 47967 75 99
53321 36799 90 47
89779 84538 -32 31
43590 45034 24 -68
94959 90628 57 43
25841 94680 -67 -85
3086 44985 -100 -71
28523 84735 -9 2
63817 74954 -87 53
50013 77574 -11 -84
64754 84690 -97 73
72304 93358 30 75
44091 29779 -92 -86
15459 81949 31 -46
15985 14897 -90 81
28137 55649 84 -80
76955 1923 13 1
2555 68752 -85 79
27978 23712 -96 -8
58359 50517 -53 90
44858 91868 -61 16
61706 37311 96 -18
1662 71479 89 16
95693 26067 -70 -82
47499 22267 26 2
28278 82243 -97 2
85681 22298 -24 29
91029 18682 13 -35
19667 40430 4 -55
89819 30234 -53 -98
92172 554 68 7
12433 67072 17 -32
99277 97327 -21 100
5851 20298 0 -80
80580 49688 83 -100
25343 28599 48 88
97466 85057 -48 -29
46059 41838 -20 -92
17163 61788 21 25
47244 89756 -25 -94
2866 37329 -95 86
39631 88298 62 -96
54939 18337 -53 -6
37603 83451 7 89
39175 73922 23 79
95281 59339 33 53
13791 90728 -68 -8
64322 55086 -42 85
5422 79704 58 2
53708 70457 62 -100
86944 27533 -20 40
74704 64382 -32 7
14447 14783 81 61
17950 86995 -83 -17
46856 51922 85 70
13841 28518 -14 94
33290 15898 11 -29
34867 24707 -63 -26
19297 50799 62 81
88903 47686 3 59
66683 52739 28 -86
88770 65434 -78 -67
37275 99400 -47 71
877 27432 -44 78
13197 27124 93 12
68840 29862 -66 -31
66465 15214 -79 78
23649 34283 -77 76
59427 54640 -57 -14
87402 25253 -41 65
11416 7580 -73 45
81637 25362 55 -89
86042 82333 19 56
86075 31100 -76 16
43537 46715 -27 80
3352 57540 -82 -44
89336 93973 -86 -99
68909 78732 84 -40
79787 60479 12 4
48255 21452 88 -68
68852 35312 76 98
20633 64204 36 46
24722 81988 6 6
36051 92991 88 57
48192 35537 24 -31
67024 28620 70 -18
80423 55489 -1 -70
37945 72856 79 -78
43893 80917 95 -5
33362 80933 21 -20
50176 2025 45 25
7348 24280 -94 -59
90521 44459 96 91
321 62653 -17 87
43469 24574 59 -7
32492 88383 -27 13
13377 55281 54 -24
73274 11233 -66 -18
99918 47405 93 58
20361 89415 -90 -57
51597 83201 -33 -25
68378 63953 -79 91
41886 29648 77 -36
46339 79436 -32 -47
52424 16046 16 85
52725 23365 -30 -24
