300 1000 10 30 100000
99289 62623 -97 -41
76559 40712 -38 -38
94374 83063 -46 77
48951 92323 85 57
19243 44088 -73 -39
20272 81970 -68 -48
32100 76535 -26 -6
27043 9448 -33 -37
5269 74554 -71 86
50699 75374 -96 45
16225 28219 -79 -79
52148 19570 69 -85
38990 67053 -19 22
69809 44692 60 11
73113 35804 -63 -32
99496 35221 64 41
68767 18357 56 -67
41096 34698 -40 -65
14002 72276 82 46
93421 36629 -9 9
1098 86990 -63 -37
59524 66170 -65 84
72977 83488 93 -43
43452 29278 2 57
42945 32507 66 83
82818 26752 -80 -24
26317 63196 66 19
80088 81813 -94 -70
83180 50527 -1 -22
63185 85322 84 32
32236 43664 55 -20
92039 67264 78 -3
67021 45414 -43 52
8771 72679 63 40
49486 76168 61 -44
36598 67724 -93 -60
77928 77828 24 -98
72547 83206 23 -80
61821 64074 60 28
47554 31914 65 50
17988 51377 -100 -53
30163 7963 -94 14
63439 87429 71 25
14940 35540 72 8
49247 95782 78 -77
24078 157 29 -50
32272 94421 40 44
53237 60160 -61 59
94759 45933 62 -99
91760 86329 40 -21
95310 10333 -40 -59
62610 7694 25 -52
65199 24544 30 87
6949 11005 89 35
63435 22743 -33 86
81554 99198 73 -100
71870 10434 58 83
13746 3560 70 -54
77557 26205 16 -47
78993 21854 66 -29
63214 23262 9 40
21257 82921 -100 -34
16435 31427 -24 -69
41488 58341 67 -54
68275 95764 8 -85
50387 53123 23 7
42438 62308 -28 27
76543 73534 37 -71
87548 17151 -58 42
20602 78572 -1 68
87662 7451 -42 81
3116 21572 -62 22
31701 32652 -24 -73
17255 76200 -84 73
30929 25102 -2 -22
18152 89671 80 -88
3828 52193 -32 82
71530 513 81 -100
5452 32161 13 3
35110 72807 -62 -6
86898 53136 -36 -61
63347 51220 -25 -62
80777 169 46 72
96180 42547 -74 -81
2478 11636 -96 -72
27539 83277 39 -64
64245 91015 -20 -79
2716 84548 80 -58
30316 42507 -11 42
12061 35702 59 26
88947 48937 -23 74
95071 52999 -38 7
21703 87668 84 -21
84403 29014 -71 52
38332 37996 -99 -71
21935 43128 -79 -18
92339 91980 -66 12
76703 16745 -87 99
20423 94376 31 -76
45370 87110 -47 85
69854 95298 -80 33
99653 49196 29 -87
92845 47058 -67 -1
75034 58384 -77 -51
97022 80391 52 -34
4854 49038 36 13
68596 57933 40 64
75699 35447 6 -78
82458 34705 17 -70
74402 75143 37 95
31534 89938 -53 60
95724 17947 48 0
45881 14980 71 23
36572 63403 32 95
81882 59199 -70 -24
29884 3135 -36 -63
38105 79070 2 5
11705 37219 -9 83
20236 38760 -25 -32
86342 3932 22 -3
94022 65245 38 46
92131 47325 32 -96
81654 56424 35 3
92471 19331 7 9
88760 24661 -80 -27
40637 50238 73 25
18406 43093 -70 11
56983 54654 -37 12
11167 77165 -6 35
42126 48923 38 -25
22801 54528 41 -11
49944 69776 9 50
89182 18419 -80 -71
44297 39290 55 -58
31846 16217 -17 87
43488 69244 -86 70
36166 94949 71 24
58741 15837 -10 90
21716 31190 41 -9
55856 44023 82 -14
59718 27689 93 -91
18629 64996 66 -96
94671 76455 9 -24
13918 35470 39 38
96904 27649 49 -88
76208 7787 -12 -49
24430 40519 97 81
38577 66994 -12 71
98738 17056 52 -54
3119 66646 84 -36
30523 620 -28 -95
407 47669 -46 -46
1306 59081 69 -78
12037 51339 -71 93
37599 13602 93 -100
39102 85977 97 56
42042 17988 33 -14
13396 27765 -65 -93
30259 32841 40 -39
99413 58821 5 -93
73378 75657 -5 29
95750 2194 44 -95
42018 55483 -84 -69
30295 80278 -23 -96
55053 94583 -83 99
58769 2495 37 -87
89260 51709 -9 -30
48278 85559 -85 -25
20989 50099 13 -39
99107 89902 -73 -97
65781 30156 -94 -3
82954 60949 -80 -93
382 82645 -17 14
24558 2864 76 58
96705 29616 58 -62
49427 30810 46 -77
42745 31563 -61 -49
81041 42900 -69 -51
92029 16783 26 22
87328 8134 81 56
11233 22683 47 67
43472 65025 -2 -10
67363 73084 -33 42
79123 56572 -66 -99
7057 40509 82 -37
86718 96196 78 -64
7924 79162 57 11
60672 60223 -17 77
45673 44983 80 39
87622 3365 73 -81
73053 52983 13 -19
56608 13562 69 81
51652 30753 -54 77
91598 25635 86 -13
87139 94931 46 -79
70153 61377 54 -35
74956 90476 -10 82
3866 41374 -67 -20
87808 71303 -95 69
78229 23585 35 50
23509 18401 -19 78
43033 10217 -10 -33
44305 83315 27 -60
92071 99402 -1 98
83408 94727 -96 8
74307 79067 76 72
22552 88040 -20 -68
70114 66900 51 15
13102 40498 74 25
10904 84198 -44 -29
67271 74336 -34 -25
17885 2342 -81 -46
7368 81587 45 -56
58061 49442 47 -18
74793 19933 50 -65
48347 7171 -6 58
24537 11739 66 44
11214 72694 -93 -84
8930 83760 -66 61
93097 74939 -84 -96
38086 13892 17 -57
46048 65458 -84 -15
52096 41154 67 56
42280 40224 -72 60
8411 57253 -87 -32
91904 43864 -45 31
80064 14414 -96 63
67804 519 -86 -69
40421 72318 72 75
95330 39474 -77 77
95672 89996 -66 -91
82327 92228 8 70
32336 1746 -22 -73
92085 82023 39 44
97513 85862 20 -77
14232 48239 34 -91
63127 14801 10 49
6150 63816 -85 -46
22475 14605 -77 10
92076 13010 70 83
57009 71858 2 6
59453 3408 -61 -49
10275 71581 -64 30
95692 83979 4 -9
22151 2401 92 -19
5187 11436 -77 -72
50960 10900 79 -4
22340 10049 88 44
44057 39392 27 43
3589 84769 35 11
51665 70829 5 28
89832 54719 -69 -29
13691 66898 94 -11
89208 39632 -89 -64
87284 40943 -77 89
76413 46971 92 57
23544 29996 39 63
8046 28539 -86 70
7932 58273 -46 -4
89813 72251 50 66
85675 53317 -67 -20
65583 41550 60 -56
16195 49696 -50 -80
29144 5049 99 88
30318 2044 29 82
72085 12453 -14 23
37959 64619 -85 57
47638 56199 -86 -11
44836 74536 -3 -14
45265 12111 -8 -94
44057 3457 97 55
15983 61805 4 62
32095 91583 -14 -25
78838 75823 -33 -98
31423 75758 -82 0
57685 4421 -81 -27
60879 62339 92 -4
10036 81027 99 -49
7410 48598 -32 4
93142 24717 -64 -2
29950 12149 -81 67
41634 70350 -81 62
9786 99587 -60 35
7236 71802 60 -81
98937 9345 -17 99
74253 34866 39 45
3164 96556 46 2
64389 24846 19 47
15510 18015 51 -35
62448 86969 -8 0
79654 33188 -86 -4
43299 32974 83 72
29085 55444 7 -76
43985 11655 44 -92
36918 3093 -40 -25
57560 94912 27 80
76356 43840 -73 -70
31044 5676 24 78
62501 59671 -38 60
94048 84009 -83 -82
