300 1000 10 30 100000
27048 97435 -60 1
19179 90776 -47 7
66804 88060 -5 -62
70640 96522 -60 58
63065 8814 49 -25
30900 28685 -6 -84
92554 12729 5 48
42416 26545 -98 27
70574 64803 -43 -84
48432 61828 5 -72
97843 68931 -49 -54
28772 76222 20 20
66032 43110 -35 -7
56771 50117 -10 13
84945 71729 -8 -10
71464 89466 24 -8
1870 84761 -13 -38
87656 22450 15 35
33111 379 -89 69
51988 96830 47 0
58956 6955 21 -56
26475 93781 83 91
73057 52675 -22 57
85435 27821 3 66
90383 92125 1 93
86632 46122 -16 -74
78836 90887 -33 -4
221 21910 -8 -95
58841 86412 55 14
49226 32663 59 77
75692 62169 56 -26
79639 95996 -24 -22
48649 48940 100 45
76773 61088 73 -85
62566 20244 14 -34
57099 43130 100 11
96818 886 -77 37
85578 10357 -93 -70
88162 98675 -8 11
36316 80100 40 -55
55532 86940 -60 -5
54087 84784 -17 -57
26481 84652 -68 24
18233 79866 -48 99
90078 21803 68 32
38645 87094 93 88
96654 50081 39 56
11201 9637 68 -7
24678 45053 -35 39
91988 61573 21 -35
81704 62045 22 23
2523 58774 -40 -30
34552 74875 -3 76
34569 27559 -54 -100
24131 29195 -89 -38
53373 39793 17 75
22790 70460 -6 43
94808 78724 -3 -40
25910 10852 -16 11
36419 15514 -80 -19
70221 68772 -65 32
70125 48308 26 -51
66895 55023 71 -20
77769 65988 -9 -24
35700 4358 -55 -54
2181 32261 63 97
67884 27617 90 -38
40624 11370 -100 100
79679 27008 -6 52
50891 3041 -68 -51
6738 36032 -70 -71
70408 39726 7 -95
85204 41065 -84 37
78484 22970 -72 41
73067 8942 -35 37
32209 7562 -8 92
6212 36974 -64 -61
64695 98312 -57 -61
56216 31031 56 76
83881 94948 77 -100
20543 65308 -54 -61
48626 73607 33 43
97231 1976 -26 60
79742 111 -36 -60
67854 55881 -22 50
87868 54459 -18 -99
34529 21140 -22 -39
81747 71199 -46 3
76769 18224 -75 8
97427 61453 8 10
60067 63033 71 -24
60998 33699 -48 -37
95868 97105 21 -77
17815 7434 -51 81
98738 10292 -20 -22
13764 11930 36 -80
46077 67778 36 -68
12690 28150 -22 49
41501 65210 -90 85
96004 39126 6 -49
40458 85575 -23 -91
51735 83977 20 -6
44047 29361 -2 40
72986 2883 -37 20
19621 92931 78 62
11977 186 56 -74
4563 58594 -1 -12
18506 33234 27 81
63940 85203 63 39
87393 23902 0 14
7636 37770 -80 -7
31163 69149 43 -16
93388 57308 7 20
52906 70235 63 3
9559 80364 90 -13
76259 88642 80 12
48819 64236 -44 -62
93963 1511 -60 -41
38425 1310 59 97
75991 92601 -95 -56
47495 92329 56 44
4981 79239 -1 -10
38226 86128 -37 27
62589 6133 -4 -23
58679 85429 -45 53
42290 57180 72 -59
60071 57386 73 -17
87374 524 68 82
48525 61432 45 87
52388 39421 -47 98
77047 51803 22 5
42904 83059 49 -19
25512 88455 72 61
4423 86841 -60 -65
86302 20400 1 -33
14949 72657 -93 55
41412 62588 -37 83
94466 584 4 -64
33863 90493 100 -26
40341 85518 64 42
36161 65799 93 79
17861 45345 59 -5
83780 47328 86 -29
70585 75569 -56 -20
89400 13114 -96 9
19834 75871 -5 -27
4851 30037 -44 87
56250 25358 42 -56
9815 93701 30 -48
97031 60915 43 1
47020 68305 51 -57
27641 81704 51 86
50360 483 -38 3
82324 63289 62 -36
67766 16640 -98 97
82454 61459 -71 23
90418 79710 -44 96
59066 10578 55 87
65706 67592 -37 68
4065 51230 34 31
55960 86199 -94 -29
72888 62810 44 -87
18617 11050 -78 95
81135 20812 12 96
74890 81098 -5 -55
6380 32220 -24 30
50556 86219 94 44
17349 58649 51 79
51806 34557 -19 -20
9687 86412 -61 31
23731 24983 -18 -17
22736 97760 65 -41
98847 81288 41 23
7304 57469 1 18
87201 42258 -76 55
42383 45940 13 -75
40193 55837 78 59
75305 89299 78 25
69925 94355 -7 -77
59891 20729 -24 -75
61783 81789 27 -82
72952 52825 44 -21
55699 95227 16 2
31944 32401 4 8
24476 84040 56 46
27779 62092 49 -65
16323 5452 -33 -100
18436 29089 41 88
38205 28952 -62 84
77815 6561 -83 83
21920 2283 27 62
42606 53544 -22 -73
38567 27743 -32 29
68966 31397 31 -58
29736 75330 60 0
93886 37462 -27 92
90310 43733 -9 24
39080 88904 40 73
134 40229 82 75
72239 72006 38 78
3815 42666 -19 36
52795 22268 -66 -30
76482 45554 -18 -91
77342 29959 61 -36
6844 81466 92 -37
64747 50585 82 -31
64202 78170 34 7
19211 45592 -36 -60
80619 22432 74 2
18355 56124 17 -66
29903 47954 -63 40
91455 54846 -74 -11
21036 64540 -86 5
25992 65174 -89 44
91163 8539 -46 -50
53562 25506 -74 -24
61669 24406 45 -72
59012 47574 -1 -52
46822 85227 -8 -2
69564 38751 -50 -34
60277 58426 24 -83
23240 44953 -99 85
40241 83549 87 -70
36682 56235 50 -55
39465 82908 -72 99
25741 68268 -20 -99
98063 91293 -76 -63
74919 15397 56 60
64175 10444 -91 93
42266 73222 78 72
71059 30714 80 -98
19957 53222 -34 -60
86603 18516 76 7
52474 2729 -21 -6
57705 7531 -64 97
42593 10798 -62 27
65006 2995 -7 -45
79771 46487 66 -55
63868 99880 -32 -56
45975 74180 -84 -23
74974 62759 65 95
18971 36929 -28 -8
94293 95419 98 -24
23650 70214 -11 30
28056 69959 79 27
26771 49141 36 5
96679 26870 -80 -64
52317 8587 -33 95
39338 68932 88 -73
6827 37812 69 -46
83971 52802 91 -23
21963 34361 -26 -57
23065 1619 2 -60
99575 70224 0 62
29854 15687 -29 8
21919 19261 -22 -18
17435 67147 -94 96
61421 95497 50 -55
96495 2585 51 -36
41578 58432 68 12
75451 59456 -57 -11
55572 88345 99 -71
8680 50662 55 -4
79253 21786 89 25
81010 3649 59 -13
5988 66003 71 67
84398 19601 9 -58
44809 84970 24 69
91946 31145 -18 -78
38248 32178 -57 100
89225 18955 -66 -67
25016 92361 -81 22
4224 27544 36 -21
57155 81483 -85 -8
95806 56047 78 -80
85442 27278 -37 -17
88566 59822 14 21
31910 15799 91 -12
58575 17638 -80 23
36666 54997 0 -62
2989 19499 -99 46
5911 93260 38 71
65601 29774 19 -93
88776 32041 -85 -42
87792 12887 6 42
81730 14342 -46 16
59614 71170 -15 1
43502 80702 0 86
69396 57097 -86 -38
88906 63407 -56 54
97320 57741 -66 94
5182 56832 -93 -70
48138 44160 -15 81
75421 56269 86 9
96991 40612 10 70
52584 36058 6 3
76223 33269 -94 22
26115 29452 -27 -26
89237 75686 84 -30
26568 25761 67 -98
