300 1000 10 30 100000
2238 13618 -11 -11
93923 45151 55 -31
89336 87507 -98 86
74864 2522 -56 -30
18178 80212 81 56
26069 25748 87 64
36977 82370 61 -11
62412 63658 -30 4
28455 97883 -98 99
20 89533 -92 -45
84185 12089 -37 24
50569 77476 89 -12
35929 68717 -53 -85
60011 8202 83 8
85709 23449 91 -38
99206 32691 -19 67
58745 45091 95 85
88262 64969 87 78
44308 77397 25 -63
12602 35106 9 -56
54599 9728 15 -41
16518 88920 -45 69
37702 57001 16 -76
35577 12398 -82 96
3432 83934 -41 -86
48286 6821 -91 81
30634 28670 -43 -7
77338 90431 95 -98
86495 9514 -92 0
85184 98925 -44 -23
61274 96186 -84 87
73222 26508 -24 49
65660 60266 -94 -18
98929 1505 63 -15
53277 14444 -54 -21
45828 49572 43 -62
54037 42950 33 -87
49649 70916 14 -90
54352 47859 1 -48
21057 73395 69 -15
50529 24510 -89 -90
46296 64467 4 -99
78950 32850 7 21
63974 59701 -88 -40
57629 70073 -97 99
1382 34636 -80 73
75062 85903 12 -72
91518 93023 96 -60
95716 71254 -81 21
81221 45516 48 23
24120 36071 8 55
78060 34670 31 81
59961 49912 100 -69
10505 52095 -82 -2
21778 99649 23 34
36143 10155 -38 4
13941 99276 5 -42
19992 97754 -68 81
37533 13071 -74 88
41277 90903 -91 -2
87173 25232 50 -59
64348 63497 -100 59
3965 52560 -51 78
17295 696 100 -47
44177 17624 5 41
88009 21129 33 75
44661 81862 -57 53
64530 69042 52 34
44088 47280 -11 -12
65112 88564 12 90
92738 90474 -20 -75
54167 49783 100 71
69585 35178 78 70
20499 64204 65 0
14628 34957 -3 -36
7695 18251 -25 66
65947 34061 -68 -11
29274 58826 85 24
43841 58531 -92 -70
54172 41562 43 -21
10070 97085 -12 88
25258 67142 33 -17
52898 97992 68 -49
30978 98312 85 -82
88394 58295 94 -1
7139 49367 -58 -30
20386 93450 78 17
55211 98842 -27 74
53250 21036 -27 -39
55102 86900 84 -4
41761 8096 -40 55
85051 44665 -37 -55
47977 54828 37 86
68598 72312 66 -31
87077 76095 93 86
51922 16761 -97 70
79950 14437 -2 -83
40694 42169 59 76
392 71508 -28 7
90845 63994 78 11
45494 68034 100 87
66086 18621 -73 -7
47803 91170 96 -14
35247 68219 3 85
81212 48470 -51 -2
86311 5292 46 97
2317 42994 -28 -15
62441 51372 -65 30
98842 51141 -10 -8
6015 23935 82 0
74742 2507 -61 -43
37830 16942 74 90
97895 89040 19 57
69242 74983 -71 -30
27242 32318 -63 -54
37019 95334 75 -28
37336 56674 -1 -22
66268 49507 5 21
69766 75402 55 -5
8940 1151 -11 -93
4438 54111 46 -56
26048 39293 98 -60
52054 18409 97 -45
42454 55578 10 35
63255 91379 65 -9
80482 43248 1 -58
29256 56306 4 93
30032 3743 -97 -26
5713 12640 -13 38
71624 53149 91 -18
48404 14643 -24 -64
68709 27735 82 14
76372 40775 63 -9
41977 16216 -13 79
55554 76391 11 -30
38286 41411 92 92
57300 3690 93 -33
59150 24796 46 -11
53117 77255 40 91
49375 48868 -90 19
44658 78210 -67 23
21157 16772 -22 74
61692 78162 -65 18
91032 66837 89 73
3224 27388 65 38
21606 30632 -22 -42
34748 26342 -11 -84
18940 50184 -32 59
17754 68249 -41 6
48236 62501 -12 -44
36698 33919 -4 30
87202 63697 48 62
60703 73472 47 16
97944 46381 12 -18
71652 82966 -47 -61
97910 14417 24 50
45512 48112 35 -45
92820 42244 -47 -84
24675 33181 -16 -5
99834 19657 -4 11
13452 2340 -82 47
76205 60827 25 52
96908 90465 81 25
4085 78512 21 46
39322 58967 -48 74
67398 17040 23 -86
79948 53998 16 -53
7424 40226 32 -6
91480 99099 69 -56
79291 97128 23 -25
60197 22162 84 -21
80977 6890 7 -53
14006 3612 -26 -7
4190 71369 -32 -91
66106 6858 90 30
79730 37237 63 39
70000 45613 -13 -99
10415 18134 -82 -16
26777 27254 -51 72
41635 79860 -49 33
8374 9124 -95 90
15934 28576 83 -76
47757 89084 -78 -77
96968 40174 -50 -77
68926 95561 -42 0
27198 46337 0 -41
87098 20169 -6 61
67436 49745 -23 50
7855 27042 -96 38
31537 88181 74 -23
17046 40980 82 88
97180 15300 77 -62
21975 53711 26 24
86058 59134 -98 63
1435 63381 -82 -71
93281 74500 57 -95
28743 68170 -19 31
6216 22665 -58 57
81788 20979 31 62
12724 90653 47 -32
63926 31878 14 55
35078 45451 69 -59
13201 93998 91 -16
90796 44391 -28 -87
18969 24189 10 -59
13042 99657 45 -62
88394 10279 -19 34
27720 76264 3 -24
12946 50036 79 -68
73093 80734 -82 -69
43261 19282 98 3
32111 3342 39 -30
31891 17564 -46 -29
70973 33338 -75 -78
45037 9786 94 28
77112 34489 -99 -45
91009 76643 73 10
45210 72159 -44 -22
81807 7947 -80 51
27495 81296 -41 58
9087 53996 82 -31
41994 28944 77 64
53106 58488 88 -5
59102 64538 -11 88
4958 699 34 -19
86030 40161 5 -1
28934 50835 86 -50
46314 54619 23 6
8535 802 -93 -26
67383 4875 42 70
17064 56370 -22 -32
20468 80144 -67 9
98453 61265 -28 45
89919 64959 98 -86
45286 31340 20 80
27676 53252 52 -11
47588 24237 -96 62
31760 50638 25 38
1136 38137 -55 -40
13114 87579 -82 -89
10722 2579 21 -13
6820 78548 45 -68
61091 72047 48 86
43978 97287 87 -11
5356 32840 9 -14
25919 63163 90 34
9329 78454 -81 -84
27336 53281 -12 18
57752 608 -47 70
65078 72092 11 78
38121 28980 60 49
999 6666 41 43
3701 91431 28 -98
65836 85899 99 -36
50601 86238 -28 92
95623 30583 -98 -5
93148 9814 -94 -37
49064 90359 42 -84
76214 77532 74 6
80739 82087 95 -85
76369 77693 -99 90
45166 5495 -90 47
64325 11707 71 7
88684 37811 -38 -99
87963 93446 38 -89
11637 28838 61 -21
25602 91133 92 -37
39428 31425 -51 64
16113 91176 -98 -62
63682 96722 9 -88
78698 61438 -23 -52
59824 13303 6 46
98735 1153 64 -84
70955 31552 33 69
47953 7851 -4 80
28752 10949 -25 0
90534 85901 62 -50
59782 59675 -9 -23
81688 98077 -94 34
20668 79747 8 90
82764 17278 -17 25
78937 36312 -14 -64
74149 24920 73 -39
62781 79531 -24 79
51686 74377 65 56
79411 72522 74 -91
99580 56746 -98 68
89799 16061 90 36
50315 64045 -70 -19
93454 73956 -73 -64
24545 44429 -83 76
14558 63504 76 67
27612 1238 -92 14
80743 44216 -75 -62
9525 27150 70 33
42308 71202 -9 -59
29780 96944 -65 -54
15376 75217 -43 18
17702 81425 32 -97
1595 95033 -86 18
