300 1000 10 30 100000
4715 34670 -85 -56
88324 54960 39 55
67248 44120 -11 -74
30289 70689 45 55
65249 92863 92 -64
12341 49051 25 27
40671 62904 -28 68
26504 10934 83 35
93966 56093 -5 -45
61980 22254 85 4
77060 79253 21 -36
43526 58205 78 76
60368 22774 43 27
22574 83262 78 -33
55947 39852 29 -88
95311 39424 31 -3
56800 47199 -7 60
23182 80568 57 -38
52472 1941 80 85
26704 53826 61 41
12597 72160 7 48
49689 67921 -57 47
59107 88116 1 48
82904 16932 40 28
67247 4923 -86 33
73320 46331 68 -51
27072 29866 -2 -27
64872 17878 -48 28
51813 85957 38 83
14153 231 29 44
86904 81530 10 45
80063 50632 46 -78
15402 96011 80 89
88545 2696 29 50
8894 57467 -94 -3
44433 36460 -67 34
95100 81127 52 81
49811 38734 -2 60
29913 83220 2 19
58259 38347 40 -22
43914 86275 35 -45
49587 69271 -82 4
42323 24446 71 -8
48214 54667 -68 51
30434 84101 -33 -80
96047 967 26 13
38646 11221 -62 65
19100 65924 -25 -95
39960 72778 2 90
57985 34406 87 -83
20154 80312 28 -91
8099 88316 14 -30
1393 10093 -6 28
81467 89382 16 -29
44021 92890 67 -93
97571 7120 -1 -63
9640 93149 21 -33
87421 71772 1 -94
62356 16688 61 -6
48535 54300 1 80
2651 93182 -81 2
41253 75315 88 -59
84026 84927 -72 -88
22460 46252 -3 -11
23472 18036 67 -5
61360 52845 -98 46
11129 43711 88 -100
89812 95252 -88 -31
31709 72346 -33 -59
17638 60493 -17 43
52058 26835 -78 -95
69806 57282 -25 -76
40184 35458 -37 -50
65137 42172 -13 -65
29466 42649 70 30
41432 14105 -99 -100
36631 79275 -16 74
44098 46179 99 100
97790 74242 -9 0
89888 97575 57 -95
50475 91488 -98 -50
3582 59934 -27 -18
30710 46258 -11 -60
99450 16151 27 -46
7136 80692 -78 27
17085 12420 20 39
70488 29925 55 -50
6355 33491 -76 -76
3313 75030 -24 91
78084 82952 -2 -89
26234 17340 -91 95
28264 20325 -35 -88
65311 79068 55 -53
76013 2382 38 -13
95761 45010 -67 40
9522 54026 -24 7
67198 5832 -43 11
78642 94077 46 -2
96685 96322 39 -47
10836 13665 30 -16
68414 5991 28 -77
2232 171 92 6
29314 73101 85 79
92686 62242 35 90
76752 7704 76 -98
15444 37546 -47 90
94649 33741 -91 -5
33425 97983 -73 -27
40175 8808 22 -65
63741 86742 -88 26
76615 45050 88 90
33723 22938 -46 68
79010 71045 -43 -82
67595 87763 81 37
27278 90016 -22 -55
84391 78673 -1 10
14313 70228 58 -24
22639 72046 -67 5
83374 15810 20 -62
33725 33857 73 -75
63355 4249 -58 52
1881 66136 -60 -18
80281 64130 -84 47
15557 58466 26 73
25915 47737 88 79
37475 84129 94 65
56416 62041 26 -18
87056 96782 -12 11
17694 18123 63 18
22022 66512 76 -34
37484 69312 -21 47
55891 80515 -100 82
57187 95433 57 -27
90177 93612 -10 -20
53168 34398 -88 -65
48349 97202 24 -74
54408 74593 -67 -48
42529 65557 -32 -61
73076 50205 -8 66
1455 2938 63 86
70027 38976 89 49
48369 49650 -32 97
47081 29334 59 -39
90738 49165 -77 -40
62477 63241 99 -56
62372 32489 -38 90
57990 42152 -24 27
24228 12305 27 2
85176 86125 -3 -42
8783 79972 21 99
80127 66384 -63 83
6074 8335 75 37
50699 23521 -64 -48
54804 53001 -71 77
43691 85113 -73 27
86137 50622 -13 48
45593 95900 37 -72
83000 55022 -39 -36
94545 97269 -57 85
9835 272 -99 -75
18963 98881 -57 89
72670 46148 -60 -85
99923 5942 33 89
34416 93770 -23 1
52799 16395 40 -87
86268 71514 -14 80
75866 40818 0 11
36097 66716 26 61
17489 60181 -10 39
17420 24185 79 -3
21373 1738 -16 -38
11295 28583 -55 57
91546 93080 71 45
19684 42827 -64 0
26825 92338 1 -71
49806 40917 41 22
54049 43029 62 -33
86087 78875 -29 51
89513 33826 -57 -21
85478 27595 99 -56
93103 17658 -38 42
52140 77598 83 16
27886 38419 24 -16
26057 56779 -42 -5
27071 80671 -17 59
56226 32713 51 66
56990 99874 -58 88
24290 48860 -97 13
26608 81337 27 48
35312 12488 76 -86
33462 91989 -68 82
97700 31186 -10 -58
17735 29871 -13 41
8797 19815 -77 -83
46568 15286 89 -70
33814 16545 -1 35
13019 22381 -25 98
49997 18907 -89 -16
47699 2227 -88 -64
47483 25529 -89 -26
8281 90327 -12 -88
9 44868 -91 -14
17479 93058 -69 26
86138 30613 -17 -36
38460 23238 -24 -94
66180 31955 -8 -87
97937 6184 -86 -17
84701 85721 -100 70
86695 67097 -52 -43
2769 80698 25 -32
95950 78223 35 94
19160 91666 41 32
75441 40314 -93 -41
52789 76932 -88 -29
20532 83906 7 -9
20939 64435 -66 57
84897 3462 -92 87
73727 70507 26 -18
38459 60809 93 2
62248 47512 -36 -58
98883 95822 67 57
40602 89354 10 69
28822 84373 71 -56
49185 40637 2 74
22773 76414 -20 -37
7507 5643 86 -69
94760 57483 91 -53
19529 50807 -67 29
55043 10244 14 100
392 83377 12 75
4267 38185 58 -81
73008 69475 -48 6
376 40432 -89 50
10267 78295 -93 -90
46065 70703 95 -77
87715 84436 52 -14
66738 43011 -20 -89
39175 78880 30 45
72853 44217 -57 -31
80887 11569 -38 -36
7804 95715 -90 -99
11652 82952 9 11
94424 59571 53 -53
84218 45799 -46 0
36392 1743 25 89
96466 88977 7 -50
85484 78307 81 -53
98453 7334 9 -96
36337 82520 99 -68
82787 94900 -10 17
59545 80019 -92 63
86785 23655 74 -75
6269 77377 58 77
15120 44718 16 66
47012 36644 -89 45
45173 3651 98 -97
9841 21804 -99 -47
56385 88338 -59 -71
89475 98076 15 44
29180 82931 26 97
70747 66643 -67 33
8051 15828 7 24
94088 27887 23 -41
52762 45020 59 28
16489 64952 81 -53
10116 353 45 -60
51749 65087 -20 -77
8709 21615 -94 -14
67668 90478 64 -54
49123 6601 60 -96
31171 24185 -27 -96
29224 94673 -77 94
86 54358 -85 -92
79975 46796 41 -34
49198 78489 13 62
73486 81351 21 -11
75018 97965 66 3
81165 51994 77 24
77648 97042 27 -60
80708 70448 -17 -30
94564 35056 -62 23
88547 68488 41 55
15807 83760 -98 -78
12956 64541 17 -31
67947 27821 61 -57
10999 65775 27 59
88747 1398 -92 43
59920 88560 40 100
42820 98608 -64 56
46641 62277 92 29
79108 11669 -17 -59
9793 38462 -52 45
74094 9803 89 -68
607 59676 64 43
69046 15221 -45 97
13315 96546 -86 22
11343 33422 -34 3
66123 56635 34 61
48238 69034 -73 19
70302 88125 -18 -92
