300 1000 10 30 100000
7675 60550 74 -2
62031 36387 -39 -1
33969 16504 -22 29
4995 19995 -50 -13
91063 59754 -15 -41
67401 56745 -74 -36
33164 21262 -33 28
55065 22686 73 77
22210 83669 43 -41
13061 45059 -74 -5
97385 24126 50 51
31718 83673 12 55
37862 94635 100 96
50720 37837 38 -94
72842 48015 -83 -39
81859 82467 73 6
15488 93059 -41 36
20019 53340 -95 -43
36023 28632 -17 40
64393 17530 1 -46
28496 70772 56 24
77888 76436 -92 -70
17485 7816 -72 -85
74332 17694 14 17
68431 40387 -76 -84
51163 82470 -39 -37
82833 64957 -82 -48
3009 90601 45 -42
86590 15956 -15 -84
28967 28184 96 -31
7359 58507 46 65
53015 79667 50 4
93313 19545 -67 -3
97728 52906 88 33
38136 22486 37 -3
21333 69793 74 65
45656 21146 55 -42
15379 47092 38 -10
48403 92367 -58 81
51742 67007 39 -4
37612 17894 -83 -60
35484 21711 36 71
78538 29437 -72 -10
8930 46378 7 61
98834 42830 -13 -41
66176 49589 9 16
31783 38650 7 -12
73382 73571 92 -92
47451 78080 -7 -15
22053 80982 -20 -36
78856 76323 -65 42
39203 84383 -92 -90
95382 80835 12 92
80248 62994 7 23
37405 15399 90 4
90351 74508 14 10
32919 58910 -46 -49
47365 33826 -26 -6
27289 34883 44 13
52461 77216 77 77
32299 11711 -55 55
6294 29899 86 -35
99745 7090 13 71
49565 46058 47 -14
59047 6594 58 -45
47360 46312 -28 -37
15522 8478 -46 92
53479 50636 -89 33
17426 63026 -28 75
43390 24338 -51 14
76762 75852 6 -81
8000 52322 -3 -64
87110 4189 20 -62
8833 93629 -85 -45
31923 19405 1 2
58030 49499 26 42
91257 83277 -62 -80
29646 22338 17 -17
52935 78518 -36 -21
10075 24525 23 6
12413 37005 -58 -79
87290 5394 82 53
42726 84211 77 -96
50371 79201 -52 -76
94830 47634 70 14
88588 94556 46 -56
71939 91475 66 74
8903 62561 19 45
53330 1843 59 75
83930 38897 59 85
31042 8186 -100 82
44540 79567 -81 91
45948 28002 -42 -32
19528 85169 -36 -76
84570 38256 14 -70
93924 94371 -90 -38
38012 70629 90 30
9603 11283 56 68
95366 8997 60 -29
54559 54480 15 -13
81957 38456 48 -60
17939 14936 13 -43
72125 77088 23 -62
80138 19936 48 78
24899 91427 -34 28
43341 27469 52 73
56950 66471 87 80
99136 39975 78 81
54294 98507 -81 -24
9068 76320 52 -32
94349 28053 -51 -20
65710 54898 -48 30
83624 9299 -44 1
28928 70265 -19 -84
43331 21195 -97 -64
86691 30416 79 -27
77581 88937 83 -92
70672 55530 69 -55
13675 10794 -44 -84
58218 22565 37 -5
40688 22665 -91 -35
63004 36916 -73 -70
34675 52960 44 -55
25257 51897 15 -60
51776 46659 -62 -4
91264 54979 -21 -31
80075 86851 -29 -26
89316 18397 -89 -32
29683 95917 -10 42
72994 10425 -51 -8
80782 64886 69 -15
25020 8281 -69 10
77886 92916 28 -99
195 13415 -84 83
59782 86989 56 -71
65314 39141 -65 88
4477 97094 15 63
54528 10302 -66 43
811 28847 -36 45
3325 339 93 -51
54368 80423 50 93
69586 25301 95 -30
94235 85849 -72 27
22780 25728 99 96
16666 42268 37 51
95323 49533 42 30
31137 40154 56 93
50123 45579 -57 83
40413 99889 47 -15
49549 45673 -98 12
76832 28792 -21 -39
53634 50501 -29 55
93112 700 97 -59
61276 58081 -94 9
95279 47579 28 -89
32787 97423 -90 -100
96524 44417 -90 97
86921 71764 32 17
43014 65060 10 39
41205 69039 -1 -12
49255 43190 -57 59
28616 21458 -2 -29
83972 50054 -63 97
15219 69397 6 8
45574 94857 51 77
28632 67449 50 92
24057 8983 -2 -27
23864 50875 -80 -81
96147 62317 -33 77
36765 64273 75 46
67719 65813 -76 -66
44405 45108 -82 -76
3033 62518 -98 -99
19491 75143 16 -43
7128 52551 75 -47
71518 57032 17 -12
75910 87927 -11 43
77642 7700 70 -46
71517 97933 79 45
32061 86836 -99 68
66675 83349 65 -84
70681 49064 -36 -79
59338 51940 -82 -86
6697 83464 -51 86
80977 63020 -46 -23
82283 13826 -64 65
73225 14783 -70 66
85912 72745 -28 -9
23189 4788 47 -81
95468 21540 -85 -76
30716 15061 2 -73
98349 9077 19 88
16703 73637 -84 20
28695 89560 -62 25
99684 40534 32 -96
52687 83510 -76 39
24884 59306 -30 48
26434 16602 -36 -66
52689 42526 -54 8
28069 59103 58 74
60740 74520 70 -93
88471 4769 7 68
38721 57745 29 47
32837 77725 14 -24
84002 18593 -39 64
78606 16051 -63 -35
72607 15335 -50 68
50035 79909 8 -42
75919 85605 20 18
96584 44442 19 -89
93699 66805 66 -40
68778 68518 32 -39
15774 7619 75 42
10680 68929 -60 24
83953 3342 -10 -59
94098 81175 6 36
18925 11117 -15 -88
17385 5343 11 -67
53495 9959 64 -10
41297 43309 -65 -98
91651 7683 73 -61
61053 93943 -66 -52
29474 891 -87 9
94721 41208 -24 78
15265 84713 25 -54
25632 58421 -3 100
99987 17830 71 -93
99597 71271 41 -61
82613 8588 40 -22
3944 42303 -41 -26
18040 38939 -56 -20
76489 78819 -33 95
23242 96223 -56 -33
33198 51419 32 54
48495 90379 -64 -48
4931 55756 22 19
10509 89271 61 -58
73053 91224 38 -46
88015 52618 -47 47
9417 63988 -21 59
63997 75392 7 5
72263 65412 -66 82
33279 61253 -96 -52
2142 81611 30 -31
48553 23322 -48 -69
28756 85733 -29 64
44043 70635 -50 23
10046 7492 1 8
22107 65875 70 0
13661 98150 18 43
20291 15142 -73 50
36989 88123 -53 -63
92967 3869 -44 -11
82701 78410 91 49
92982 77125 47 5
1165 24752 86 -14
47445 44663 -13 -96
54836 62775 99 21
44173 97122 93 -59
10815 7107 -7 28
64823 6108 2 85
82057 74364 -46 -84
45105 24807 93 -40
98649 38920 58 -2
78240 61262 16 -46
566 54742 -30 82
13144 26917 5 41
19457 24260 -78 -22
77428 29950 -80 -40
65291 13446 -99 -10
86523 69150 33 -41
883 93332 -17 -77
20211 52042 7 -22
96071 64285 -89 15
6255 98314 -4 -8
24502 53507 34 -45
33643 20235 65 -84
98377 78961 85 -21
75774 2028 -46 -30
47803 4728 -60 -79
18815 8834 86 -95
69099 50698 -93 -47
48257 89415 11 99
89652 69741 3 18
50750 40062 59 28
37331 53934 97 28
2098 12883 -85 24
16294 35053 -96 -3
93283 25456 -56 6
88591 54048 48 -63
26068 88674 82 -27
87449 45801 47 -6
65744 51429 -84 -10
21896 42132 -63 -43
75410 19786 56 -85
50171 14233 -6 90
72587 33291 -81 -6
32260 69150 99 -19
4913 13712 70 46
77030 42616 -40 -94
