300 1000 10 30 100000
37711 39787 35 51
45326 44848 25 50
74779 31245 27 90
75565 58995 -29 -10
51459 19759 -63 -93
22549 82121 -24 -82
97240 15467 66 22
56215 77789 -62 -86
13811 28492 0 8
85142 64784 -81 59
92146 37548 -26 -93
88117 99767 97 -83
4058 40474 37 -84
51989 64153 19 -73
53376 12320 -15 86
34697 43306 -63 83
2200 93297 -45 85
35781 45935 81 77
35191 72047 18 91
64847 29757 -18 47
90855 12671 -61 -98
43885 24132 -46 -11
42181 47617 -57 60
72431 73927 -52 4
46520 90512 97 -100
86485 50203 -2 -84
10131 14360 87 -49
94108 82194 61 43
26584 74467 -92 -49
43019 49762 -59 64
9413 39679 82 -67
62413 28647 -78 -75
61789 1189 65 -12
99390 26689 56 -58
18542 59997 65 -42
32388 983 -19 43
77921 69340 -18 -5
8817 99774 -81 -93
25838 82570 -85 1
10161 97303 -32 78
43464 79441 -15 58
36527 14407 6 13
22270 18028 39 18
64880 8188 34 27
48325 2367 88 -6
18311 4232 79 -31
82753 92802 -43 -83
23780 4551 56 -93
48632 37799 -62 -81
30304 73143 -49 -53
25081 15760 -97 10
15656 12823 -15 5
31452 60447 -62 -75
32863 33194 96 98
49673 59503 -68 -43
78862 47103 79 -32
37442 1260 8 80
75354 77098 77 -50
35357 10879 16 -27
40983 65674 24 -53
13249 51120 50 -6
67103 36548 -78 -6
6449 64576 -24 -58
53221 83931 43 66
93610 42438 -27 -20
22211 3192 69 -78
30515 39839 4 49
98873 90553 91 -38
58304 62345 -51 -100
61019 58692 30 -100
92547 44238 50 -27
37733 9323 -83 -86
66998 34583 -80 -49
9899 94766 24 54
86720 25621 1 29
67847 72040 -11 -46
91126 3566 -60 -79
59482 94879 24 -13
7708 87426 83 8
36757 93666 -98 -39
53533 37296 74 21
42973 10535 9 -51
31028 68631 -5 91
47392 77629 -42 -8
64042 53084 41 -66
98694 28962 -22 41
82442 63290 -3 2
37391 40929 17 -85
39473 22332 -89 8
39680 60142 -82 -99
47073 17459 -37 73
3473 73600 41 24
32506 92196 -57 -66
23640 36300 98 37
55628 85004 -27 -58
55527 22002 6 -7
17934 96666 -64 66
4083 16076 -85 -60
41862 31303 -18 -44
40894 92252 -96 79
66488 33539 -50 -58
66959 68494 -34 69
12593 51623 93 49
94584 99842 -86 6
41705 8772 15 -96
44839 4751 59 4
40249 6570 -67 -47
66247 2648 23 21
99994 51961 95 -88
3971 55299 -91 -28
60997 34435 27 -60
69674 82311 68 -78
17157 28798 -34 -98
80480 92369 -81 -72
16376 58106 -93 -33
60478 12988 -84 -5
6614 34949 64 -16
98409 87991 -78 -83
2367 4968 22 -77
77846 14838 -84 -68
57342 9285 49 -94
51895 64797 -60 43
32906 95237 -79 83
45092 86182 85 -83
44944 89508 -4 -71
77050 30934 27 -59
1972 39254 52 17
27805 82550 23 71
20574 69954 -41 -48
48925 46989 100 -40
28228 77624 -49 -39
33709 6471 -56 -23
78089 60409 -63 30
40646 60459 78 -92
46712 28259 5 5
8059 65408 -28 -18
20627 19970 43 -61
71585 11844 -62 -59
44234 36746 35 -39
46732 61428 16 100
85756 9113 -49 -59
61667 8570 -2 -45
19157 57365 -53 9
22340 73602 -42 10
76890 81116 -84 -90
1689 41741 99 5
29605 92154 -78 25
65423 57421 57 52
53758 57933 -97 1
66240 32447 11 -13
41818 77197 -72 86
15558 29173 91 -98
40245 21800 -59 87
2122 75959 53 59
42517 38023 -62 -50
60619 91658 78 52
89303 73946 77 -59
66944 90423 -73 52
73130 13989 -25 86
94165 29087 -68 -73
36889 6870 66 49
38732 92598 9 -6
68956 78269 -98 24
31204 62659 -79 -75
67390 66454 37 -58
52239 55051 -17 7
2790 53731 -77 -40
66648 24061 23 -3
20441 86285 -98 -80
50331 653 19 93
27452 66157 -61 70
57164 3545 -17 -23
31184 93565 61 -33
54539 16937 2 58
16037 84291 -90 5
64644 89064 -29 77
67984 25379 -24 50
61437 11122 35 1
18075 59016 -74 20
79994 56590 6 -39
39422 26863 -55 -53
75198 26345 79 -91
77637 58544 -21 -31
99635 76580 -64 31
28983 57928 -19 -47
41277 33798 -95 -18
45650 62828 -82 80
74383 19300 -92 -80
30422 45238 12 -36
16799 47345 56 68
13678 88322 82 -15
58204 87534 54 63
36429 98679 -4 -68
77707 75628 57 39
69132 58649 -73 2
78365 18965 85 78
46346 76662 23 -60
36056 7640 77 62
23834 13585 -66 97
88249 61073 -88 93
33486 94275 -44 45
71343 51672 -25 -11
39750 13070 86 55
97539 77344 8 62
57820 97289 -66 -94
77678 39198 6 -70
18013 7485 49 -96
95248 6424 -8 -99
64969 47769 -90 65
8769 27888 66 80
78941 66613 66 21
66628 83399 28 -64
34930 59440 -41 -36
63504 58247 37 77
55160 96577 -50 92
69187 99692 -89 -33
48407 63491 -14 -3
52934 25173 56 -36
43294 50326 -34 -68
50705 64873 -42 27
37124 56277 61 -15
75483 61354 97 44
32358 21494 39 -82
53384 9516 93 91
30295 148 33 -78
86656 47310 -34 -69
26486 54615 -2 -82
89455 87318 -52 0
46950 52267 -14 76
41850 71254 7 2
42346 79525 60 22
66639 21608 -12 92
45491 23497 36 69
83549 25870 -29 -70
78265 46841 12 96
71153 23010 -42 21
76182 24713 31 -52
98376 54320 51 17
29418 18011 -70 -98
83661 93434 -82 -40
48838 28853 -16 32
65021 1019 -22 -17
30089 16460 80 -28
17661 14155 13 -80
37038 89737 -64 73
26167 980 -80 55
22243 72235 -33 -6
18637 52537 7 97
71434 42581 67 87
7249 4046 34 -93
94702 15833 -78 78
75829 62618 55 -43
36579 46136 -82 46
68679 38380 -37 64
4984 39435 -82 -14
62381 54666 -13 96
98534 60267 -51 49
44635 782 5 -92
10118 5082 3 81
67193 57348 30 40
42236 16876 -26 -68
86251 45167 -19 81
42845 53356 -61 -51
9124 34686 96 -96
21421 8477 -87 80
22673 39244 -97 -24
49693 52915 -34 7
2738 71211 13 14
12236 52705 -31 -12
41565 76843 68 -66
10397 76120 -14 31
52072 76161 4 72
20037 97434 -47 -71
45861 10156 -23 -6
82560 44159 94 21
18635 98608 31 -67
49135 71960 81 -90
26537 43589 27 41
71966 89906 -90 84
97305 95560 87 58
89911 21668 -45 -87
80468 78691 67 76
88467 39616 -40 27
73294 48073 -21 -100
69774 43432 37 -18
71468 20198 -5 57
82699 6202 -10 -94
42728 54310 -70 -16
95048 61946 -64 -24
96671 7265 82 -29
75877 46469 89 49
22575 53572 -73 13
62672 56018 -64 -4
58192 98078 -100 98
79002 96585 98 -2
73502 89099 79 19
75059 31768 -48 -62
44937 66713 -98 32
60010 55784 -31 -64
43880 14407 27 -71
