300 1000 10 30 100000
13681 34953 -27 -23
81490 93871 -83 30
58991 18720 16 -78
75102 11841 9 -5
63274 12062 20 3
52483 36512 -1 -71
83112 27904 -5 42
5528 20138 -40 44
99159 59167 -79 32
52846 54438 -25 22
70607 8081 43 61
67854 33552 -19 -6
68021 70807 -5 -88
35003 17195 23 -75
92496 87552 79 25
92335 95148 73 76
79922 96838 54 -67
21721 59991 10 70
71717 22991 30 -69
79717 21032 7 53
98849 44276 52 -50
41914 32973 78 68
4804 24167 -96 12
18601 20825 72 -58
85148 52985 -62 -32
36461 93227 71 90
33824 94943 -20 91
33038 24389 66 -51
61772 27562 29 91
75356 30175 -95 -40
66677 62124 -22 29
31709 50340 -67 62
57179 91467 -44 36
92325 18687 56 -78
7239 71408 47 49
39212 27983 -49 -72
18253 16904 -61 -7
90745 34291 100 68
44633 87430 -23 25
41662 60636 38 41
75476 87532 23 49
64739 26659 -88 -53
40273 52402 -9 -44
6463 67472 63 -71
10438 1788 -48 -22
68581 98297 9 -81
48240 10004 -36 97
72312 8707 -5 -14
7991 69430 75 85
4290 99568 68 73
22665 36674 -11 31
6928 51819 55 28
18103 82086 91 -43
98441 24451 -75 95
16414 64401 -62 65
53398 41272 -13 97
62583 20956 54 75
69244 76527 -61 6
66216 19711 -65 -57
27300 31427 -5 -95
88104 54207 96 -97
40230 42670 -72 -23
12133 7304 34 -75
19689 92974 13 -27
1390 71602 -91 -47
53764 58096 -16 85
2111 38080 94 -95
37640 92239 78 9
49750 62504 -13 34
57538 3493 73 -96
14968 48588 -65 34
46153 28039 63 63
53781 30467 -26 -50
18468 14752 41 -75
38117 74967 -85 -2
60013 73690 -65 -81
35038 6363 35 -37
74101 44142 100 71
89845 76459 -7 99
7363 13096 89 91
46718 45180 35 54
9084 80331 37 15
26624 46181 33 3
71082 47666 -6 33
12762 76839 50 6
70140 3254 44 74
46174 73524 8 94
30803 20938 29 -78
48366 28553 -99 -78
83068 52290 -86 -84
99189 79514 51 -98
97824 34690 -90 -77
67960 64479 85 -8
36026 44331 -37 68
76132 7555 86 56
62050 69257 -19 98
64688 49573 53 87
84555 78205 32 15
58781 36083 -9 -38
59557 27978 -86 75
40440 62120 42 32
41190 14623 71 -18
85530 99877 16 -25
64607 57219 -72 23
33050 91914 16 -40
99294 45330 91 62
22277 9075 -73 -44
70860 6602 54 -82
15533 76193 -52 60
75580 14080 -1 -69
73472 37876 84 61
1524 40276 10 -71
51378 3225 -41 -48
35184 49687 44 57
23024 33631 78 -89
97629 54699 25 72
76416 85384 12 27
95979 34348 -88 34
24825 42720 -62 -5
73837 92935 51 -21
84902 70679 48 72
98958 60143 5 65
5146 25398 -64 44
37345 63794 7 100
53124 77872 68 19
98416 26030 -12 -16
92842 14996 55 7
56718 67693 -20 -52
96707 75163 -83 -44
95874 8163 27 51
67934 60105 22 61
19044 37759 -76 4
45383 32746 -95 -65
1045 27663 -65 78
53169 87748 8 40
95787 34612 64 53
71675 32485 -70 -90
61158 10138 99 76
97235 76061 -50 -14
11357 63991 35 28
22906 39880 -55 35
40320 91047 49 33
54206 53027 -85 -27
8003 18210 -31 20
70082 68031 77 1
67753 99853 31 63
19584 5715 48 -60
47843 48854 -62 -1
44944 88277 62 -33
11324 34784 -33 -14
25962 81383 32 -27
6499 44201 -16 5
69156 21942 -12 -46
87552 30625 36 -68
42213 48624 33 94
70078 14593 75 34
45130 28342 -21 -56
10178 81729 76 -80
39072 62265 70 -64
88641 42669 -48 18
30472 91815 -5 68
49503 1633 -49 14
99764 37686 -49 -97
38161 32860 82 10
84651 52479 -71 -1
5366 7658 -83 77
92 49062 -26 88
31605 93803 -38 47
91578 42963 60 36
88344 9992 92 -36
65375 15569 -26 -46
37735 31157 71 31
2868 98088 1 -75
15367 24114 23 38
27079 79557 37 -13
59360 82673 51 -84
61524 29897 -59 -93
28164 92785 -78 87
62732 6888 41 -94
74803 23724 -24 -83
18600 55599 22 46
59174 70685 33 -39
36819 96604 92 54
83790 26338 25 72
76535 24537 35 70
52989 874 44 -69
58377 6685 -73 -43
85255 21440 -35 54
76309 91686 -24 90
969 58012 -74 98
61436 72559 13 59
54658 91396 32 -12
66418 27135 88 26
25357 88921 -48 -87
38702 20882 -15 12
22909 48512 46 -26
45772 31124 4 -44
88000 11342 47 80
548 64482 18 61
2300 23609 -75 65
45033 50654 97 65
28648 57231 -86 -80
5621 30254 -49 -50
84548 19412 42 -22
21349 17544 95 -88
47983 71809 90 1
41533 24090 -89 96
26419 50275 11 -18
16630 21422 -12 69
28845 41317 -2 67
67242 67810 63 73
85777 658 17 -52
43613 31922 57 -33
64309 53399 84 -38
74240 86328 -31 20
97850 21052 -98 -76
36231 1847 23 78
4721 71526 -40 6
6338 38665 1 62
99438 26832 85 -82
4080 80092 -6 -80
32649 78002 85 -43
5290 67428 95 -86
38671 31248 46 -14
35602 34679 -48 26
66886 78841 81 35
15558 76810 6 -54
24801 22889 47 69
14955 2540 -85 69
43903 74636 99 -69
20477 99474 -28 38
3799 61236 -100 -86
59620 89297 -68 18
76596 87694 -93 -94
74388 52750 -59 -24
41006 31651 -45 -75
68554 85919 92 28
19209 56047 72 22
21525 98576 39 54
88342 18208 -94 0
80202 52704 9 -93
60110 5060 -94 52
41818 14879 -3 -90
86353 19461 92 -69
99084 2869 -26 48
30204 48116 75 5
95679 62931 -19 67
36060 72554 -85 76
33272 77813 29 71
76883 45212 1 -91
16584 71459 -8 -64
46724 79072 67 65
43960 64303 52 17
67873 8958 -32 -43
61636 35503 -61 2
57141 45614 -7 -84
4810 88320 -14 78
35804 34985 29 -97
1869 85078 -60 -7
65995 62239 -85 -85
78133 60958 -75 37
69132 80419 15 79
59338 21474 78 -74
98571 98474 -84 -72
36350 73810 -67 98
72380 38617 24 -78
26719 96514 -36 6
84928 51907 96 78
59420 22356 -74 81
20806 24039 -91 -67
65097 35253 -39 3
18360 16287 21 -12
91821 84287 -33 -77
57352 23932 8 54
73327 25747 97 -69
24960 53882 -50 9
367 16410 16 76
34077 25202 44 4
35016 87149 -85 99
57901 56682 -56 -76
80767 97003 46 -90
24778 90062 89 28
19807 34247 74 24
19451 37547 -51 -100
29923 99101 -98 -42
3318 16206 -95 44
9184 7457 -97 -56
24683 77065 -90 -45
61767 67556 46 -37
71337 23842 68 59
10230 69421 42 14
99967 80090 36 -21
43938 89533 16 17
80263 10016 52 -5
48877 55891 -13 98
29244 82739 -16 -54
96122 82658 90 -88
96925 7495 59 -83
58935 76975 55 -48
99119 73910 -94 79
