300 1000 10 30 100000
6669 73279 79 -87
78741 23680 22 73
17246 85112 -8 -27
61029 58220 -51 -58
94507 19712 -9 -48
77091 6593 -55 -61
71809 11671 -17 19
72499 44144 -90 87
84766 65922 33 10
55769 84278 -47 -58
24969 10463 64 -41
1441 31168 -21 -11
32089 49598 -42 89
22777 49015 -75 56
21940 38455 99 -55
6546 8101 -38 66
12138 94554 -2 94
51675 82252 83 -2
95724 34021 10 1
3216 99480 -94 -51
69592 11564 88 5
93627 85592 63 -8
16855 49183 -19 -7
70841 43741 -23 93
82629 96299 -91 42
99382 38360 18 65
78276 94658 -24 -47
46034 3993 -19 10
23467 50742 -65 -30
26415 46724 -75 96
45267 66069 -28 -86
9708 74878 71 -79
93739 63430 -89 84
36205 53363 52 -30
55735 14458 -84 -41
84538 27120 68 31
14642 1653 -11 72
64177 90010 -62 16
5974 2836 27 94
61580 83481 100 -35
35290 30964 70 29
95285 88453 38 -75
78558 8918 89 55
88802 69692 80 -89
43749 42522 16 68
76439 92525 50 14
36425 38446 88 -79
50258 40485 -55 47
9896 56934 24 65
78708 55341 -5 40
26336 2361 -83 -34
306 1820 71 -6
3209 57017 -70 98
49100 36359 100 36
1463 98901 -85 -49
12401 3646 -83 -29
30796 60954 46 -99
78113 50058 -75 31
68307 64520 79 34
10397 72837 85 -41
35323 43325 86 -41
74476 86960 23 -59
71832 66625 -7 -73
34450 6020 60 -79
15910 12524 39 -24
31077 33542 -69 -11
7654 96737 -20 9
55672 77615 97 -4
57369 78563 32 -54
1727 9802 91 -62
44670 66973 -27 30
70683 97130 3 -95
51082 20423 -92 5
21173 65449 63 6
30553 10290 -98 82
92052 90669 -63 -54
51070 88638 74 39
19885 86269 53 -1
35484 30193 91 73
92224 94618 -40 -68
86778 22589 79 -24
82645 10331 -88 20
33007 89563 -36 -53
6501 99411 48 93
61333 3150 -17 13
58830 7737 75 48
53859 58609 61 -97
92032 33952 100 62
68780 78500 -25 52
2359 73443 32 -75
42156 12618 46 -2
95455 62230 -98 -59
37908 65720 -26 -18
47784 28369 -78 62
47278 46152 85 75
6522 23001 -58 -26
37213 55446 35 60
21068 61537 -72 -79
74549 36174 16 17
34136 39877 -11 -49
30671 94185 92 -57
86947 60052 34 3
77816 10582 -34 -87
588 89819 -34 14
24628 70651 15 15
39560 99224 83 66
38489 71103 69 -15
2850 41019 95 75
61959 26159 21 -76
98639 86365 -11 66
80905 32924 55 51
86507 98577 -35 21
52394 60788 -45 91
44611 1861 26 29
34886 67809 -86 19
69377 6824 -17 52
70434 57361 46 -58
14976 25637 -57 6
75149 2151 -14 -95
50606 20273 -79 70
64014 89296 -11 -79
20694 95526 -72 16
25721 86293 -79 -95
64155 33732 7 69
79615 79053 66 16
9047 36532 -71 21
99679 38110 26 -67
59614 57811 -2 -34
75490 37891 88 73
1142 57478 -59 3
42358 27880 -47 -43
28694 92945 80 26
41277 47539 48 -50
28962 80150 3 -44
78503 79521 92 11
54462 85286 -68 84
842 76699 -29 -63
17125 65572 -78 81
95436 47044 -48 44
79430 75503 57 2
8016 52363 72 -69
64390 22702 -50 42
7053 91498 -15 53
37207 80447 69 -14
63716 35087 -73 28
78284 58522 -94 79
74255 31468 -38 14
49339 72491 64 58
44329 26907 71 -45
55896 10539 -87 50
92770 39501 -30 -75
58694 47405 0 -49
76926 40266 -90 84
15861 94164 -48 -66
42602 86492 87 28
59748 16232 -88 71
4332 0 -75 -32
79208 18803 57 81
55000 12656 43 -91
66838 24891 81 -52
10234 14909 28 100
74919 40335 60 62
57803 28355 -24 94
31009 77769 -61 -75
38332 32004 -88 -74
90531 63977 -3 -61
13029 70411 60 81
44546 71140 58 37
79453 45630 -27 77
46897 76311 50 63
23932 41492 -68 -52
13015 80955 14 51
40653 61975 23 -2
38040 64981 59 -68
74580 50956 4 81
98706 99623 0 80
90385 5326 -71 -48
78654 68287 -58 -44
12760 80399 -21 45
55656 14219 -28 87
64613 89264 51 42
81879 26286 -85 26
92299 53851 90 55
38152 64622 -22 -19
70732 45766 -26 -88
323 1351 -85 -79
65393 63610 -47 -17
99159 40620 -25 82
58413 96779 -17 57
1524 11409 60 16
48354 28460 -10 -3
32414 42812 20 73
97954 96547 91 4
86748 43836 -59 -23
96504 14514 -88 -46
24289 50802 -57 54
37140 81915 18 83
48207 72520 -35 -32
49824 95607 88 55
38208 50359 -98 -73
9754 34878 -7 43
89829 68977 -28 -47
41158 94796 48 30
84220 694 20 -55
71191 26315 22 85
55458 73921 77 -7
9349 60486 -33 -36
33435 41160 -52 94
49439 35289 98 13
45637 87134 -33 3
17837 58462 6 -85
13364 27890 11 63
620 65170 93 73
58181 12205 -39 57
23410 6330 93 39
47456 71332 -60 76
1096 98938 83 -15
44077 32354 43 54
47609 79376 86 79
20649 27796 -82 -1
58652 98229 -5 12
4702 62299 -40 -78
7253 5262 -99 -24
23929 17608 97 -66
29366 10892 42 100
64147 37881 -81 -75
33915 61629 -39 97
4035 737 73 98
20788 31028 -28 -97
17127 99111 -10 -13
38585 70913 97 17
29488 16253 5 -70
66848 98320 -5 93
68514 24477 -86 -30
91756 63759 -23 45
74627 95412 1 22
9781 28344 74 -76
30627 79328 -47 100
82885 19900 18 -51
46222 61618 58 -5
63036 3867 53 53
14288 44677 -1 -96
41782 48419 20 -18
8971 16105 -4 31
96625 59779 72 -83
60081 9097 -33 -28
33835 31050 66 60
46971 35253 42 -100
27624 51699 -1 0
83651 71536 10 -74
31977 25251 -33 55
92147 95700 -92 -9
48149 81147 97 -80
54943 11743 93 -47
97770 55947 -91 19
9336 45746 25 -80
78803 13060 87 -39
84024 79464 59 -97
10086 62876 76 -32
7231 58398 -69 80
54157 7593 26 48
41720 13880 50 -19
40410 95019 94 -87
57562 993 -65 15
4633 64954 -14 53
65250 58271 17 77
55559 56972 -48 6
37979 24742 42 -4
17182 31126 -94 63
43509 54743 87 46
21801 89004 34 -30
14572 10025 78 -47
55673 15466 65 49
83831 50035 -33 84
2496 37680 97 0
52151 220 16 83
43451 37464 91 81
18579 54561 -47 -27
89228 95478 -12 11
7552 91308 -22 86
4617 88511 58 13
32546 65584 -85 -48
79407 38568 -29 46
52332 12397 -18 91
33432 43020 81 17
94043 10366 85 -30
47479 99850 -92 -31
60870 49778 -6 13
35315 16103 -49 47
34427 3250 58 71
74705 83586 -53 17
85194 8663 -49 92
4239 4240 7 -49
20743 27860 49 28
4907 61019 -47 89
62541 29537 10 14
81649 43793 -37 -48
40794 45463 -28 0
23555 6277 21 65
42489 86543 30 84
