300 1000 10 30 100000
25945 29416 10 -81
63267 19392 100 -10
39353 95143 -21 -44
5988 54816 -73 -31
4005 59035 -20 78
5246 87911 98 -65
21637 54619 -87 15
77321 85440 -13 -26
91975 38654 61 -36
90523 13160 -95 9
56273 65736 29 -100
11593 39370 -83 29
27697 11482 84 86
19930 32446 -86 99
8620 86924 -57 -69
98683 95106 -72 -34
44815 85539 27 -41
93783 27403 -83 -56
79559 70190 92 82
78090 62374 37 -90
14155 57266 69 -43
5082 52183 -80 -59
70331 94426 -15 -66
20563 48633 -79 -58
73696 93083 -9 -100
42199 9829 82 -77
21041 8743 -11 -22
46887 78349 -71 -46
37123 5416 -8 -62
18125 86045 -89 90
79533 34329 -50 -85
15306 40307 -2 18
17394 90084 38 -38
24954 71103 -42 43
64689 31971 73 38
54244 22419 2 45
80651 24705 54 63
93674 91026 -4 -59
72389 51472 58 38
62198 68990 22 -15
23512 11802 43 -98
37307 92873 -14 -55
58280 21078 55 -41
9733 22703 -60 -52
62842 24955 30 -63
32501 38039 -73 40
51016 94494 48 -31
18967 31691 40 -78
47202 17678 -53 -97
40038 64988 13 -77
7375 94805 21 -24
35432 40204 -83 20
20073 57902 -11 -42
27686 53027 61 -70
25759 58853 9 -23
65321 10271 47 -26
33725 3154 -59 21
1529 79429 67 44
50168 15872 -78 -53
2133 685 4 18
46991 48547 96 63
17089 4468 46 14
1249 49233 -89 -29
10944 54622 13 66
22671 71236 -85 -67
27502 94439 -7 -32
28734 49982 69 92
32022 54334 -3 -87
45572 33891 7 -6
68926 8950 -49 15
42321 49714 55 -88
78750 79527 -61 -49
46544 58110 16 -33
2097 31692 67 48
79624 29235 -84 -54
28835 1471 14 -5
85456 7968 -7 -66
56000 60570 66 7
46318 98291 4 -96
90338 18242 12 -62
78488 64458 95 -36
73076 19829 37 -19
7774 29968 -71 -33
41626 85094 83 65
93963 3958 10 100
66274 21692 44 -87
21977 17514 90 -8
15548 99219 -22 68
420 49870 -70 74
44945 64150 90 -27
3672 93497 -75 -42
86546 67084 52 7
15438 35585 -77 -10
40218 82400 8 46
40304 89147 88 68
24033 49105 97 52
79660 37726 52 86
66137 25338 -42 83
68763 97799 26 -17
41599 146 15 -30
53124 18130 75 85
27452 15574 -64 -25
89926 86891 -81 51
56453 56296 -15 6
31430 82231 -29 57
5477 77505 -96 -100
51380 19335 16 93
65298 10340 72 16
55353 47765 -15 72
89711 23057 -96 -20
77369 53807 73 -55
32801 79354 -62 -48
34166 3140 -19 -45
44203 42070 -15 -55
52255 16019 -16 -81
54829 89532 -75 64
56881 9300 -62 -51
31489 18826 76 74
42873 17077 -46 0
65335 29472 -31 -85
82411 60396 -47 4
21787 14677 83 25
28135 14127 -35 46
15409 58192 -91 92
2627 41017 -46 64
66142 7894 48 -25
93326 84611 48 7
8666 32873 -6 24
76356 95851 -31 100
59147 4046 -37 38
47526 78933 94 -89
54408 76129 6 -73
20278 96177 40 85
3972 36255 -10 4
18022 44782 54 41
22076 69197 1 100
87978 66363 -80 91
41842 49533 94 -70
41565 50427 -23 -29
59744 90721 82 -63
36785 94314 -78 72
10727 30133 81 -13
49669 65907 43 -4
29328 65841 0 -8
67431 12737 89 -41
19324 61665 -98 16
28381 22818 82 67
36743 73876 36 11
3242 89956 -72 65
37724 8486 -29 83
88301 76151 -30 19
76611 20980 -21 -40
58791 85392 0 -2
79725 91700 -48 7
21745 42679 23 -59
96104 90953 82 -59
47130 95056 66 61
91395 45319 -13 -6
26381 81940 91 85
19472 53769 11 -87
70264 7722 47 92
774 86184 -85 -57
92817 46304 -63 -73
62235 38932 -84 39
8493 77017 4 85
37862 98165 37 -49
58606 55742 -60 -10
34224 91788 -11 77
28826 85321 -78 -53
7610 93804 -29 -75
84823 86843 -89 -77
80243 27962 30 87
82464 20207 -93 -77
80221 70668 -67 -67
57437 51883 1 -64
92333 53254 -55 -100
74927 97213 -5 -16
38460 33216 1 81
33657 24312 -10 -86
48092 43342 -1 -36
89495 62057 -36 64
25469 81397 71 -77
44789 92603 -29 -33
99810 94467 79 -70
1709 39726 -89 86
28617 87263 -3 -61
92753 32853 -50 -79
94341 33867 -44 -2
52857 60447 -84 -74
64419 48327 -27 50
521 76514 82 -66
4709 51694 44 12
64748 59739 -38 -7
3275 26773 7 85
48711 92805 -68 98
96886 58503 -15 -44
21419 15042 54 -1
8548 17268 42 -100
85808 30624 -72 -80
59695 15489 -76 -18
36843 82125 7 -1
76359 51185 -72 42
368 14181 53 -56
93003 70226 -1 18
17473 98153 19 71
19561 28574 -31 65
34197 808 -7 -59
48070 89077 78 13
60844 60422 -78 74
18643 52255 22 -27
53278 66647 -10 60
71551 34158 13 40
19575 44931 57 -57
51752 5357 1 89
12032 56993 -54 -67
62217 19755 31 43
53555 30711 -42 50
79505 18275 -25 -34
44134 64082 -37 -52
27841 96605 21 1
42303 7849 80 16
35276 91207 -44 -11
32328 49022 -90 17
40694 31443 -38 -31
52292 51809 -92 51
76847 61524 -16 -60
87992 35270 96 -19
30587 50436 -49 -17
78202 77953 -68 -90
3954 36576 -19 30
90554 63565 31 -17
57254 90590 -15 85
72735 82768 -63 63
66302 13530 29 -55
4800 7962 -58 72
18883 18050 14 5
71339 2321 71 41
29568 63860 -91 31
13397 1488 -35 -99
59102 50255 -38 41
62939 62715 73 13
67474 95449 -40 -61
19416 50709 -65 -1
56375 15728 48 -85
43077 86542 40 51
85363 61065 -92 -78
96267 22502 81 93
31416 90946 50 -57
64323 16111 -55 -17
78054 90187 -59 66
92207 32359 90 77
65403 54196 8 15
4734 84259 -26 19
93548 12905 -20 -43
39315 44178 -72 -51
93142 75284 -26 -77
69958 97182 -89 31
96055 79520 -94 25
38848 72227 -25 -10
53372 75637 -31 -72
87574 86367 75 -50
27839 10045 71 73
91751 77951 90 79
48373 62103 23 69
89397 100 97 -5
36733 24822 51 36
63968 23054 35 -60
60227 53967 -13 56
93166 13028 15 -78
73154 78673 -29 -93
6326 92529 -64 70
6179 6907 -75 78
69886 65554 -75 -43
51238 98080 34 -59
27843 82765 92 -31
3628 22140 97 -98
29091 76929 -48 -97
44721 54631 12 16
70364 29378 95 -56
67153 92743 1 -27
33989 8000 68 74
60430 77446 -37 73
49901 87288 38 -53
60457 64955 -40 -63
97140 72211 -38 -3
25459 26044 57 42
53677 71194 -49 -59
92226 76634 22 55
15043 54587 -23 96
30136 18278 -91 -6
8121 5876 47 55
26710 41473 -98 64
20503 3291 100 40
35042 17265 -94 71
10223 60535 -83 -60
27787 65832 -64 -53
4466 22136 -7 -60
24989 61049 -32 26
40215 69584 -78 12
25940 6020 -55 -94
