300 1000 10 30 100000
93599 24444 4 58
47018 69024 -100 29
39486 58131 42 -31
83342 35906 -47 -10
71885 72331 -19 -82
40368 99411 -32 -46
58192 98811 40 -53
54964 26174 95 -73
16361 49748 -81 68
39253 38680 -100 -49
51864 31264 -79 -77
61079 50630 -32 26
94722 98610 24 -88
52508 30311 70 -18
1001 32703 -52 -21
63092 35393 -15 4
80643 80271 3 -34
72172 47794 43 46
56425 1838 -87 91
68013 85025 -15 -86
79358 53528 97 29
44703 22712 98 -77
48227 62464 -4 -7
52861 46861 85 39
55370 77092 36 -88
32869 52996 -9 83
55973 71928 -86 20
91720 76962 -53 -4
42270 15334 12 84
48149 61135 77 38
20258 30777 78 85
22124 12715 -22 6
89590 53353 81 68
87475 73503 32 57
77264 38406 -89 64
29502 70795 -70 -43
92720 1246 12 5
71308 40973 1 85
77805 50450 -85 43
39597 6776 71 41
23254 48701 55 -100
72089 85490 69 48
16180 28265 -3 32
84745 68271 -34 15
33651 20295 56 81
45677 66614 -50 -40
15737 19079 99 80
10683 47282 -7 67
86523 9066 23 1
35785 18942 -6 100
87618 18364 82 -12
39137 30630 45 -44
362 58030 -30 -69
85540 58603 52 -3
78280 80466 -90 3
40851 7898 99 21
77817 62021 60 -52
47926 6344 90 55
8358 5576 70 33
21703 23472 -28 6
73635 74151 -74 -23
33545 66496 -27 19
52241 37763 8 -12
35751 62832 -17 38
26940 4796 -10 51
42602 85926 91 -72
1028 96763 -20 -98
5956 82312 26 34
71028 18118 97 17
55082 52831 -29 98
79136 9949 12 -51
63549 66829 -40 40
60805 21263 49 -30
63269 52329 -53 -93
6339 17893 -5 -35
26932 20011 -4 -63
92110 77847 80 87
99563 83307 63 -57
64204 82967 -4 48
90852 67029 57 -68
99450 50895 22 90
96916 81812 98 62
50339 37274 41 89
22048 3163 49 -38
93478 30475 -84 -86
84819 7715 66 -82
87007 24536 33 26
77814 83150 60 -18
59665 9664 -88 5
40268 80340 30 -12
49373 77356 78 -47
7654 47390 -92 31
94142 77996 -3 64
23856 33945 -6 100
1527 89469 56 -88
38825 28099 -57 6
25346 78098 -64 96
12271 63418 -26 -13
56818 13989 -57 -93
29056 3874 95 -60
85050 82154 68 60
81716 46351 33 47
15627 63545 -33 -40
23580 46401 20 -92
52485 63794 -37 -2
74181 50874 96 -42
48766 99976 69 35
22957 12830 54 58
27156 26738 -51 -49
23149 75729 -49 -24
98895 26905 -34 45
13118 56694 28 -7
64249 97461 -40 33
22143 6934 19 -45
79572 56684 93 -66
15042 52535 -64 -30
84288 73893 91 -47
51958 34571 -84 47
11633 17888 1 93
75176 32809 74 -62
54030 53784 94 -87
19870 39945 -27 25
71362 48326 -62 17
50708 92260 -94 49
44366 28493 -96 -58
18413 20143 -41 -1
52922 83808 48 -35
79110 31995 -20 -67
15676 90571 -20 -53
95039 93193 -68 51
78358 76132 81 -42
20534 27022 -54 86
55060 74754 -20 86
74437 80524 17 36
20365 29024 6 54
91886 13393 19 -67
84406 72829 -83 34
20214 89872 50 62
37264 67011 -83 -33
36535 1974 18 -69
40123 21205 21 85
10063 37433 65 74
92967 99232 10 93
6514 94527 81 -90
37225 79812 -67 61
42189 45832 -24 81
53212 62601 -97 67
5132 98418 60 94
89189 98255 -91 86
42961 93208 8 -87
73581 36329 -70 15
88831 42466 -70 -81
75067 87834 -52 -3
46282 47874 -76 21
46541 79668 23 -52
11297 78841 -4 -49
12226 40045 -34 57
32065 13279 21 -45
4529 98503 51 10
49699 36726 -7 20
76176 37879 -55 13
2345 74543 10 -78
24078 5312 -87 -18
73095 3142 -5 54
91092 6415 -26 -58
90156 94266 21 24
28560 11534 39 42
46172 48989 5 -46
38219 55376 -42 -28
17643 69143 -78 -25
21859 68678 -67 -79
73840 41784 41 -2
41078 6136 -93 -12
31908 21004 -79 78
1131 83707 -40 -53
60707 61983 66 68
24371 39458 55 55
97315 17416 -98 67
6733 9668 95 49
65379 86110 -90 -20
86753 12007 -81 -69
92662 41510 41 -15
43126 84951 -75 66
21885 1948 -75 -55
26193 11988 35 64
17104 60447 49 41
69651 5516 80 -8
49994 46877 30 -17
85654 36108 -24 83
49615 76517 -51 86
7358 15626 -68 -51
94548 43433 -53 -98
35065 23745 96 -1
27775 67529 -69 46
79416 9973 63 56
70650 42011 -47 -65
71778 84200 -18 -86
10783 86516 -80 0
43966 68432 -20 82
39397 16091 -51 32
75735 26564 -22 -49
37019 21784 47 30
71952 15998 -63 51
13538 50003 -26 -44
98159 62705 51 -47
85861 67687 -88 82
85594 70454 35 1
40806 33527 38 74
94440 52001 91 -8
72505 56322 -75 79
20470 88597 -72 81
98609 95786 24 -74
22948 34842 -73 1
47669 88556 -15 67
98742 81281 -63 28
42000 47867 -35 61
47087 19161 -14 54
3149 54573 -64 25
77105 23511 -16 -63
61497 97118 31 -92
1074 73458 69 85
24174 41408 -85 4
93632 13456 21 72
41024 89326 12 43
15530 83486 20 93
33751 76103 -69 53
64338 62968 72 -95
14787 17882 -42 -89
63520 52202 77 -80
87971 3793 -39 28
52304 81813 -64 58
5828 76881 -7 -100
45645 33964 44 15
58016 57815 -48 71
41067 35143 -44 67
33680 16254 45 69
9002 59118 -48 -14
25544 4002 36 58
82591 17752 -7 -23
81 56509 37 27
66397 78803 97 75
87026 68114 -87 -57
40799 37438 -15 45
73252 9303 -49 52
24679 32276 -71 14
877 69367 42 -81
15005 1290 67 -36
78536 86058 73 -70
79230 90667 -39 -29
31379 61539 -25 -92
55984 46459 70 -13
50320 56566 34 58
34259 89952 -72 -49
23608 5035 -5 -6
54354 75317 -1 50
96624 82525 9 -39
58674 17559 41 -31
65244 99590 -31 28
3852 87865 -28 -42
34155 35624 -99 74
54451 93742 38 85
64532 34557 -86 94
25869 91045 -6 -8
64536 67247 -57 -35
92313 81524 -86 -61
58855 24012 5 3
97316 47296 59 87
27801 47413 56 -30
11345 62580 10 42
12840 88977 15 47
18351 74092 -94 -58
30698 39462 1 -33
89962 16355 6 7
42904 3597 39 14
91378 41722 -94 7
97230 15778 4 94
38432 2966 -41 68
47948 67743 -53 -88
22744 75581 -43 56
36914 11689 -18 40
21703 40436 34 -37
33070 46218 91 95
29576 62057 27 -2
92519 24806 -34 -80
7454 44687 -86 38
15069 24958 -6 -80
71562 54125 8 -68
68499 79415 62 85
55739 43197 30 22
40985 87945 26 -19
13565 51722 -34 91
86178 71239 -97 0
85137 84364 -49 86
97961 69487 -10 -79
36409 54821 33 -79
6128 80717 97 -36
75764 15500 51 -84
19814 55384 74 -48
46690 62959 -85 90
3874 36164 -19 67
