300 1000 10 30 100000
61763 65151 -100 96
45977 61945 -32 -93
10727 95921 66 -4
45330 30926 -46 0
18637 64839 -50 25
16107 5476 -67 95
51121 71422 10 -85
79206 879 -21 49
70944 77503 -96 -48
88326 56668 -27 42
36936 11058 -27 -31
81858 14386 45 27
81685 99782 -87 28
30924 52589 -88 72
80867 5989 63 -82
67805 74178 -1 -75
92522 99829 40 93
19635 62839 -95 24
12635 29989 -45 60
81336 8839 -66 24
1007 7534 90 75
80306 77614 -37 32
53185 50832 -27 -72
70290 44574 -82 -74
74866 46376 4 -9
69506 28624 46 -65
22608 38608 59 -26
4085 19542 90 12
13058 54543 -31 94
78002 44604 31 -86
11494 31205 51 52
22235 58312 66 -39
62605 13055 -7 32
45840 19077 -76 47
73862 32365 9 -58
23728 56216 -45 -59
34397 8894 -54 78
82604 42386 32 -23
90200 54231 -42 -33
24815 45376 17 -64
88632 99099 -5 -48
75348 83100 30 73
42581 3041 -52 -15
30867 51630 95 -90
94486 24659 -30 -13
84428 25835 37 -48
51332 25224 -6 92
13379 59532 -2 11
48116 35837 -43 26
68328 68128 74 18
858 6347 19 2
57597 40673 54 42
13287 76956 -19 -99
95743 94243 -16 91
17005 97489 17 -23
56887 55804 4 -35
7560 42299 43 -30
14922 24631 38 37
65281 95862 -57 -90
39538 1049 83 -9
96198 31307 -96 96
43685 934 74 -39
78958 89352 45 8
61187 44812 64 27
43767 18694 -50 83
95836 78572 -2 -70
29933 96153 -28 -87
21500 70463 91 47
80238 92372 -50 43
74621 80974 -9 88
65880 92551 -87 -29
99059 7835 85 99
68105 92737 -66 64
98020 52752 35 -17
59631 2366 -31 72
47869 4913 -19 14
86618 34578 68 -15
74362 19864 -16 17
1344 53389 -56 99
44832 8107 10 -1
34993 16057 -51 -56
49914 89424 42 78
24217 37145 45 -56
72920 99669 -41 96
48964 35705 23 -65
47963 71671 81 -40
37790 8657 25 -55
87690 88217 23 27
80463 52201 22 -21
7845 79812 -1 -4
91049 42300 17 85
83380 6409 -2 48
17935 78419 83 5
22949 86243 -7 -28
6532 65611 -45 -56
57815 7753 -88 8
98764 16591 -28 -15
40409 98548 97 92
73360 76188 12 -18
90456 27542 -88 -52
76835 7492 -26 14
59344 96646 -68 -93
88768 54955 -45 -60
11424 12773 -10 -59
50205 97226 -73 56
98442 90860 -95 9
13954 35767 43 55
10509 18451 9 95
80995 52472 24 -66
75768 12514 77 27
43578 16126 -73 86
64092 49257 46 60
63114 1735 -95 66
52023 63878 50 -43
44044 87602 -49 -24
79510 7723 92 13
95516 55599 54 95
56609 84695 14 66
65642 83934 -11 -85
80236 51977 29 90
86084 16648 -45 -14
46955 10119 27 70
94672 3089 84 -30
11529 79732 69 -48
89419 15104 -35 19
78705 7726 32 55
74280 44127 85 49
50778 94668 -93 68
26385 51128 -24 90
34037 1904 -4 -1
46032 9044 -97 80
52055 66588 -72 -62
92942 53584 -70 -3
8618 16699 -94 -85
85924 23782 -100 45
55423 72061 -37 33
5635 19030 -28 -56
634 68390 81 19
66989 33442 55 -22
49081 13456 54 88
64417 53883 -98 -13
28796 63022 14 -82
13379 36490 12 -61
88652 51863 100 -54
7878 83443 84 56
34662 85168 -77 -45
87996 37636 -20 -27
86752 99989 30 -37
2526 82175 36 -89
93279 22244 -13 27
35053 26576 4 15
37244 16223 -1 -54
74455 97913 38 93
4570 65273 20 30
35049 70572 83 -20
4476 64852 87 64
63082 15417 38 10
44179 24628 80 41
11940 36958 70 -39
67016 41161 85 -5
3681 87312 -42 -7
42075 93771 58 37
41117 71961 45 10
51477 45521 -65 -32
33129 37498 53 -76
36182 6454 -2 -79
83910 81631 -79 53
14219 45775 49 40
80138 54182 59 83
82080 28330 -63 5
48305 39994 66 5
92150 55562 5 58
89916 35734 49 97
85660 79061 -67 -64
74477 86131 75 -94
13758 23067 -32 100
31295 43413 35 -4
30549 28290 85 85
67406 63859 77 23
20479 72897 89 -85
47213 38679 30 -97
5666 1039 -100 -53
71826 3630 49 -30
73069 347 -28 -35
22045 13909 -72 -43
11029 52953 7 -58
40908 11124 87 97
42969 37980 -87 11
35338 62148 76 29
4827 64678 -89 -8
33811 39437 -99 -10
50447 29357 -5 -66
36374 26156 -44 88
34877 34447 57 -80
72317 94177 58 -22
23173 31186 74 -59
66587 55742 10 -37
81628 6735 100 -17
77644 11366 74 -95
12093 53407 95 -16
36506 26249 -44 -53
52830 29857 -45 55
28644 92244 -28 12
98475 55067 -27 -74
75398 92492 -2 -44
34895 57466 81 -69
23740 63178 85 98
37388 69914 -85 -38
52546 90258 83 27
46194 47136 -74 100
47710 16091 -91 -36
24814 82019 43 -52
18800 1900 -68 -16
90360 21821 -71 52
69278 13270 40 -61
86771 87829 19 22
3686 66825 -74 -18
7492 76002 14 11
3286 27226 79 27
92442 23341 -22 84
33425 43473 13 -13
2095 34327 -30 82
51142 74703 99 2
30704 58722 14 71
86813 87134 75 16
47531 15622 -71 -8
61379 15581 -60 -4
31285 63908 -80 -20
79693 17454 -68 87
44937 42230 -75 -6
93590 30791 -4 -20
7821 58181 -1 -91
84600 47519 22 66
63899 15203 -35 61
35022 58586 90 -93
6606 20019 52 22
15195 79790 81 30
69513 58033 -86 50
25198 56580 30 58
75673 3122 -48 93
21911 7931 -81 98
6560 74912 -25 88
16149 93 -37 31
34469 81202 -50 57
12659 2407 -9 -14
44600 37148 44 -80
67380 18204 -58 -11
54041 95604 -58 -84
94862 6114 1 -89
50099 39302 -20 98
52872 55767 3 17
93356 6601 -68 35
74069 34039 85 -85
22735 97782 -48 -79
37530 18911 -84 62
36740 64174 -63 52
95884 20143 0 14
99894 54413 33 93
28694 91663 -53 -74
33970 10579 -48 40
18688 57451 44 -63
31907 82746 2 10
80163 2394 -57 53
65261 53154 -100 -5
33253 98744 -40 20
90323 45916 -89 -15
79585 79452 35 53
55181 40050 0 -75
82159 87200 -13 11
34521 56694 -99 -40
76178 46320 -28 37
6487 78164 1 -82
19157 27278 89 34
49735 98135 82 79
1071 16297 -37 25
23059 34065 49 -67
53832 43011 9 -93
99202 83963 -65 -38
94896 30393 -84 100
31307 99745 -35 19
46102 38950 91 -65
40007 88324 2 -28
22449 4439 34 17
20744 21957 83 -93
61285 1686 -14 11
90403 2584 -67 63
58796 29157 -18 15
17081 22319 92 94
7424 88902 -93 -26
80805 19059 -98 75
84004 84105 0 -4
2573 50961 -37 92
82617 56557 55 -40
62012 85739 -49 4
84241 35517 -18 24
48803 55596 -88 95
57645 59186 4 -49
44131 17297 -29 -23
91758 16242 -20 -32
86659 31964 81 -47
