300 1000 10 30 100000
6902 58517 -73 87
2254 99083 91 -54
45766 38649 30 51
1772 74522 -34 77
75920 8430 -72 -78
16083 60120 24 -88
3535 81471 -4 92
94454 43460 34 -36
10797 76929 64 -7
89370 87876 45 -2
73398 24736 -9 10
90220 10825 -52 12
39401 60210 -6 72
55666 87221 88 -73
40567 40105 -62 47
56713 87502 -47 54
98727 11685 62 69
51556 38083 -96 -36
58338 88218 -12 85
45927 76500 -58 -6
99559 57864 76 66
29236 78357 14 7
11965 85139 82 68
91516 44886 -59 -38
88179 67618 -2 -74
88771 38548 11 94
9613 11258 -61 23
64432 21388 47 44
55404 74782 -51 0
95857 55710 -7 24
30638 17457 27 -61
50954 51315 -39 -76
56786 64057 -73 -10
35416 10379 62 -71
54836 72938 -1 -3
12926 81411 46 -4
92872 83445 -13 -7
27840 41512 -19 40
18440 20240 -50 -19
43576 61401 -82 9
86762 3998 -78 -86
26914 49575 -55 -48
51497 15439 -75 -93
78409 68582 88 -86
8238 71199 10 54
96753 81854 -38 21
77089 94692 85 38
86526 53296 -26 44
41484 9505 -41 -29
65436 27166 18 20
4632 66821 65 97
98972 20165 97 -28
9537 67078 94 41
22995 35403 49 56
78402 43629 -36 0
31178 76171 38 -34
5519 33950 67 -25
17130 35056 63 -18
78463 26426 -63 -68
2698 28202 81 59
30230 44016 -4 -22
51841 36038 -2 -55
83437 25281 -62 -27
83532 45664 77 -52
8898 81569 100 9
33567 29756 29 -64
5607 44133 33 -19
820 35190 -64 -31
91877 41383 42 2
67816 26119 60 -9
69816 59842 94 46
78221 37020 -16 67
59500 85110 31 71
96418 10327 54 -96
78086 4804 0 26
77940 81822 -87 34
35963 52790 -12 -48
58611 41633 68 94
27516 90737 93 97
10129 41669 -49 89
94115 23383 -18 -45
43968 2937 1 44
5171 53944 82 23
99212 93497 -72 29
9543 90790 -73 39
28396 33717 -39 -4
83579 42163 -83 -82
77567 4036 6 42
14850 48976 -53 15
74619 511 72 -31
23926 21006 49 -50
80450 32269 -3 -51
33063 12403 -9 -23
93510 17815 -22 -53
36662 49486 -18 -84
243 31905 24 -87
91351 23687 67 63
64520 23660 12 9
49177 45366 59 -44
57680 56317 -17 64
38027 73758 81 -26
88807 36418 50 69
27854 9125 -58 34
68049 84897 -52 -74
5095 28783 -11 40
56920 12469 -19 -43
96475 48779 35 52
44126 64964 -24 54
30253 25803 -37 -4
57876 19072 35 -71
93465 37089 -85 -12
68433 65731 85 76
22817 47646 15 2
13612 21866 -77 -48
7316 79903 -90 -30
2467 37110 37 28
52698 78885 100 62
65652 95378 -61 94
16938 74441 68 -64
93113 82198 11 -4
2583 89253 40 -88
79308 40031 76 100
10682 60418 -67 -93
1424 64575 61 -20
47688 7936 -91 -58
46415 19158 59 63
48749 54777 -85 -13
9452 8718 35 5
59923 57041 -11 63
19924 95343 -76 38
75785 64227 21 69
67701 86666 33 63
9643 13672 80 53
24839 72602 -1 36
95118 5106 40 -5
30004 73572 -82 89
43302 3507 63 -20
66893 24944 21 50
98817 61972 -60 28
4267 98398 2 32
21053 84706 -1 76
45940 53542 38 34
11741 24937 -25 -71
91910 140 -51 -65
46957 33240 96 80
65805 48867 52 47
90489 82804 -90 2
48100 63935 31 27
99953 23600 31 -9
3516 12508 53 50
59942 87320 -22 -66
68312 22033 92 -60
25086 28669 67 18
61061 83400 30 17
50299 36458 16 39
72819 6135 -2 -9
81434 36237 21 23
39163 54897 -26 -2
52052 26105 13 -77
77503 768 95 79
85110 20197 43 -60
42899 55409 24 29
84916 55613 55 77
50565 24495 29 99
66907 14004 77 -48
72116 73008 82 -78
97026 84780 18 94
29667 77954 93 -80
15524 34424 18 -22
490 80119 -23 97
29529 80995 61 62
34682 53207 -7 82
14584 70033 38 10
38771 56172 -84 -91
69251 46255 20 -80
75944 15219 94 -59
32993 32139 79 -42
6078 27702 -7 96
33116 56948 -2 52
89692 19481 41 98
41898 63569 -46 44
47073 11611 3 -4
16754 56220 -24 91
99947 21298 -56 -5
80101 39261 35 29
36816 7697 61 60
94904 37563 -77 -9
7434 82802 -90 -88
51755 3437 46 80
66685 79076 -8 70
10627 8073 -76 89
92907 27439 3 -92
73495 66655 10 97
64379 47683 38 70
73521 974 -35 -75
37320 26562 48 33
19626 23963 -76 100
91911 47878 -58 -3
45407 76043 1 91
25804 15133 24 -36
69443 9345 -17 76
10828 31117 60 66
28168 64070 -41 74
65289 45648 3 -36
87118 45525 -24 45
39993 85748 35 20
93091 324 -38 6
61039 99500 -67 -83
89512 98888 35 -67
37538 70163 54 32
91290 32395 81 -88
76498 90901 47 26
14016 73929 61 30
66028 51426 68 8
90247 70505 97 45
27777 97214 -44 90
84585 91317 18 83
92649 88960 100 -72
29933 27111 4 -46
61380 32409 -55 -52
94316 92587 -82 99
85115 9059 -50 7
78921 30256 -33 21
25416 21483 -90 -90
80003 54561 93 -85
66643 87527 -6 86
34795 8280 -59 18
69282 47249 -19 -39
19306 27615 -6 37
59046 90691 32 -59
48228 80883 -22 -35
14149 55001 31 -53
36596 10963 -65 -27
68287 220 8 -96
2008 38139 28 14
15159 62519 -95 -96
13671 79213 -67 45
7481 44202 23 35
73218 74302 -57 43
12144 72577 34 2
8820 85647 55 -6
48645 22630 -5 2
48080 23379 49 33
59087 98372 28 55
84849 88488 78 77
42093 40258 56 -70
20196 26550 31 88
35327 8688 44 55
22097 31190 -35 91
92113 80412 -45 15
26484 94909 92 -65
78896 59768 -61 -13
35839 28107 -50 4
48075 11732 84 -19
61296 51996 -47 -25
22209 92451 -37 -8
39825 51503 -44 -92
14279 42099 18 -75
74170 14372 -9 -62
77971 69930 69 -92
40284 7329 75 97
17532 75231 93 -89
25584 81295 92 -50
43506 12688 -19 2
72359 70598 -3 -72
37736 18505 8 -76
50222 32998 -40 -70
78232 7035 -14 52
61376 69768 -16 -81
47149 22424 -62 66
28313 57308 -77 -43
84358 19483 31 56
17062 47000 -49 -10
50246 62211 -86 -2
51901 85149 65 38
82676 63048 9 -20
98942 72319 69 -59
32088 56619 36 -31
84421 25502 75 16
3426 75390 5 -42
26264 73014 -38 44
7254 29693 -30 94
68256 94493 45 -59
665 85830 -30 36
11969 90965 -3 -30
34267 46930 -40 49
10532 64480 -67 -64
28949 81060 99 88
71632 93276 -12 -82
22154 97143 -52 75
55000 83555 -41 55
84150 60852 -29 14
13551 72574 -32 -92
64427 30198 12 26
24453 58794 20 32
87108 20122 20 76
95219 56191 84 45
93233 60938 72 -57
95983 84324 11 8
43670 29943 -74 45
