300 1000 10 30 100000
1439 87545 0 33
56977 50922 49 84
80286 39883 -70 -75
30371 32348 93 -52
3310 48563 33 -34
31499 15819 82 28
6700 92693 62 -73
9558 98839 71 90
11510 80898 34 74
75675 6555 -19 -95
72489 49908 -71 91
31220 90210 -90 -71
35159 47151 -39 -16
55752 20008 -75 -75
82307 8172 92 -38
18891 99884 100 -36
52380 22299 98 -16
71682 60617 77 -17
24271 2670 -48 -86
82436 28352 67 13
68924 347 42 -33
90185 51085 32 59
48129 83865 -89 14
88033 16139 72 55
29015 20091 2 -27
68372 21904 87 6
25314 55341 -12 -57
81127 28274 -15 93
19362 62762 4 12
3179 28304 -14 -11
23113 97832 -70 -29
93861 37246 47 44
30105 11693 -96 57
22747 59862 -42 -5
74284 7681 84 48
86151 87187 53 5
20898 44982 94 -5
285 27703 96 27
74839 39115 61 -19
86780 86629 42 -84
52243 39741 79 -100
62053 66050 -60 -93
84006 19181 82 -48
25247 85598 -92 -79
31322 69346 -65 -83
99175 90564 -64 -36
79374 6189 21 4
84794 5418 48 -42
3429 41359 -75 -68
75276 25184 32 -36
16012 35997 -64 24
57023 36660 18 -84
80392 16981 14 -92
24838 24457 -10 18
48486 42728 35 -41
55292 17998 93 -65
30924 55307 9 27
1152 49057 60 -5
94539 66227 38 -79
5205 14477 -75 -29
30308 60348 92 69
89072 20978 -95 75
26761 71151 17 -44
50682 95061 41 -45
2713 12607 32 -93
79110 50647 43 -32
57676 31568 -40 -67
19237 75107 76 48
79443 23075 -53 -31
82247 3268 26 96
30072 97695 87 -95
22778 84865 59 -12
35727 81529 56 99
25173 763 -40 -91
39937 41945 -93 -39
23648 48926 70 -36
13516 23592 -37 -49
31699 22655 80 72
64297 41264 8 75
17404 98150 -1 -47
43152 48124 7 -81
20028 87988 6 2
24793 85616 -34 -91
1335 50186 4 -22
45098 83451 -27 9
79855 57659 -22 -73
68939 2932 -52 34
92567 56649 -84 -95
21971 56921 65 -64
64514 39309 97 -57
6809 91789 30 42
2267 97173 44 -77
60436 32567 13 5
39927 69883 -64 87
44748 45059 -90 -67
48005 81778 -100 51
36280 27794 58 -18
54322 29639 65 78
24478 65609 -26 -53
61323 64968 4 98
42442 43082 99 6
87873 70980 29 54
17543 38521 -46 9
63408 13816 -60 15
7517 57281 -58 -93
25169 42789 -77 92
44826 28429 96 -7
3791 56656 -65 -1
21154 89624 -23 7
46203 4025 -34 13
40982 60792 62 28
87773 57647 -31 -62
7891 40486 -24 87
54432 40932 -76 98
86580 8909 38 -90
90422 53089 18 -52
27935 39194 55 -29
62058 65928 68 -40
16692 50229 90 -55
80817 77063 24 -84
32905 76232 33 37
15492 25213 19 -79
23668 99167 53 -74
37853 26832 14 -20
34573 87906 -18 67
60530 33058 96 0
52077 64648 -29 -90
88254 95840 24 -2
59655 51363 -54 -17
41261 48756 77 -61
57870 9267 52 -47
37500 32616 -78 53
4516 25016 -58 -29
59405 61164 -98 91
62801 32090 1 -69
94271 14071 -81 -85
20548 96219 -7 -87
16427 25875 59 -99
17227 87193 -33 37
74918 21247 16 27
20686 54616 4 -99
86356 89174 79 -64
77417 77774 -35 -81
33008 69436 79 70
32122 71283 -11 83
98113 65079 -18 -10
9250 17099 97 64
80143 96814 58 -6
98529 22435 62 59
74688 4395 -24 -29
4847 22010 99 -1
55040 28385 54 -24
76782 29956 71 -69
13385 3428 -4 70
35618 80592 45 54
91633 77655 49 46
91047 40156 41 -99
79850 72054 -8 -84
95977 91460 7 -70
13476 12952 -69 -77
63359 25982 -1 -95
47992 57532 -58 -64
84029 56647 -55 74
95975 42931 -38 -55
58951 72837 31 89
36268 11205 -59 32
21203 16876 90 63
42422 34612 -43 -7
48033 69116 -92 -91
56593 90131 72 62
62874 75731 31 -32
59239 95525 41 -66
47281 59462 -24 69
63392 14635 -66 -57
49753 52395 95 48
98453 14220 43 -6
2155 79245 40 -79
95593 90587 -34 65
19626 21461 24 10
51278 61510 -58 -88
4726 99108 -90 -62
25797 30952 -45 -5
60828 31374 -40 -72
6236 69257 -30 57
65408 24704 65 7
55060 7057 -57 -100
73717 25242 -48 35
66528 77506 -19 -32
39889 41908 -32 8
90681 70325 44 -62
38886 45441 15 -16
98270 92183 -1 12
75497 13360 -78 -29
90786 69269 90 -86
29164 16962 -12 -67
49783 52774 58 75
51449 32713 32 46
85829 86130 52 17
80636 64695 -12 -94
8999 5619 31 9
49157 26213 56 -42
93229 64307 -84 5
32515 44809 24 42
24813 58521 40 -43
488 95888 44 36
6424 2413 -80 -83
1719 77168 32 -37
34507 31386 88 -68
82372 67742 70 -67
18324 44510 -51 -78
26970 27547 -87 -3
1537 43404 -12 -100
75800 60993 63 -72
63823 73068 -65 -75
73051 80732 79 -47
44714 81021 2 86
74084 16854 63 -62
39402 97256 -62 36
21110 22879 61 -45
82069 48141 -35 19
23613 2118 -86 100
9570 98527 58 31
12986 51982 -22 72
79370 99014 95 -97
98139 65166 -4 81
76582 61231 -79 15
20390 96185 -72 -55
2984 90158 26 -8
18634 19327 -16 90
11737 2219 -7 -66
99320 35371 1 24
99957 23368 -63 -70
21435 41169 43 13
37283 20299 -88 -2
38144 35957 -75 7
60266 13365 45 16
16002 20598 -61 85
97963 59000 58 73
82758 224 94 35
12419 97234 -3 -67
34668 88275 4 -63
40550 57234 -66 -28
74648 69405 -29 -70
32617 82881 62 -38
65166 5681 38 -9
24498 35851 -100 -29
61659 22012 -18 -7
49880 25988 51 31
73759 8135 97 -55
42042 53631 67 87
48240 29583 -15 41
13581 87192 -65 -34
15686 73148 -48 -67
90335 825 59 58
65555 29160 -98 -67
94283 6990 43 56
97607 91742 9 -31
95763 86110 45 73
19950 98711 -52 25
77428 75257 93 64
1181 74400 -67 39
19930 1677 42 65
851 43449 -54 -23
18230 16575 -29 81
2915 10604 -24 -83
59936 22722 55 -36
61563 51676 -33 0
63577 60330 22 -87
13012 69609 -31 31
74335 72492 -2 99
14539 47095 -89 12
78853 64121 -21 18
62350 9175 -1 4
2417 69993 -40 -66
63211 38352 -56 83
3434 83781 94 46
81551 32958 -7 -39
3795 24404 65 29
73857 94398 45 -4
58089 49171 -36 4
1874 74854 46 -60
74709 95876 45 -27
5254 92958 -39 -11
93061 23366 -76 19
10590 93183 -60 -81
30123 19006 -85 -38
86817 67394 -78 20
18924 82901 -5 -84
7326 60536 -8 -28
93724 99825 -81 27
47477 46184 66 25
70218 51791 -34 66
93712 2926 -29 -52
89024 36545 18 -77
45975 4 -52 -61
84303 87098 11 30
914 14281 -47 -36
6859 86886 -46 86
89412 28770 -87 -35
81438 23982 45 -56
