300 1000 10 30 100000
75979 11504 -10 -41
68376 44802 71 -78
53616 83598 65 -58
7355 69771 -70 45
52838 11394 22 31
84262 71761 -26 61
30048 7948 -8 -53
63577 39185 65 41
42301 95442 31 -26
18139 36614 -80 -22
45950 88708 39 1
95205 84299 -48 34
2545 83209 -12 51
23664 43580 -13 70
41390 11470 61 -36
76172 33324 97 -72
9414 76399 -61 24
81910 92630 45 48
69166 23723 36 -100
48867 52080 38 47
17689 44542 -7 -88
87867 41819 -97 20
67792 73336 51 90
92315 73894 -69 -34
15550 11001 91 -20
65464 13875 -14 25
27775 30750 -19 -97
50241 68703 13 54
50809 51928 -24 85
87522 24793 54 69
1409 24915 -22 69
60397 48587 -13 90
29772 80253 77 22
89577 5211 -29 -18
19967 22742 76 87
55205 24399 80 57
26491 97602 78 41
36919 33482 95 -49
78078 50389 69 -38
13062 40892 26 88
51969 63655 18 -96
50871 4856 -59 -54
75022 49053 -97 60
56786 34709 -63 74
90485 94090 47 29
59157 16165 -67 -61
75183 25808 70 -81
86715 2916 39 -82
1438 45975 -84 78
30381 17049 -6 73
41787 92962 53 23
32221 44823 -69 -27
26968 47461 -43 12
17633 72491 -47 -29
17054 46495 -76 0
68764 62067 77 40
48402 24799 76 61
36855 34564 30 68
65502 5561 -12 46
49337 40545 -93 -42
38841 99044 19 47
48258 92279 25 37
72551 59340 54 -73
88130 42290 12 -57
65787 39778 -38 -55
49928 29356 -81 -48
69414 88046 -86 8
59805 5351 69 -61
73650 33136 52 66
81036 29691 -82 -53
85742 8739 92 -95
80921 90931 -73 59
54999 75390 -37 -46
91804 89741 -8 -14
9267 88628 -42 20
35731 43107 56 -70
31501 9104 -26 25
14536 28833 67 -17
44738 11519 -88 85
25789 80521 -57 -79
85338 61555 -93 96
90587 9622 83 -21
75153 51454 -44 -81
14031 35742 91 4
82223 29922 17 -7
94200 83785 65 -17
45526 6914 -70 98
78468 2727 -45 -71
89307 89661 -70 -33
99652 333 -55 -29
4128 22328 -41 -95
45123 40903 -98 99
24050 24926 22 77
75362 79789 -92 -50
65238 69791 98 33
47646 57008 50 25
27336 47775 -12 -59
75183 41473 59 -8
32728 93234 -51 -7
61319 62223 23 -65
26441 59576 -90 -90
1287 75572 -37 -82
26975 60951 80 -66
78706 58715 -6 -4
38932 92721 63 -70
75401 73962 -34 59
74182 71337 4 65
45747 50452 -43 35
93975 48066 -59 46
31747 1870 -41 -64
357 76725 95 4
51753 44875 43 12
50601 36846 20 -21
89626 89428 69 29
26055 55371 -79 -54
55662 29599 -55 55
28626 78756 -61 74
63743 83353 81 1
28796 29774 74 -2
82210 82467 -91 6
37913 37429 32 59
80673 58817 26 -2
601 38924 65 79
78270 39792 56 -64
95698 52215 -52 85
5085 33087 31 35
32892 74759 7 12
97089 71043 -32 5
56127 61396 57 7
30871 97917 -2 11
59009 82115 -31 38
32535 71760 -96 14
40951 14782 -77 87
11485 63487 30 -9
52952 32755 51 -69
25477 43065 15 50
27304 20930 -58 99
81053 56157 -79 -41
90091 59674 -37 98
92369 36678 58 -34
92185 62303 -13 44
22202 9866 4 37
1167 95514 34 90
68302 46438 -97 -95
84039 83529 -79 77
56735 62000 17 -49
13919 87852 -44 77
30238 64750 -69 -10
18550 96360 -63 48
12116 14288 -86 -80
83485 3958 16 -84
83343 91664 -64 47
76433 21978 81 42
23556 53015 -39 -92
1099 1439 -5 -24
74472 1832 -52 -92
32460 19752 2 94
88311 51029 -12 35
15390 87259 -82 28
14782 86161 -10 -53
41287 64210 -24 -15
62144 13224 -94 -52
7217 12591 80 71
92927 49720 -70 -40
29694 38360 -87 71
98357 77105 19 50
4999 63499 70 -55
96546 63468 -59 100
66158 81870 18 -17
81721 73059 -27 -41
41374 75416 -13 94
71726 82051 47 77
99791 25387 -69 52
51300 15864 -96 -46
96286 76351 56 15
44629 88030 27 -3
20627 52677 -59 -12
9035 84940 -24 88
33002 76570 -18 23
71758 21196 92 87
89362 21424 -58 -70
950 40172 -40 -99
8898 13983 6 4
52322 89559 -70 80
95064 96002 -49 -50
56218 23257 -22 -7
43115 67235 -9 -42
69538 55475 -83 -19
32081 71776 -30 79
55546 61592 20 -64
87779 41827 92 -91
60654 53085 -100 -73
90243 99726 34 25
81358 70846 36 95
99388 10842 -75 57
76902 15624 12 49
18424 59478 63 34
94776 43686 1 58
10444 53123 41 -73
8778 1055 14 76
16397 26688 88 -49
64035 94583 -89 -93
39421 30418 -71 73
83854 15715 -15 -25
63975 35813 58 69
15174 47508 -52 -8
26253 28546 64 -77
19198 99426 58 -41
73236 83868 -3 -62
75895 88191 61 41
15322 27055 58 -16
69684 19683 7 75
56560 50319 80 -31
26044 67404 -19 -6
65926 44708 -77 -73
16768 35979 -47 -26
69735 82155 -82 0
46755 78380 46 -89
11680 15402 -61 63
29857 41949 14 -73
10421 40615 26 15
70029 90092 -5 46
35837 25835 42 -59
27628 31348 -46 1
78636 53062 66 -47
36108 13258 -14 -84
55327 90504 73 -82
62110 50299 -60 77
70434 3079 46 -41
59723 47251 -66 1
87612 3224 -4 61
12594 93848 -32 -96
15735 95044 57 53
86172 52230 -78 57
26211 65531 27 -3
88619 51284 90 -59
39167 85633 -17 -52
58163 97715 -38 46
16965 67000 -21 25
51163 39730 -43 31
10725 52825 -60 62
80573 76505 73 -67
22292 55276 45 4
11054 73323 -4 31
63894 51455 -89 -57
93358 75645 13 -91
83850 46895 -75 -32
49915 50039 74 2
34 98923 -56 11
82901 44900 -61 -77
63787 8658 45 79
50959 15870 -98 -6
18717 98033 -43 -96
69207 85121 66 -12
9212 34596 -50 -22
5969 1156 91 38
19574 42253 39 78
87111 49657 -54 -29
62053 38430 -93 67
82925 88387 75 84
83305 89990 52 51
51994 76233 -50 -100
15793 9338 17 -70
59338 48385 40 -19
84796 83233 25 96
68074 44507 20 11
93112 90240 67 -34
58835 67696 26 81
53852 60782 -19 -25
9869 87326 -100 31
50202 95520 -20 50
31110 18045 -6 76
57917 93797 -50 40
81287 99097 53 -39
37526 35601 -89 -24
51301 40284 -60 -100
37209 26906 -41 -75
48532 39591 47 87
51780 90120 85 46
55993 56946 100 -88
11280 31919 13 58
16466 57072 -92 0
81143 1858 -14 -46
75084 7243 -94 75
66715 96734 83 -54
44307 74683 74 -86
47566 18666 28 -53
80605 90597 39 78
55408 63501 -4 -21
19411 2386 -85 1
37743 60188 -55 -60
21415 86420 47 -13
10546 60791 2 76
14508 29742 -81 41
31812 63740 -64 79
19220 16910 81 -97
46995 93597 17 33
10234 11077 -7 56
95530 7195 23 66
30013 83414 42 86
