300 1000 10 30 100000
1241 28696 23 65
9057 79005 -60 -2
11030 1693 -54 65
20841 98316 82 -34
12348 47185 -40 17
7637 29247 -2 -73
21261 81143 3 -88
27733 76315 -20 57
84965 96495 -46 17
20423 12300 11 -69
27073 837 25 34
77397 24181 -92 87
25930 90080 -28 -4
34264 21001 68 -14
80079 66313 -53 40
88446 73841 98 -63
5442 81941 73 5
51298 82760 89 66
16309 53053 -65 79
25732 60443 19 -62
62639 75690 -92 39
62386 29550 28 22
83312 65496 -10 -83
27833 19397 61 13
53621 12679 -60 -39
51340 89656 60 -93
1407 74808 80 69
60656 30753 46 -62
92992 40788 -36 34
74032 98184 27 -100
6314 59631 50 -61
16156 82966 -64 -71
16673 34413 64 -75
99137 26129 33 92
45397 61470 -56 -84
94982 11244 22 4
66872 36258 15 -81
29961 14090 34 -76
16669 62566 -5 -97
27111 12171 64 83
83409 93394 41 -61
31857 7960 -83 63
95849 64637 -67 -30
52025 96448 92 -87
34866 70694 52 -64
22599 41582 34 48
16865 13348 36 54
84 22562 7 -92
62057 94016 51 94
86149 3032 41 32
43204 14962 -66 -93
12911 10920 49 9
14405 13587 40 -45
57226 81301 -82 -74
64546 75445 57 99
7283 59673 -63 7
28398 24251 -76 -25
75673 28828 -46 49
92388 7363 21 47
16569 38358 -5 -49
95324 39736 63 -33
19226 12786 10 100
89160 11442 -2 21
38607 14883 -97 48
48508 26489 -15 47
82304 46026 -27 9
22372 43099 -9 -1
31583 61928 -97 -10
76089 43359 35 -63
22472 10978 -94 -25
13207 7783 42 98
75441 81009 -82 4
4968 40545 -7 100
76848 86419 -53 -37
97540 24472 75 -22
17790 74917 67 -9
42839 93763 23 1
1395 14767 51 -96
32815 82362 25 -68
43365 87087 -6 23
67977 60814 88 -42
62227 12911 3 -5
71636 45976 -48 -83
39579 76309 -14 0
89448 58678 -81 -67
91492 48679 -35 82
83482 90653 -44 -96
57805 54037 -31 -27
60953 53817 77 -76
15641 61847 86 -100
77608 97137 -22 71
74506 78068 -55 48
2249 22111 -41 -7
39064 94260 -43 -16
3586 5583 -42 37
41022 11116 -38 23
8225 58531 -98 59
3462 15146 -49 -39
19284 32853 73 2
83225 7406 -79 87
39267 94118 52 40
14474 44767 -55 77
3244 73305 -4 25
38053 73145 -47 -71
4497 23802 -56 16
38628 16001 97 31
43346 79254 -74 -21
80057 10569 46 -67
27996 50893 54 50
54432 42215 -50 11
1295 64969 -42 -56
5804 63256 -47 -37
13262 66103 28 -29
49636 98939 -57 69
44210 38486 31 -81
27533 94528 71 5
47424 95749 74 -52
99124 75960 -43 13
77004 95273 23 78
1235 41398 51 10
90804 24437 94 5
37472 53919 -90 -12
89976 12725 -50 78
63201 33388 91 60
21991 30737 58 57
79373 38185 82 78
42094 80786 -23 11
41092 61512 40 -75
8619 5690 31 1
31821 95667 -76 -37
61952 11241 -30 25
22943 38628 -96 16
34211 46907 15 32
8439 40979 40 99
3668 21779 -66 73
20327 84808 -64 -85
38731 81191 -26 80
24807 82498 -1 -8
95257 49401 19 78
68618 75173 -40 86
70021 69704 97 -49
52267 49998 2 -20
42979 66779 -94 83
14121 30282 92 18
81183 91499 -67 82
63678 28462 42 92
92017 50956 67 62
9315 25041 47 -93
13832 46513 75 4
33459 26008 -2 76
11292 71529 -9 51
59156 27174 13 -100
38646 55135 8 -12
65171 96975 37 94
20925 7708 -52 -68
47217 51632 30 -42
90742 9725 -83 17
18086 91128 -25 92
27076 53877 -48 -38
58771 99157 -80 -91
68039 57870 -48 47
69335 61509 -56 -90
9140 36390 91 29
57581 15059 -50 71
31827 95283 -18 -12
67568 10256 80 -56
29684 87090 33 -18
75843 83089 -17 -49
5469 12607 -93 -91
45098 58218 -11 83
12484 48666 65 47
92435 3098 -96 8
55452 37506 -25 35
87779 15767 -41 56
24592 8494 56 -7
96683 52610 45 -73
73908 32801 -13 17
91509 5401 72 -81
46643 46627 -21 24
79883 77487 -73 35
43319 6424 49 61
75475 86443 -30 6
44964 26334 9 -79
67916 96251 -85 -33
41118 46705 -20 68
66415 44465 23 -72
74049 26770 77 -13
51725 52433 13 -55
942 66879 23 77
23989 72457 13 -56
13997 69586 -8 55
67470 34108 22 58
31125 64818 -3 -91
88872 95756 65 15
79902 98747 55 69
63501 93780 -8 -81
14929 65532 7 10
58074 1870 4 97
15505 69217 -62 10
68108 12700 25 -50
71543 19630 58 52
98477 15800 27 -10
77382 60581 62 -80
65318 64150 -35 86
20955 52119 -26 -32
24917 56018 -24 77
62490 743 -83 -43
31786 14400 -22 61
69309 27055 92 -78
19650 74975 -3 44
58688 42893 20 72
40834 84614 -21 -21
13523 90207 22 -7
90716 95446 93 -20
66823 56639 -5 -3
41786 31210 81 68
53249 31899 -54 8
75705 11737 -45 54
72813 85542 -4 -57
35674 81126 70 -86
12835 25213 24 -82
29930 93337 53 -24
64057 86550 -50 -67
53377 4283 -28 64
96768 79108 97 46
93324 81761 69 -37
26478 84186 -1 14
51852 27162 -16 -25
31154 64120 10 -91
55508 1623 -20 54
9585 53862 -64 -90
70756 67764 -25 -45
27733 81445 -46 27
84380 53496 33 63
64241 94058 14 -26
26343 9367 33 -96
63614 8223 -30 -50
59574 53808 -61 40
74036 89388 -29 -94
59609 43605 -54 -29
1405 26214 100 63
32871 12453 -59 90
32719 55473 -97 -59
93334 9803 59 -69
13173 50564 -77 71
32069 35207 -81 -75
76858 85985 -88 -14
5722 98103 -86 48
5352 88433 61 -59
41274 16455 -99 -7
47840 66550 -40 -56
27376 77805 -16 -25
64481 61308 -27 -35
78857 83467 -77 99
49418 50084 31 -53
74456 67355 55 86
43113 50734 56 95
51544 44461 -33 -49
56189 10176 -71 -4
44321 22411 87 32
60923 7389 -46 52
85506 98332 -29 69
7982 97003 12 16
585 88968 94 58
35154 21572 89 -77
89235 30109 33 -17
33445 25284 50 -39
35295 90032 88 -52
72112 60749 23 13
99431 28255 -35 -70
91319 28948 -15 28
63260 56186 81 -44
78477 30527 96 -94
94343 67819 89 70
76641 54156 -18 -60
62217 81497 64 79
73174 84632 38 -75
13813 79059 95 -10
33698 63118 19 42
52640 8325 -7 -68
54625 62402 68 18
36977 27672 57 91
8238 15998 63 33
56732 62001 -97 82
27842 23600 38 -42
36175 67030 94 55
49358 5299 -8 75
88256 38771 25 97
50500 22414 -5 34
25949 59526 -47 -97
83222 65720 82 -14
60703 24628 -25 35
17382 72669 -40 -35
84215 85231 33 62
41734 90543 79 33
26513 25290 -27 -52
56492 77859 54 42
54175 74321 -100 -54
35 41181 8 92
25258 17176 9 -3
