300 1000 10 30 100000
7765 27225 44 -2
48616 24471 63 -87
83821 67371 6 -61
25675 33469 30 45
69303 75412 20 -100
70180 61204 -38 4
9937 58078 28 -56
45386 91799 0 -76
77709 46432 80 -30
62480 64461 65 20
69555 36783 -59 12
2989 3599 39 85
25117 17939 -54 37
72040 69210 85 33
23976 78655 95 5
6727 49119 -55 100
47183 66975 48 65
71515 46487 -64 -17
4058 88096 -41 87
95971 34113 -80 -26
20224 47843 -63 79
54257 73812 51 -46
17894 1432 -62 71
30435 65250 56 33
37771 72555 17 23
58969 74079 96 -85
24684 50895 24 -1
7568 89365 -81 -47
15186 37335 66 81
28625 11702 -52 100
41951 46771 57 -32
39818 67961 -88 -38
44108 67019 -40 -58
40300 93354 -76 5
40580 36761 12 23
98040 90261 99 -93
76863 96365 72 32
8138 49609 65 -29
57621 54999 16 2
55508 50579 -90 71
72081 33760 -67 3
87222 60046 42 88
33077 49129 96 -8
79048 98063 55 26
8963 80355 -58 14
29081 99962 53 -37
38420 56215 -13 -17
64912 23234 96 84
28363 81145 -17 37
8826 38965 -19 -41
17585 1001 -59 -47
62595 97247 15 -21
72728 45038 -25 -75
23136 49749 7 -19
68686 92293 -87 16
22335 19155 -71 82
57295 73267 -13 -29
62151 42972 -76 98
9271 64347 -17 -83
13555 78603 -100 -15
87993 35970 52 82
55208 56566 44 68
96244 31837 -88 -70
5342 31188 54 61
15751 91802 29 -47
86548 5267 89 52
25007 70410 -31 41
83718 69427 88 86
22439 18911 82 -34
14371 82870 -87 -7
10471 9832 -59 -58
74298 40989 63 61
18563 47804 -71 -21
7333 97565 -29 44
16631 4842 9 -65
99832 12668 -17 3
53433 32825 36 -43
7647 88556 -97 79
4999 5401 93 14
59841 98707 -86 16
54163 37025 -66 -24
27543 74093 54 34
90466 10384 -92 -49
36017 15638 -53 47
82091 67200 54 22
28534 61345 -80 32
67621 60713 -9 64
23188 37141 45 -88
3286 2846 -95 -94
76366 91658 -87 19
66456 38887 72 89
97148 36738 22 90
67598 14464 -20 63
24823 52037 34 -76
40680 20941 -65 -26
14786 87370 25 84
26707 25904 99 -37
88225 20859 86 54
34750 75306 -69 52
97386 41705 -78 95
28019 7706 -26 31
29712 31912 -70 50
32591 31317 89 -90
2367 80410 -97 -78
12490 88647 70 26
58668 7090 87 -8
87281 58736 38 -43
83536 90418 30 -71
56034 31351 1 -66
41674 97851 -90 -68
40698 84826 38 34
12701 21416 5 54
40345 71487 -41 45
11532 48947 10 -19
7541 8709 -2 14
884 85010 4 27
72649 71181 -51 -63
56231 85772 23 98
59325 46141 75 -99
83374 33646 45 87
33549 55403 -56 43
86037 10748 86 71
50292 88883 -68 -73
93562 5145 -52 33
22524 27399 38 -11
16524 33399 6 31
65359 66340 20 45
55748 31272 -27 -64
65542 37480 81 79
64213 59792 95 -54
61273 10092 69 -93
91918 42884 0 -12
11923 48469 -76 -25
75235 29164 -15 -75
79059 41542 67 33
98971 667 -86 29
68919 65674 -37 77
72367 39546 -64 79
83159 34090 -66 -34
90931 31314 61 66
56592 41950 67 36
15817 84001 -1 16
35492 25497 41 -83
57916 21623 -29 96
2320 99158 99 69
61986 80027 28 79
48787 95685 -3 -27
8435 90909 41 1
94725 59984 -39 -53
68415 27323 78 -6
21309 84820 29 -76
69792 42444 11 -24
37797 62904 -67 -58
31405 58895 -46 68
84499 45595 99 2
41067 62174 -70 -18
4100 92503 55 13
14800 20593 21 -92
39198 12236 66 72
34220 83918 9 17
60614 82237 62 32
56591 13786 -74 92
85911 4520 61 -13
33002 51338 -27 -9
40367 75014 -84 -5
66030 25179 -80 -58
41771 99897 4 -29
15200 4163 -99 88
40619 64287 1 -78
91345 3477 -29 -92
17149 44832 28 1
20100 27573 -74 -94
79442 36000 -23 7
26135 83562 -74 -81
96457 66497 24 41
16169 38885 -67 -70
19120 58672 65 40
84954 26164 -93 -5
79404 56306 -26 49
74513 85044 -88 75
80735 72459 61 -55
52901 81307 -31 77
22728 92554 -85 82
84024 16449 51 -81
24733 99372 7 -59
7114 26805 87 -69
66190 24559 -18 -21
25230 62598 55 -17
9332 34027 -65 -89
23006 65931 -6 -59
1550 45712 29 47
64195 28707 63 35
29801 77698 -40 -17
52665 88972 -37 -31
94224 24761 -52 65
98178 43682 -30 -65
96201 37012 47 48
19620 77704 92 85
36681 60541 99 -13
71499 9952 -59 87
78851 44753 32 -15
19949 87272 -83 76
87063 53313 46 99
93382 33222 -89 40
96575 77816 10 3
58798 40104 80 -28
25849 44288 59 50
71677 59883 -93 -80
7917 25604 15 11
18330 4055 -77 42
27698 95107 -47 66
93309 89064 -24 -33
27977 55804 74 -32
91165 51641 59 -94
65532 28894 69 -93
1342 11269 25 85
81266 89068 11 -64
82269 80713 -99 71
37469 389 -21 23
89930 57833 -49 87
59259 81493 -38 67
79618 71693 62 -5
86679 47036 13 -70
45714 17798 -79 -19
16174 44421 4 -83
45282 57345 3 6
63903 78984 42 -39
55388 37847 -65 -41
37589 98986 27 30
8312 11763 46 83
25574 19376 75 27
78627 46162 -87 76
49149 24871 -69 -99
43492 47986 53 82
83254 77648 8 -3
37498 43351 7 55
90690 79734 -3 67
92594 33129 40 41
40613 71271 30 -3
82229 15603 -58 67
78373 69581 -52 60
66803 24139 -25 63
22451 49898 8 -76
79682 53424 -68 -98
56960 14421 -90 -48
72583 80964 -79 -47
89940 76441 -81 -7
59672 96997 -75 -8
82533 35490 68 8
73025 21453 5 57
46670 53363 97 85
10971 348 51 95
41672 72319 58 -99
58829 64411 -32 -70
66467 26138 96 -16
51320 58454 25 97
61723 6098 67 9
59454 46106 84 54
84415 44409 39 22
82184 30267 -28 -22
70703 92401 62 2
60172 82241 -22 46
65199 50545 31 0
47895 59502 28 0
18975 2364 85 12
85874 81379 -35 18
47912 44417 -44 -73
51256 23300 64 -57
45690 77387 -40 -95
63381 38044 -75 59
40474 39303 54 -47
54979 75800 32 -87
23827 33510 37 14
20152 79127 54 92
78293 20167 50 -28
33223 48697 -11 24
90495 12857 12 -73
55374 43264 -75 58
59261 86711 59 26
29704 14846 -50 96
76083 28954 -37 16
79047 302 89 45
71043 92813 -91 100
42828 91352 -8 -62
40974 20519 -30 -46
24429 81098 -55 91
23712 96070 -35 22
17667 29379 51 -93
70334 49448 -8 -86
38739 90062 -25 47
70575 28959 98 -8
96517 40224 57 -88
90102 67946 -55 -80
52692 1168 92 91
58777 17064 25 81
69489 13 -26 93
18530 88102 -60 -35
88806 23465 -64 71
6903 69312 -33 55
86027 39942 -18 28
