300 1000 10 30 100000
84824 1648 -7 10
78805 4645 -6 -23
54400 33197 52 78
75724 62525 80 13
86657 33195 -73 87
61962 1956 -54 80
69940 32676 92 30
66729 82923 33 30
45452 14110 -64 -92
72355 62410 -46 63
51941 20460 -34 100
13793 11555 49 -65
72871 97000 -89 16
22203 46765 77 94
21071 97482 -83 -34
97401 74672 98 -56
50573 79794 33 -62
35422 89282 -3 -14
12771 48746 19 -1
25248 96283 -28 -41
3461 30392 -34 8
11793 99507 56 -67
25872 78604 22 -75
51893 351 -1 15
59435 28998 -52 93
51968 95301 75 73
95435 46147 -66 91
53010 90056 51 -100
72730 81742 -20 26
18883 49025 56 61
34150 2172 -38 37
73944 45315 14 -100
31132 48714 52 7
22596 34 -62 -68
80066 94604 7 -90
51128 47194 -88 35
26689 75569 31 -87
78977 19200 -87 -34
1815 75892 -13 -88
46937 83395 4 49
13904 45030 75 65
6015 36663 19 -7
56696 42487 86 -34
81432 16845 -44 89
32334 44676 4 32
71032 4077 60 10
77571 94945 100 -75
61308 3267 -42 97
67850 57387 61 1
96373 83725 -50 69
34256 59277 -35 81
7942 43914 44 26
71672 85228 -89 81
51895 66345 -13 62
29205 4446 35 -64
96971 11129 -53 -31
91806 13708 41 -35
48503 29156 -43 87
84577 97901 31 5
66549 11357 -45 24
35142 45394 -49 86
36894 96158 -84 45
6365 7676 34 -92
81537 17986 64 54
38762 60844 -45 77
48591 45039 -46 -9
68836 81497 -69 55
74444 67310 -57 50
26897 81757 -42 -79
88764 81511 -82 49
48702 27285 95 -18
3315 55807 -30 34
36162 91105 95 -48
76519 8888 4 -90
65700 36212 26 50
57442 32610 7 76
91359 43273 -7 25
11150 41173 -54 76
88089 91929 -38 -46
24488 35590 92 79
79802 66872 83 -76
53909 47696 80 -58
61770 80759 71 36
84890 35865 -2 95
15293 81913 59 15
64299 64624 -70 77
3147 90216 29 24
25446 89094 -53 4
57610 45465 -81 80
4317 53695 73 69
73647 99396 -31 -38
67008 7458 100 21
9553 38246 -35 -55
65228 68493 8 35
74735 32906 90 15
13672 72157 -26 -22
54377 55376 -83 5
20513 60989 14 -2
63699 3369 64 -32
30948 5829 100 45
91446 55251 62 -38
58063 32128 -29 44
21354 16622 47 -74
76600 68381 60 -46
94804 31246 -68 83
6932 86960 6 -57
41999 72977 38 -86
22281 31789 25 -10
25431 149 1 -94
29385 12217 89 28
83581 78980 -67 10
80391 53788 -99 -55
34333 38071 67 67
78038 77856 12 66
45480 77167 32 -72
31414 55926 -16 47
18554 11831 -70 -81
68677 48376 -38 69
20254 44747 -54 -22
52195 4075 -11 41
12034 54117 46 41
84717 75475 69 67
63719 81065 52 -2
3766 9081 33 -93
17791 3966 -57 -58
19249 12091 -56 -39
16249 45774 -71 9
59931 69015 84 -4
84355 54207 23 20
51860 8901 -12 -52
63245 85339 -75 -89
94060 3896 24 -53
34557 64229 -14 -62
45925 6325 97 39
71015 88434 34 -88
84876 48819 -3 87
20415 88994 -13 -54
4764 48205 -52 -44
87979 8629 -1 -30
12175 12970 55 57
18457 15972 71 -72
42660 90255 4 -51
66908 46465 -8 -60
32431 55861 -13 73
6009 48289 -39 73
33311 51360 28 -23
86810 26848 70 41
5819 3653 62 -57
53490 39508 64 69
25142 42852 -73 22
70380 35215 -95 97
60641 91236 -75 91
26588 89472 -66 -31
78022 94198 95 1
9299 86401 58 97
48142 78610 -60 -17
50909 64307 -15 45
22664 905 -39 87
53000 63965 83 -64
42703 63742 81 25
53997 24906 32 78
64282 55711 -53 94
22306 93813 99 72
71171 34304 -18 -16
22316 29545 50 -64
87094 46042 12 76
11069 74293 -79 -27
26962 89017 -86 -34
23027 73563 -64 34
86288 30030 -68 -15
68923 55188 15 35
91762 50628 -5 -93
45299 14784 -58 31
54475 40869 24 85
54771 49058 83 72
75491 82084 31 -14
35504 87034 -40 23
39618 74974 18 67
45054 28005 -58 -63
71939 79631 -69 40
14792 90976 -79 -13
27714 92895 -92 -68
19592 27485 78 14
9121 80457 75 39
82765 22369 88 -73
60135 43669 70 18
78840 54355 78 56
28425 62486 -66 -15
22324 87948 -87 -16
71170 43946 -8 89
17633 28720 58 28
15 90698 84 -62
23231 84920 -92 20
36670 46653 -82 80
84459 15782 -70 23
24863 53193 -38 -4
31883 32000 73 -73
92152 21962 30 -66
91802 48918 69 -100
9810 72213 50 -67
89691 84615 -7 -31
52595 89673 64 63
2990 79536 -82 57
62610 19877 93 -82
45768 630 1 96
15479 68666 -4 88
75821 59444 -98 -76
15283 77868 -75 -99
62819 53488 27 36
83906 35482 95 96
51753 60907 36 -30
39382 84693 -49 63
51628 33215 -60 -33
14914 61268 2 -50
93917 80857 -31 51
82423 3688 29 3
10389 28345 -52 -24
50529 31254 42 -11
8717 52831 16 45
46617 82181 86 49
62228 36766 24 79
34019 42419 -47 60
19925 69366 -42 -71
1808 36409 -11 9
46224 32828 -19 -15
17444 17172 8 61
78755 36093 21 -28
40480 26979 53 89
89645 56068 -29 -29
52313 75803 -66 79
42442 27562 92 51
7065 67085 -55 94
17239 75845 50 -29
72005 48059 -80 96
49699 57448 -89 32
23721 86447 -10 -37
2572 39522 -93 -65
78433 1335 -83 -30
23577 76616 -88 -9
33791 82238 38 33
47784 63142 -40 18
91718 13165 -92 84
45977 10968 -17 -84
84413 6025 89 -5
46901 82323 -83 73
7607 88379 31 -63
27750 92641 61 -3
62166 80316 60 83
32220 46864 -62 69
57530 14125 -27 -27
19466 25253 53 13
23739 80738 -64 22
26230 33362 -4 64
95059 98025 8 -61
52614 26530 85 6
76478 39214 70 -88
83447 59201 -20 71
63975 85911 45 45
10030 73794 -15 -49
66243 75308 -36 100
72659 55219 90 -22
8860 84391 -51 -17
71050 55690 -28 -45
60272 31461 84 21
62189 60114 92 -35
77767 57486 39 34
78210 2976 48 33
70057 36909 99 69
72635 78179 97 -76
33687 22040 32 -96
52103 33911 -17 87
64863 23294 31 58
49768 54351 -71 38
61701 66819 -19 -84
30276 52455 65 66
18055 32680 -99 -90
95405 42882 79 -4
13311 38385 -97 37
28863 87678 91 -74
7370 55478 -54 60
79966 95892 74 24
6591 73633 -29 100
61888 39799 -43 -24
89025 52619 63 -30
28134 11650 -24 18
47667 92027 17 -21
84229 27141 -8 81
77021 94650 7 3
92025 81851 -51 -61
27074 75039 25 32
91911 52119 24 100
90198 29994 96 -43
81481 35165 31 -58
97628 40654 79 -85
95152 31949 60 -63
93098 47211 0 -55
64645 19622 -56 80
66472 1079 -4 7
44936 34137 67 0
70557 25240 -62 7
