300 1000 10 30 100000
96038 2131 88 84
53754 53731 -33 90
37586 63655 0 54
48785 16423 30 87
54354 17914 40 71
41974 88494 5 -77
20105 22225 -75 -32
32913 95160 -44 1
41010 6929 -17 -61
57900 94968 30 -18
27405 94892 -73 -97
98138 45420 -16 43
8886 18195 92 14
92720 43861 43 47
48973 36146 -19 -42
47017 51537 56 23
82235 69181 -77 -22
94799 37032 34 92
25349 91113 -89 58
47085 65889 -39 89
64814 27701 18 45
7427 40463 5 -50
76438 97195 -18 -81
57063 14763 -67 -30
31294 47827 58 32
29962 85303 -20 -91
66565 45837 -51 -29
83611 53322 -36 -87
78996 75243 93 -47
85500 23006 27 14
46699 63514 45 -13
32607 39454 23 -45
39542 34999 24 -76
28424 31707 -38 63
77474 6849 55 8
68051 7340 -13 47
90853 47040 -90 61
90097 44038 17 -34
5526 87731 43 63
30313 15268 -88 -99
57748 20242 -97 32
33085 79850 49 -12
51433 95738 -1 -30
71417 86674 35 -62
54678 89778 37 -41
9091 61914 -69 26
7376 26380 -95 55
32678 5520 -90 64
75375 44997 -44 -70
84244 66458 -3 6
84008 36187 84 -54
49314 23566 66 95
34942 86995 91 90
57468 33983 -54 -26
51080 19646 -62 65
27404 55243 -24 -42
4399 39728 -45 78
55695 82960 37 62
12691 54111 13 10
46025 46218 -16 -87
98154 98603 13 -5
31451 65747 44 -36
88499 54377 67 32
57179 47543 -76 -61
57043 25420 88 31
57551 30407 -25 14
90856 15781 99 65
6119 11237 -35 88
63710 90404 -38 11
69270 93861 -88 -12
54107 851 -7 42
81193 97955 -26 34
94036 91701 71 -28
487 6673 100 20
77108 61020 -77 -65
66501 69754 94 44
66305 86735 -9 -80
12347 75457 -77 -78
53129 82086 -84 13
21568 56963 -16 -56
44004 75290 -26 -23
62856 93495 -36 -82
73217 66594 73 34
93875 77733 -29 -97
38545 21188 48 87
99372 18240 82 -62
433 80700 44 58
10639 76699 -31 -11
84104 44289 64 -87
40258 77542 -28 33
30854 52039 4 100
54277 25209 87 -75
44870 67854 -97 64
52877 89950 93 62
50193 50320 -20 -89
13109 16545 -68 -60
51859 25798 93 -30
67985 92936 -73 100
62389 28194 -61 -45
13970 40518 15 -36
25324 43893 46 -54
21483 33175 -46 33
29644 34270 50 -96
55584 92457 -36 55
24866 79265 11 48
77928 44510 72 89
63443 85416 -66 -65
48179 47507 15 29
57789 46740 -84 2
34736 50029 -14 2
89289 32416 81 44
27760 53335 41 46
84400 73143 32 -35
42509 25839 56 9
8292 84995 -2 -18
67173 24381 -33 -70
81565 44782 -76 89
38725 81984 76 -14
19923 5595 88 14
31703 54277 -42 -58
26140 18330 -46 -38
42233 58322 -77 -46
27073 95655 -22 74
42067 54366 -63 -30
79221 73831 83 -41
1720 64457 -88 47
27365 32937 52 -50
40890 88157 0 84
71679 74876 14 -15
69481 51954 27 30
66554 94103 -61 42
85139 29874 -12 57
75195 19846 -88 44
42654 95570 49 73
62300 98236 51 -71
49867 59687 -54 98
57092 79077 10 93
73219 87088 14 -49
65144 80655 -20 -59
21438 65254 -13 -26
142 19505 98 44
70481 43604 46 -73
85370 68465 -66 -94
44642 40149 -51 -10
71168 83909 75 -28
32372 39988 -74 -88
44431 90883 -67 38
62004 27980 31 42
91549 77512 50 8
47669 9444 -40 -10
65709 56285 -74 15
55574 26016 71 -47
91544 80206 -88 -94
46288 56259 -6 -60
50931 75204 -73 -21
31979 47287 -67 39
60504 16489 -18 -3
10359 67527 -16 -31
95966 48656 -59 -15
35539 60204 96 -2
55999 36238 -55 -67
17981 23426 40 -81
9579 48845 80 71
75206 41387 -81 -76
57834 10095 66 4
71606 17213 -10 13
45533 75217 -72 14
18700 67627 -11 -63
53452 74846 17 99
41366 65079 68 41
44331 41583 -61 -31
86360 87043 75 0
1680 46886 61 -19
47927 882 24 -83
23475 45288 4 36
48624 54501 -7 -97
46517 63508 -93 6
94498 99070 -68 63
12335 46278 -86 53
98166 99367 14 -96
6203 50130 57 -96
54261 97860 -4 45
30943 43498 74 7
5338 75182 7 -48
14482 3558 4 1
33179 98611 -12 -14
75812 24547 -73 90
27734 70355 -79 -58
83502 97887 14 -83
4892 57074 -20 61
53147 13028 -97 77
65048 38161 -11 -59
68729 88425 75 -19
83485 9490 81 38
85025 76762 59 87
79774 17403 -32 40
59799 37774 10 -12
12012 88289 75 96
64376 73590 89 -82
58011 9135 52 25
12134 21764 21 -63
90772 77552 23 86
61239 78171 -85 84
49845 86605 -71 75
40224 32147 -43 97
61132 70089 -94 86
7366 59283 -43 -11
14343 61763 -22 -42
20083 58636 34 17
30932 40798 75 79
40789 39526 -66 28
5586 14907 69 -79
99814 75438 -89 -47
69460 69231 38 -75
61195 57425 67 -49
45996 29363 36 68
84114 25276 38 -87
20158 35419 -42 -34
67180 55724 -50 -45
67679 4570 -97 -17
43756 87811 -8 50
45448 40353 -79 -93
77646 77114 60 -98
75540 55473 -27 -65
1837 90767 -26 7
92319 99527 -92 -81
6257 51818 -51 -74
83594 60561 -53 -35
69165 6356 99 96
79328 35228 -54 66
48015 90078 16 -82
74261 33364 1 -3
12221 20675 2 -46
30332 85050 57 75
72238 71767 5 28
97641 76814 47 -59
8532 35878 -49 35
44715 5754 41 63
11900 63602 -4 -92
37786 57479 -90 34
74536 72925 90 34
57811 77316 38 -55
95532 96076 36 -95
26732 13609 35 -77
12362 62621 38 97
6648 47948 11 -80
79820 76627 4 17
82421 95838 4 -44
17009 32126 -14 43
54584 63872 66 -3
91120 53926 46 7
5776 83803 14 -4
43960 96604 27 3
76493 64645 -51 -91
65319 66615 89 -26
17036 65244 -97 14
35730 2230 94 35
55483 77858 6 -54
9591 49096 -48 83
51451 37693 -6 36
20155 85510 -31 -50
1340 2355 49 83
10325 71777 80 -7
45808 88119 -15 -66
88252 99054 89 -74
4544 35075 -4 99
70240 68687 81 48
24889 57720 -30 4
28028 24637 76 25
59303 21744 92 -89
1289 16539 -94 54
89993 10659 -69 63
32288 29299 36 73
28121 39662 -9 34
62226 61471 -47 29
91249 42343 -27 36
61029 43047 -32 -15
98679 21210 81 96
27087 430 -66 17
5683 71715 19 -87
55221 90039 -27 -28
65007 71127 49 -34
87636 16154 -43 67
97430 92196 87 36
64203 72420 1 -64
50214 21145 99 -73
18209 22153 55 -61
35541 98131 -12 37
80955 323 -55 57
15561 22035 -51 -28
24593 43083 87 -63
10810 43452 -74 -87
34062 96192 61 -41
96655 49948 -20 -55
3409 24460 31 -20
19857 35536 91 83
19883 25855 89 -30
40484 69163 12 -25
435 16452 46 72
66601 35127 -93 -39
