300 1000 10 30 100000
22587 56069 3 0
15800 43618 -78 81
35942 62434 -35 11
62765 15867 -30 40
7881 43760 -12 -88
55210 91467 -31 55
55785 12176 -77 0
7554 59408 -64 16
12997 73248 10 10
56923 73055 40 -73
91621 48275 92 -18
56686 59072 20 -36
6661 37307 47 -69
96059 37706 60 -82
91476 45745 -44 -50
33862 65670 -78 -28
38672 69945 -2 39
78229 41256 -96 -23
79826 3128 -39 32
52632 93663 61 53
36034 12864 96 95
5375 96789 -50 84
24451 53240 -47 75
2455 16559 57 -81
43102 30137 -93 -98
6175 7788 -22 25
13516 35883 9 -27
19791 63736 73 44
70160 27804 76 -48
91349 4241 81 -41
79093 37545 -42 -1
27611 79621 20 -27
57846 21120 -67 -14
95122 33631 -15 -34
74060 40676 -100 68
46722 80201 -17 22
43255 10498 9 39
44728 17514 -54 -62
51054 33966 -62 91
48426 2681 -51 59
6780 42342 -59 -85
83364 90026 -35 -1
7963 34621 -29 13
28632 37822 -21 -36
71355 59821 -57 -85
43132 63874 -28 -64
75010 99468 18 -21
82938 86651 -68 77
2793 57476 -24 26
47008 85676 -41 20
37456 46313 6 67
64539 55937 87 11
36465 79732 -93 -21
27211 22458 -84 88
53902 73878 -85 43
79576 24771 -46 9
52533 14157 -2 -96
38536 54731 43 -38
77737 51580 60 44
39296 59824 63 31
52632 77730 29 -15
94169 54547 52 -68
84019 49335 42 84
62631 92956 42 -21
80397 65500 -51 30
48477 42543 46 -96
39640 37617 -5 79
98709 57834 56 85
36343 91691 42 60
13484 39874 9 -6
19331 16171 -54 24
30377 53884 -12 27
27485 17236 -63 -40
10866 82576 90 52
93574 18561 -64 85
86640 54945 29 34
61117 8233 -25 19
29843 16812 -99 -31
88782 79036 68 -92
33106 81987 -44 -1
342 71341 18 -61
30190 69749 97 -16
81054 18209 -89 60
92927 3462 47 -25
65261 63181 32 -77
73300 85267 13 -19
30792 92818 41 30
12183 77487 50 77
3474 3113 -61 47
77515 49149 50 34
75605 78685 -69 -38
95993 44059 -88 -83
60973 16974 -55 51
2146 41034 45 92
41418 73699 41 18
98526 18989 -46 -35
75336 65059 5 70
20897 87221 80 -89
93554 75278 24 -54
68165 61865 -97 -15
32107 83511 -30 -8
58933 31515 61 3
2801 74556 58 -24
93011 62101 -7 -81
45449 6800 -42 -3
64614 57007 85 38
17056 5213 71 -62
77164 3507 -73 86
30714 52087 36 -33
22794 63185 91 30
40980 20681 39 67
6790 51386 93 18
84305 9635 31 -19
28724 65737 -76 -94
53567 87855 59 -83
88849 80720 79 -31
54547 41073 -51 -95
99270 63021 58 0
54008 43447 -67 -8
26171 1018 -16 77
60893 81124 -63 0
19840 895 -42 99
41344 16450 72 -100
93581 52597 -49 76
90865 55863 35 11
51263 13408 27 48
48732 76843 -96 -67
40916 66788 75 7
58071 81940 -25 44
45643 40636 1 18
52112 89650 -55 10
79190 85959 -7 36
96563 5763 4 -41
82974 21195 -3 23
34928 24861 -41 -91
45745 53546 -50 20
70921 3557 -90 -41
8057 45098 -40 0
70581 53428 -11 -4
61045 42498 12 13
43622 5662 -29 -68
99231 25879 84 -65
12237 59159 33 40
76361 65261 95 27
79132 78703 63 -93
64222 73272 13 -22
73541 84241 -90 25
86726 42163 55 -17
69087 13678 -77 -64
33286 96185 -88 4
4055 42534 -38 89
47548 62512 23 -73
80891 56808 -58 -66
82937 41889 45 21
15573 2790 -18 91
19438 2863 93 -23
8 38853 -5 47
30300 92447 -65 -34
7668 23611 -50 -1
92182 51596 56 -45
9782 56448 24 -40
12784 64352 -75 -14
23498 36188 66 -8
76004 48054 -82 50
216 19449 72 84
72545 3354 62 -40
17558 79569 84 -59
32630 42683 70 33
95089 78612 28 -33
90746 38003 94 -23
48081 25325 -7 26
98476 72233 74 34
64693 57726 -74 -38
22438 88322 46 -10
77623 65908 74 10
38580 86903 -95 -34
19804 77418 18 1
4750 3431 19 -92
20673 31972 25 -58
89710 12763 84 -24
35557 92103 25 84
76340 37210 -76 3
26337 66670 0 95
90778 66878 14 24
46018 26579 97 -17
56341 53802 86 -3
85987 72814 61 11
52961 46118 4 -54
59116 21323 -95 35
65133 69851 -21 -30
88420 63347 85 43
889 44715 86 32
14266 21712 -76 -94
43846 19167 -56 12
81026 86897 -16 -1
14492 30934 -7 71
77221 25839 -77 -78
16639 16168 77 99
14695 81070 -28 -25
95680 32555 -18 -20
24999 33420 49 -78
62436 19803 -14 -24
70651 5652 26 28
50281 55397 -18 32
74429 39466 -36 -100
50351 49314 -80 13
41126 57254 -18 86
22186 88574 -80 -7
36433 14642 24 -37
99938 1775 -99 4
2802 71082 68 67
43209 38288 -52 -46
84117 73474 49 84
92710 52136 -77 15
56502 88871 -4 -17
20098 2405 -96 22
10175 47172 -20 7
54132 75373 -15 -1
60004 53755 68 -92
99576 57250 83 32
91722 57928 55 -75
54415 44357 68 -89
71922 3397 -2 -53
38363 12639 -66 -36
69079 99227 29 -50
68250 50472 66 -56
95876 54479 -81 95
29366 6979 44 -89
13843 47349 1 32
51628 21951 90 -48
82769 73073 -82 -11
77850 16977 2 13
96655 55449 67 34
17352 35512 60 46
94910 82137 31 46
61331 66049 -96 -18
56691 78751 -63 38
18098 84830 67 87
42938 78352 -73 19
55134 30947 -2 54
32902 75792 80 -3
60569 70646 -91 83
3314 58957 12 5
76894 48501 45 -100
18439 10495 -14 -6
75721 33357 81 -43
18274 3292 23 6
68631 81895 68 99
20228 45154 68 -45
56027 46949 -100 41
19070 52701 -45 56
90936 48956 -69 26
66399 80207 -19 0
99410 42387 -3 -21
87431 41912 81 -28
56938 43783 -2 88
29445 94632 10 99
12294 94852 -56 -78
42605 94276 41 -19
40264 23739 85 -78
21433 97642 -23 87
84096 99504 38 89
48127 12083 23 -61
43000 16579 9 57
81441 66920 3 100
6796 81329 -78 -4
1673 14873 -54 -18
62854 40338 -33 26
81082 38116 -7 8
21142 54253 -73 72
6988 35024 -44 -97
1173 14640 69 100
23372 87502 -37 -82
28821 75892 12 35
44676 92831 49 -17
63784 43120 78 -50
35022 24226 0 -30
46793 50935 16 38
61796 45503 95 78
76914 58353 1 32
42126 20499 -11 -58
44898 91756 9 0
89969 2739 11 -85
27146 28213 23 -20
73206 46156 -39 -74
31910 55930 10 77
54236 65101 -36 -85
76240 65576 77 54
86978 67761 -33 -17
49037 99871 -53 91
9173 30687 -97 75
18120 41120 -93 18
28877 66676 97 9
60233 28816 78 -47
28032 80081 43 -38
62780 78518 99 -28
75251 3465 52 75
18096 61562 -98 -2
88852 91419 73 77
24486 75877 14 -85
