300 1000 10 30 100000
9781 16741 -31 66
44751 6294 -25 -79
72022 62094 44 -86
27024 39473 -4 37
74880 29002 -84 21
65483 56908 -17 -44
20350 93924 8 53
57700 45454 -30 21
71728 6041 -10 84
1511 68964 -8 60
73252 18300 43 -68
70132 34470 38 40
98854 44483 1 -75
88846 11150 -51 5
35333 19858 6 -44
78860 26099 -87 -98
58097 31451 56 -63
67138 24665 -64 -35
11202 49942 30 9
214 19648 -72 70
45762 89043 -73 10
15453 83110 14 -71
32729 17228 -17 38
46025 91874 -39 77
99571 9259 18 -7
97568 12313 61 -50
13798 19706 -54 -92
21694 64874 -87 -62
66391 43559 -72 -69
54820 24176 -74 35
6738 55475 97 51
4862 47316 -41 -62
50478 29545 27 47
76152 5896 16 53
77135 14651 -52 -84
38906 63378 -51 -82
65724 77148 42 -12
29959 68848 -52 -97
79174 68633 -49 34
87451 97111 -78 -37
1742 58676 63 95
70078 86510 -22 98
52099 70362 94 -67
77521 99328 34 -9
52860 72016 -81 33
62474 97156 -66 52
22573 11857 81 65
83669 25479 99 -81
84748 86109 93 -27
17429 53251 43 -99
9480 43457 -5 -49
59480 60385 -11 -61
97803 25892 -38 65
26256 8030 96 -38
62698 42110 -98 48
24865 80426 18 94
55876 25648 59 -28
60217 37974 84 78
16805 95339 -21 4
12772 41075 82 98
67926 92368 64 41
80307 12873 -11 5
57722 28583 -84 -24
57485 26068 44 61
22634 82514 13 -4
43830 48950 53 -67
51649 16648 -22 90
51835 22292 -19 -95
16188 16282 -22 5
64845 68645 -21 96
71586 72947 -92 -35
2374 96102 0 40
23106 16395 70 -78
42560 69618 57 -89
66308 68548 28 -18
91632 62051 71 22
18620 18854 -62 47
87620 24806 -7 80
41823 88818 19 -100
56941 26720 -73 -81
2820 7096 28 22
47815 35763 -90 -38
8924 87688 -30 -28
14973 84925 -81 48
70243 67150 -25 5
86907 43776 47 -63
67913 23793 -69 -20
68784 69230 -54 96
31326 50942 -60 -36
14747 99450 -94 -81
72169 82065 -42 69
58141 28264 94 43
52829 99387 82 15
21988 24084 57 -84
47163 50509 -11 -32
40617 66738 30 92
36929 69325 -36 -90
31828 79768 47 91
32047 25940 -51 7
96021 12542 -26 7
69525 98403 -87 14
17979 95693 15 67
93632 96293 0 -12
13635 81960 82 83
38474 10884 -96 33
52085 31238 -70 2
12257 22562 -57 -97
48938 11234 38 97
15856 49574 -25 83
13996 21703 62 -43
17927 14730 5 19
1856 86729 42 -12
46999 836 65 59
23794 31237 -9 -36
35512 98045 -38 83
94651 68671 -100 -19
74939 63018 -96 -67
50612 2300 -87 3
3783 20214 26 -63
74543 20584 65 1
24496 57026 51 90
37253 3163 9 -5
63851 56532 -9 -42
70650 38741 -3 -99
32046 93734 -72 31
31154 24426 -1 63
95371 54870 -82 -34
2571 62472 -47 45
96066 77099 26 43
77612 44695 14 63
50678 25793 56 85
70689 1888 -90 29
30214 7325 99 -76
12063 90169 -17 51
82775 27463 -6 -30
80318 41895 -23 57
35785 55490 -97 66
38046 65975 26 -86
6864 43633 32 -9
57458 94283 79 90
15644 199 -68 -39
86353 85763 -60 -46
31375 23031 -88 -56
70671 9453 -37 19
68560 74690 -23 -31
29713 18041 -56 26
99925 61586 1 -85
63845 84655 -32 -66
2550 77244 -85 66
51778 83291 -49 -7
54405 38357 71 41
83519 55776 9 -32
29904 97008 11 69
98293 83330 50 76
55968 11413 -6 -44
95794 14690 45 -45
18207 35741 93 21
54927 67311 -18 -61
78565 3127 -80 30
60262 63290 -29 -78
98971 69639 -42 32
97644 24994 85 -59
29185 98601 16 -96
77044 48183 -96 74
52811 17236 67 2
21006 96530 68 36
53668 15722 83 41
3378 54087 33 84
76129 78238 -5 29
24707 63972 25 32
16228 78295 -23 -45
43028 53458 -31 43
54731 83659 6 -21
54058 98109 60 24
11348 40553 60 32
20423 60607 19 17
50317 98005 -33 97
76251 33958 31 53
86465 56783 -3 -37
81505 91627 32 32
48904 73615 60 16
21873 62871 -64 50
8071 31955 56 81
34481 19009 -47 11
91973 60671 -71 -89
2129 70122 -75 -67
92061 35440 56 -77
14929 47928 -94 -55
87052 59336 46 68
5774 94554 -43 -29
1219 34941 -50 -47
13507 58787 22 87
8123 14850 -41 72
63099 92399 -59 99
45154 8192 93 -73
30340 14841 -84 -21
9831 64062 -55 98
90256 23329 -99 42
35130 42166 -61 -78
96518 81806 20 -88
22444 88821 38 -24
74979 78115 -19 92
32187 80730 -47 23
38807 25910 -41 -20
92585 94857 -82 2
60155 95985 -42 93
28519 83406 -76 100
30278 96621 -24 48
91466 84649 42 -91
62225 11647 99 6
62968 7718 18 76
37022 97776 -79 3
34742 99572 78 79
32795 82233 -39 -52
37357 59587 22 84
9634 76960 41 -91
9516 64216 95 11
53649 59853 68 44
45228 14805 10 7
35606 23664 50 2
5179 93079 -65 49
43085 1418 25 -38
34142 95395 -73 43
33702 20882 -26 -91
24983 61887 6 -30
44543 50558 -81 -32
46671 33666 100 -42
13810 1375 -14 51
58470 86269 77 -60
73714 71300 -8 41
66202 63445 -39 -100
76004 27038 -21 -80
13178 42008 41 69
18058 9927 53 -54
26396 88822 -3 97
83000 1582 65 -92
9687 15721 17 -90
83951 96007 16 -61
21771 91523 94 59
93522 61400 -48 -63
33676 2155 -1 89
96734 36092 91 52
65310 35063 66 -3
12024 67823 -14 49
57438 12162 4 -31
80311 19580 -58 -37
45357 88858 8 89
42249 45529 66 91
54986 87052 60 22
29627 5879 -73 -58
13106 60888 26 -2
55116 94051 38 34
39814 92242 89 -37
81981 56210 -40 71
84484 69951 -97 -34
56958 35284 -94 -85
61868 21783 64 95
85678 46764 -79 68
50287 83766 -3 42
39447 51752 57 99
45479 9859 -29 82
18484 55362 39 87
57293 17060 52 -32
30264 22730 27 -26
20589 96828 -84 47
78116 23020 34 -9
65007 3076 -49 63
89913 16356 -1 -44
3427 91344 48 68
14055 89753 86 14
32370 89998 20 -34
90324 53157 9 14
73354 4402 27 -95
33027 72145 93 15
67993 48792 -4 -26
81040 63120 -83 42
87936 6692 37 -8
22815 67139 -79 -2
92308 9926 49 -79
6780 58913 -44 -1
11016 60760 -82 -60
38219 15201 -57 23
92410 92147 -80 -100
42270 10331 -10 11
53609 51290 -52 -74
44554 56228 -29 56
76943 57432 -83 -10
58865 2277 -3 47
85568 448 -2 66
59964 6415 -60 48
59742 66305 70 8
94203 47363 -89 -25
30008 54944 -54 13
39315 8048 60 -19
82648 42790 -52 21
1133 52275 29 -44
41471 26438 27 -12
41117 93693 10 53
29718 15809 46 95
86969 86515 21 16
