300 1000 10 30 100000
56688 28757 72 -64
11010 12199 -23 -24
10141 2626 -65 80
68369 30483 55 11
12182 72034 72 -31
2610 59066 -54 31
9435 25286 39 -79
59998 84891 -61 -61
40055 43708 36 41
18830 63672 91 27
46470 98998 85 38
72802 71606 -37 37
39627 39684 91 20
46697 12216 -6 4
53751 49505 -81 96
29651 48432 -72 -18
86969 69617 -76 19
20086 84791 -95 70
15583 79913 40 5
20478 70171 -35 -33
8445 72081 -8 -21
4987 7364 10 88
85204 13587 -94 -32
72465 31589 -100 59
37699 8943 -32 85
14069 6144 -18 -51
5191 4254 -63 64
68842 92473 75 -25
35048 68132 72 -91
18888 56070 -12 -37
32281 21749 -85 -20
30868 8626 -15 0
58409 35291 3 -67
9658 34933 -5 49
57527 33271 -42 29
89187 45113 52 -5
4877 50706 99 -28
51707 95657 -98 38
55819 16865 -77 -47
88828 2158 96 -53
67761 56749 -82 94
85211 3903 19 54
40727 68105 33 60
17680 93217 84 66
85265 77365 -13 -44
45157 20584 100 -75
3259 94972 -17 85
52833 50513 -33 7
70120 42910 30 -74
36241 92602 -48 26
49219 89579 -92 -4
92096 33472 3 58
64254 13136 -56 44
24328 44064 77 51
1405 95892 29 -24
25620 26202 -60 -38
90591 49544 11 63
79254 34117 55 -46
30269 28722 100 83
68654 75842 79 -29
52922 28586 -99 1
81253 86313 53 50
86431 85800 98 -42
55253 9076 89 49
56841 66529 -9 67
90647 55526 -19 -30
32221 4457 -12 -24
21863 22513 72 6
17776 74222 40 -6
5064 11159 -80 -36
15819 6655 -64 53
83297 37899 29 37
81139 67325 35 90
89979 9123 -38 -21
64321 66617 -16 62
83753 70547 53 44
52830 94749 -94 3
24182 34398 -58 73
73542 64194 33 -12
34124 37999 52 -43
10189 14753 -35 -61
10695 8188 -95 20
77944 8372 51 74
22900 62577 -73 23
29672 50685 73 -16
33268 46711 -72 -42
2126 85823 -62 16
1930 85032 48 6
61109 19549 -19 58
38650 92967 -90 97
23246 72453 -75 40
56627 97614 72 -28
17602 13373 94 -97
57875 50232 2 -25
5916 88093 -79 -20
87898 94966 27 88
38105 55077 -14 88
68249 99147 -52 95
21941 90766 72 -75
96210 33061 -97 -29
19265 50498 52 -80
81797 38161 -69 87
32403 37539 68 -93
13231 74024 -84 -39
52584 42561 -97 -22
9299 94811 100 80
96094 74830 42 -54
16955 18368 -67 -22
7718 63949 -67 -5
38465 11155 -47 23
52078 86848 16 -97
23641 55931 -30 -91
12008 36524 97 63
22853 51905 -76 -80
23128 81094 -31 -64
90393 66924 49 -45
13404 49729 -58 66
55161 70155 -40 -11
47992 2315 -81 -19
61571 45770 52 7
34355 26373 50 28
67200 22019 48 71
98703 4024 89 91
35070 60829 -20 51
14682 50789 -75 -96
11645 19007 -45 10
56790 90252 -76 96
52389 93699 -79 -78
35546 27393 -3 89
52515 92911 -31 -83
73718 23069 52 92
71180 97973 -13 -21
70417 92711 -42 -39
19772 55574 -89 -65
58346 5231 70 -39
16465 19938 -31 28
76352 37456 -70 -13
52973 51668 -94 -72
99897 85615 98 2
6590 34721 -55 -78
44224 52304 15 98
90045 562 69 53
43609 67632 -80 61
10060 33271 5 14
27285 93518 14 -38
56846 97171 -50 -61
20246 19311 -7 -23
87438 89167 51 -10
89923 32096 -88 98
67085 54890 9 50
18247 62488 26 79
24144 86980 -46 33
96974 41349 -21 -39
74693 49104 55 41
71172 12463 -88 59
36414 12932 -27 -18
88994 88755 65 25
29027 67329 21 -70
32107 53150 -52 -15
90813 434 -11 -15
60205 76383 21 10
1187 83595 10 -65
33694 98883 -74 48
64605 91348 88 -30
15329 29853 21 16
76019 84966 7 89
29860 38739 -50 -36
56974 34736 -62 -47
16966 44248 -31 -1
33490 54103 -92 30
34845 86107 -1 15
37051 63318 -93 38
99768 27478 62 73
63418 22358 -16 42
57787 95746 -42 -79
19448 27871 78 14
76266 62041 -86 -35
74305 73722 47 -75
63609 13049 -49 23
40855 76156 -70 -44
16095 46659 0 40
50376 67860 21 84
26522 45847 2 -3
90363 85833 65 -90
54222 24593 62 31
65659 21627 -94 -83
80617 42162 41 -45
77572 19562 -5 -11
9400 7054 25 -53
65353 4866 9 -32
23442 32501 -79 -29
75249 45162 12 -50
91813 10675 -39 -65
9453 73691 -37 17
26098 62392 49 -93
75188 25800 -17 1
26183 97834 17 91
45016 23840 9 31
12866 89567 99 -15
61660 46086 5 -71
35518 41278 -87 16
8754 74350 -68 72
44287 83413 -48 -38
1793 21725 50 -35
78643 69321 55 26
56784 57804 -45 60
16801 60023 -1 7
89448 63385 78 78
48059 15011 -92 -21
63692 53982 83 14
15648 91503 77 70
88736 86360 -54 -67
74073 34467 -12 58
32869 30731 -31 -18
96600 13605 69 34
34471 69659 6 -58
84409 13850 78 24
52031 15896 -56 10
27181 86345 44 86
27568 66351 48 66
45718 41026 79 26
5233 13144 61 -39
77106 2033 71 65
63406 11249 -54 -14
51918 97629 54 81
42214 53668 21 -50
65941 67328 -19 -89
26999 14842 -13 19
94971 60588 26 -27
36865 66958 -86 -35
59708 10657 -83 31
72275 16832 94 -38
60007 55884 62 65
20433 2552 -50 53
46197 16188 89 100
49494 1680 -72 90
85166 81749 -66 78
72176 64590 60 -39
12408 25992 -25 -59
60651 59421 74 63
29049 49102 3 -99
71399 27509 31 -95
50261 82968 -13 22
49503 92686 96 -27
63214 74669 -30 -50
11319 22501 -4 -18
95643 62642 55 -63
88482 82406 44 -18
55240 10001 33 64
35371 29336 77 -86
3421 47183 -68 -72
15437 71594 2 -25
12013 28950 -2 74
92795 43163 52 8
2917 21444 54 -11
30673 52893 -52 75
10559 42432 95 -63
25649 10547 1 -78
61956 55116 58 4
29111 34380 34 -13
95432 53107 1 -81
35168 59845 -30 -29
35240 80085 -9 -24
22930 32598 -8 2
54826 98376 92 -6
58211 26270 -9 -75
67448 63674 39 -2
88694 9657 -11 -51
82141 94079 -46 77
41383 34165 51 91
45009 10184 -10 29
15013 83925 -92 -89
78214 80064 80 -2
40241 19236 -6 48
75236 37922 -8 94
59716 29642 -41 56
95977 95640 0 91
65337 77723 81 -48
42418 35449 -43 -10
52838 21972 -95 54
97355 51155 62 -21
48068 82279 -62 -41
29937 12376 -24 4
8868 55498 -59 34
80034 2679 62 -35
80376 96843 54 -7
26473 21286 86 94
4303 65810 -22 8
67958 66363 -79 10
73084 23945 -19 11
61970 14457 55 -12
58403 89785 -90 -92
34576 88506 -55 -71
25706 58372 0 41
9093 30163 84 45
74305 61997 -86 94
2941 66094 -20 -94
54369 10428 47 -25
78832 71456 62 -20
34755 82169 71 -29
