300 1000 10 30 100000
46595 47659 87 13
62604 66032 3 -97
94971 34221 -5 12
30845 75137 94 -18
71135 61308 -54 -54
6293 58312 56 -57
37830 40677 7 79
1131 37792 7 50
9920 89032 42 30
68857 40166 -100 19
9944 46553 -80 16
68005 84342 -56 -15
19780 23135 89 -77
93289 1519 14 -89
54620 6378 -52 -60
89987 38869 76 -1
29176 61954 29 97
51313 7272 -4 95
35205 90163 100 -35
97487 94454 62 78
45459 66947 -59 69
99303 46571 -13 6
72855 68763 24 50
57143 70698 -23 52
47669 12456 -10 55
40931 61607 29 9
20576 57122 62 36
46089 52304 -58 79
8461 49460 82 93
85852 69369 -97 71
15533 1331 81 -59
71132 55291 -7 -17
10207 57393 -82 -33
60504 44321 64 8
60680 99765 -42 28
86231 75850 82 -76
63187 60759 -82 67
8274 40023 97 20
75272 16309 -79 -9
24883 5702 -18 42
15646 97292 13 -57
36875 562 26 -86
99188 70931 71 -37
40854 47515 45 79
98553 40432 17 13
50143 60562 -62 62
89489 40240 95 17
46057 78849 32 62
53286 14522 31 43
47494 38512 41 -79
23712 18214 -64 2
29802 44727 -46 32
31744 93494 17 -58
58334 66976 -21 -34
77187 95814 13 57
44089 17565 -10 -41
16344 69511 -45 33
52327 74893 52 -33
30689 49216 45 51
21441 8958 50 -95
4743 66289 -33 -85
9079 74479 39 25
17378 61325 -69 -37
94931 83394 24 88
43239 43020 -73 -92
76267 49491 22 26
16861 52476 -100 37
84019 18002 -45 83
14714 20235 -45 97
87443 34741 -80 3
89584 39732 -38 -84
39980 8164 66 -29
20862 74356 -8 -44
75833 41113 55 31
5939 28654 32 -99
45595 43260 -63 -45
93088 50728 2 -11
34131 57432 31 -14
11029 50849 -94 76
78245 7048 89 -31
62641 13524 -24 -29
1058 35238 44 46
13693 11086 60 86
78351 37154 -56 -44
24357 99755 18 1
39650 89904 97 54
5537 18265 -93 43
40072 50115 -39 53
610 42028 -69 78
21374 31397 82 40
87899 85558 71 -15
90437 95697 80 93
33814 93243 -42 26
56933 65617 -4 -85
35514 17531 92 74
77266 70837 -80 -90
71886 25347 -60 -34
98927 99441 -89 -27
64092 40003 -62 -85
30301 43033 -65 -32
42178 38005 -100 31
13088 42055 21 -17
66685 13038 32 34
8314 6847 -66 30
50237 13273 32 73
50120 54579 -53 -12
73294 1351 61 -45
11036 31948 -30 -6
86972 49332 69 -22
70319 97346 43 69
76964 79336 65 85
34176 3260 -28 -47
72359 45096 -95 -20
28745 98100 44 55
40049 84331 -98 28
29860 49641 70 -13
93333 71999 14 68
84002 8258 -31 -17
94360 92817 -98 19
32087 18784 -37 -74
22767 6592 -64 72
85111 48926 58 64
76261 56788 42 74
54139 27477 -17 92
76985 10755 -22 -88
72740 56268 -95 93
90034 95143 -90 63
50525 87107 -80 25
46719 16235 -63 -40
14715 59527 98 65
24914 94296 -53 -2
19083 45323 -91 99
59345 83832 11 69
30466 61086 86 28
28255 3240 81 71
65179 8789 -60 84
27516 54821 -65 14
57234 26437 62 -58
13914 52576 67 -87
17356 35430 -49 10
67360 20533 74 -95
46698 45009 -85 -83
12402 74424 -87 -35
49737 62322 53 67
23407 50011 53 88
99200 10021 19 53
12959 66352 57 41
44887 48760 86 7
45425 96288 -46 5
78420 33663 2 87
13156 36393 60 22
46589 35195 -87 66
21274 90671 -56 11
59981 13352 -74 15
95122 35266 91 -19
36382 1287 -64 -46
35372 43984 -27 -63
73925 35890 38 6
93659 99715 -67 99
45196 23476 -58 83
91418 1346 8 -38
17950 50 10 -62
27107 4306 89 77
85661 38960 -28 56
97360 75672 -79 -91
99191 31486 93 26
35545 11743 70 -62
2841 31822 94 14
40408 49907 73 -94
49620 37481 -1 84
42780 44996 65 -39
35436 10492 24 32
40463 52871 -91 -23
79497 50642 8 68
95433 68318 7 -24
69011 55537 -29 -21
9732 64104 78 -11
29638 27910 24 96
3502 81920 -82 94
98966 3164 -53 -40
85102 11794 -73 -38
61079 45444 -79 -100
15467 92597 -99 -35
53996 77872 -50 28
99907 53599 32 -69
55179 97910 77 -29
17547 51951 -39 21
30162 8897 57 -15
33693 30296 41 37
42557 73333 63 -76
3179 23739 -96 69
42075 97954 80 74
1846 40099 -89 -34
25675 8617 -89 -90
79007 54850 -43 51
33696 52086 -93 54
27404 48125 -25 48
29090 50092 -93 -10
99852 81691 90 8
55235 89683 86 -29
35637 15901 23 -60
28274 60386 -23 58
27325 25786 -69 13
86758 51634 -20 -91
94944 92849 0 53
57555 94997 -2 -34
3833 42809 55 -24
53457 84912 59 -61
61900 99774 93 -11
30342 66038 84 40
75169 96145 94 -14
77639 99377 -49 -63
30868 69462 -63 -2
63056 7025 42 29
78426 21413 91 90
22396 36570 -41 22
3308 46695 -44 74
28262 54933 -50 47
68120 77687 -20 -82
15700 37548 31 -76
9895 41553 35 98
22257 94037 -56 -12
15956 21534 0 -74
79320 79584 -64 95
57211 97546 -75 -62
14852 25645 -96 94
80417 28734 47 -98
88887 38055 62 50
41820 27024 -29 89
66847 82696 85 97
2203 35247 31 -37
62021 54893 -93 -74
71567 22828 71 57
73051 15390 90 59
19841 27733 -8 -72
64133 4069 66 33
84468 67188 -25 61
91272 42551 -38 -90
14072 30906 -63 90
95538 91651 -42 45
3347 81081 62 53
90610 91434 66 66
68961 65810 -22 26
76854 31762 -67 -48
54611 23662 34 24
41351 47890 -83 -61
88743 20779 -69 -29
62854 2310 28 -42
95612 52268 -48 -96
41747 82492 -81 72
26178 6086 70 35
39818 72825 33 100
53228 82149 -96 -21
89874 24087 46 10
97793 29508 -35 60
61644 1773 92 84
5532 26146 66 38
86324 75634 -15 -19
5301 28473 -69 83
87794 4606 -45 -40
72716 11072 -15 94
96304 65651 51 58
98094 80329 -59 41
67002 14813 -16 38
44100 40487 87 53
68585 56638 36 68
38797 51439 45 -30
15619 27309 83 -25
11146 9487 -51 91
57774 92144 54 -49
10525 8926 2 -80
3544 94875 -98 57
21580 64739 68 21
51287 82946 -9 -68
41611 1488 2 -62
41614 44732 -68 -54
37217 44064 -62 75
91084 38372 82 -6
43693 47413 -91 -75
62588 69701 89 94
87952 56896 -52 -54
5358 58387 -39 -14
94571 92808 39 -23
13828 81981 28 3
87731 43995 54 -5
27991 81391 11 -12
80612 54032 51 45
14845 88960 80 86
41590 46088 64 49
59343 4603 44 -62
98749 7635 -68 -12
90900 36081 28 -58
24868 51500 64 2
8378 62112 75 17
9473 7837 61 39
71470 36934 5 55
90446 99785 -24 4
34992 34625 -92 -72
93134 63134 94 16
20893 91466 86 -51
