300 1000 10 30 100000
3445 65882 47 75
89315 46018 0 -15
12693 7404 84 -100
7356 13566 44 4
6594 79133 37 -16
51945 54210 71 -37
37240 89710 83 99
34969 20662 -33 53
35031 4149 -83 -73
25619 53600 50 -21
98355 20750 -72 -22
85119 3568 52 -57
86701 85286 -1 -33
47487 55049 -8 31
52128 79838 70 0
24232 14743 -37 14
89040 13140 -36 -43
47916 4089 -44 70
36398 92096 76 -42
91832 58039 11 18
37665 91273 93 -64
54206 94332 46 -29
9912 26220 -33 12
75577 52303 36 54
74646 103 99 95
33549 92347 33 45
6589 82213 -80 29
46625 54709 7 -17
39406 72791 57 9
2669 1144 35 -18
79022 7640 -58 66
35008 72709 29 -1
84218 89352 49 92
77017 71006 -20 39
3749 93104 63 1
2409 42225 -63 -16
81759 52016 17 -64
94800 77124 -30 -43
69043 53803 34 -11
55022 65866 28 -88
85016 53885 -58 -38
73475 56747 20 31
38386 99495 65 -34
20790 53419 -76 -44
61938 75899 41 -64
45800 14924 -35 -94
24534 9777 9 -33
61089 78523 -91 40
38130 7126 40 49
34508 14518 48 96
64835 56509 -89 -8
19040 4609 -37 22
32307 75237 -52 78
97618 31459 97 -15
2356 47642 -77 -86
44696 90167 69 -87
82412 67024 -5 76
10369 74671 57 77
46831 12786 -28 82
64215 53801 -62 -47
14922 33548 -83 -41
76487 52320 87 72
27619 4956 97 40
85603 45624 -16 100
99019 32796 50 -97
46657 53042 -3 -75
71040 80025 -75 24
82156 61107 -43 59
66347 75287 81 -55
8272 61010 54 73
69248 95743 4 -36
14576 27103 74 48
62968 42959 -51 -6
38293 79388 -64 -34
46984 10475 21 17
4795 63615 -61 10
88466 7994 -85 -28
62974 43109 -19 -74
92821 87345 14 -68
59581 16425 53 25
47201 1855 -44 -35
71537 65959 81 -33
542 62355 84 -92
24414 94700 -5 1
65690 76946 -49 65
83301 64369 50 43
70356 36139 -32 70
42992 25340 36 12
18734 52583 -62 59
82247 19017 71 -19
44455 26833 -87 -81
62108 49798 -45 33
55799 85271 -80 -31
36232 21539 -66 -29
51458 41967 -29 -80
85059 34958 38 -49
4608 4440 42 -34
77604 36754 -88 -26
43075 28710 -86 39
98033 28258 -6 87
55469 75609 63 87
40498 15497 -100 -43
13075 71500 -10 -36
60547 18430 42 55
43131 38801 30 -20
74457 38881 68 -68
38602 81723 -27 69
23016 3553 -22 90
75619 19978 -90 -28
98903 61375 67 47
23340 41750 50 -19
98648 6914 91 58
61350 73265 -10 -80
23461 85742 -41 -57
63664 37647 84 87
15754 53332 -24 18
75991 12940 49 21
89657 65569 59 34
95130 39894 -56 -49
96024 94988 23 27
74318 95383 16 -64
46705 11306 44 -52
25930 37750 -94 -45
94630 41988 -82 -74
93750 1108 -49 81
58389 48056 24 76
31240 46136 82 -67
57521 95058 33 37
68845 33355 -9 -49
74602 64084 -17 30
79760 94526 -36 -4
72452 84453 61 -99
57964 73875 48 -25
87903 64849 67 -100
81500 2387 55 -14
3473 17949 -51 19
26325 57237 -17 -77
84529 96206 -91 40
26956 79924 69 -85
49017 27941 39 -17
25484 95657 69 66
1506 51089 -85 100
28068 62059 17 92
63600 66097 -86 50
27195 89063 -48 -79
94279 89140 -53 69
21290 34429 71 29
48820 39602 7 -78
66039 46508 -88 79
30921 60039 -95 66
77341 2283 79 -33
19830 25435 -73 62
58765 10618 -77 70
15802 5821 -59 -58
35436 2788 -81 -25
82663 99869 -7 -14
80225 58217 6 42
32377 62872 -5 35
27724 76915 97 -35
51529 8883 -86 -52
64640 43622 -17 -92
19506 62172 82 6
99877 78436 -77 42
91793 74073 -20 -42
19960 81088 -2 -69
30037 80341 26 48
96667 17843 -49 -57
19728 61659 25 -57
21890 60681 69 -43
37966 17902 -92 86
14411 62542 7 -91
73972 93933 -45 -21
60065 76183 -27 95
57500 56736 -16 -78
89447 96930 68 77
86635 12346 87 84
80221 35377 -62 98
34679 29947 -87 75
28972 35287 81 71
64670 83163 68 79
63733 4747 -3 97
35081 24612 62 6
60509 51170 6 -81
87420 82022 63 11
59449 9674 -69 82
31839 13247 26 69
34258 77107 -34 86
89723 68434 31 -43
18519 41986 45 -85
52410 97411 2 66
49068 66055 52 32
51442 3698 -84 81
79418 54990 53 -99
19522 62213 64 -19
83419 67647 -24 26
46873 20460 40 -43
30671 31397 -30 79
36125 93006 -90 -46
52879 46727 -67 47
8690 25149 -62 -61
68251 56670 53 -15
84996 5277 -11 21
45860 98533 -19 -44
98780 75335 13 44
93251 74469 72 53
53115 45778 18 -43
93690 69998 -6 -68
58893 19103 19 85
363 3874 4 20
65861 15875 -12 26
8915 66981 41 -48
12006 30864 67 -66
35757 6400 5 37
25936 26071 1 -6
34014 43858 -55 65
59146 2741 41 16
40428 64621 -43 100
29830 6163 -14 -24
34259 77253 -14 -14
56890 76540 34 4
6124 787 12 -89
29705 29395 60 -29
91249 97093 58 13
98590 21647 85 91
80946 72125 87 -96
44322 65168 64 48
71486 53538 42 9
76230 5156 -88 17
12430 17990 33 36
46951 55570 75 -96
96506 49889 17 -88
26098 13666 26 -87
7639 91016 -80 26
67750 65912 23 -92
6514 82350 63 95
19146 43423 -51 97
78913 59676 12 -53
59959 58270 63 -100
25306 77971 22 92
73960 81039 -45 -73
63638 47572 -9 49
99607 47896 -12 57
20757 30847 33 -51
82175 37592 -40 39
9686 13694 61 76
4278 63412 -92 -66
33706 85120 37 -43
64983 36336 22 56
55478 62979 18 -63
80656 63637 0 -73
13094 72656 -11 -81
26483 17453 100 -97
11121 31300 -30 -90
40559 47103 87 70
83094 99054 78 -63
64635 89054 19 57
64237 36409 52 -79
36185 2274 80 37
16828 95218 -64 -4
3392 50598 -25 26
37014 82804 -73 -36
29346 60837 -42 18
90386 65100 -14 45
51398 44937 41 35
65846 94437 -95 -8
44161 84632 -56 50
10161 22943 -5 100
52585 9052 -85 -90
5063 38084 86 -62
57345 46370 -11 89
90800 23079 48 -26
14542 35018 -59 66
59552 21354 31 -43
48254 69639 -60 94
1572 56280 -13 1
60951 84512 61 -90
73336 119 66 40
81334 10900 -2 91
10487 64654 -38 91
82489 53287 99 -1
17921 5519 -48 -92
94963 81569 -64 91
43713 96977 49 -36
70039 92951 39 -89
17429 98009 -47 49
53962 40394 -56 46
38254 41788 96 -10
55349 98697 -73 -40
5003 98416 -73 -45
89909 20026 -95 -9
35945 23658 -29 55
13375 31503 35 -48
77951 45280 -66 26
14859 94171 65 -90
2959 57832 -20 -47
93787 17033 -47 67
70692 39626 12 34
37360 52606 -28 -85
92782 79178 -76 60
82487 15569 -66 75
