300 1000 10 30 100000
1176 81657 -28 30
24805 63277 -6 33
20378 2478 93 43
85830 43473 -6 -96
33352 48093 70 -57
67155 21706 10 -83
83550 11974 51 47
78532 61043 -84 -25
68893 94397 43 57
11693 74767 88 8
9035 45211 96 78
39951 36680 -95 35
52901 57023 34 15
35185 6247 31 45
58401 96606 -28 19
94068 95065 -79 -32
74790 39539 39 -28
81721 74182 -11 12
8080 32169 44 -69
22431 86774 -8 -36
66610 61949 44 -62
86325 90133 87 -87
58044 15036 -99 -55
17425 13151 -1 29
54003 93437 -93 -94
48444 60110 47 72
95109 7661 -61 -72
25033 94375 4 93
92740 89937 -76 35
62182 51647 3 -69
34837 68047 65 -94
29200 21370 21 -21
18631 62396 -97 82
84030 31386 93 -95
85673 36300 -25 52
75087 34811 23 -100
91958 67623 61 50
46671 71494 8 -84
42548 808 -50 22
35918 6901 -95 -32
64731 73823 10 49
47959 52023 77 -29
94963 59981 49 -52
57944 27007 37 74
28723 79771 -79 -59
95651 93299 -57 -86
38078 42893 87 -46
87591 25592 99 3
16139 38184 -58 39
85676 55759 -56 -73
81469 13514 -60 38
61160 77124 67 -55
34965 43004 98 -4
45116 29303 -12 -88
58456 23260 -90 -5
69038 2117 -56 -60
55827 42371 -88 41
74531 52501 -42 -19
87103 77917 -43 -41
56436 87571 46 94
75029 7897 -58 29
97703 35658 34 -85
71530 68599 26 12
53761 4528 43 -41
78393 2717 -34 60
52570 92307 -35 -7
28275 13140 -99 -98
28077 70966 4 -74
39329 65101 71 89
11327 65415 58 67
21940 98207 -29 -6
94295 84220 37 82
14350 51396 24 38
39105 14557 69 29
18170 85683 8 -60
64274 89194 -51 -96
26863 13241 88 -91
28300 53456 63 -39
44853 19129 -14 30
97253 16200 66 34
57327 89622 -71 49
98094 93961 84 82
21574 79433 84 88
48334 50151 30 -99
57897 77682 100 48
35251 62870 -19 -19
53838 52397 -87 3
90538 24460 76 -13
93294 93023 93 -27
55722 58827 -57 18
56512 81002 -84 67
30018 64136 -2 43
72939 97941 5 -22
71406 43839 -79 -14
40612 43774 55 4
12156 34635 34 24
45302 20459 -23 -51
40732 70771 88 41
24656 87338 93 64
1825 16954 -52 -29
96408 38669 -81 -20
15937 3442 10 -47
77296 58537 88 9
91462 38893 -65 72
62089 54930 -55 50
54975 45016 1 -42
87131 40075 -30 0
5745 81649 -41 4
33439 39947 11 -94
50860 32324 -71 -45
9427 60768 100 38
15218 30502 -62 -30
57096 19311 -29 77
88102 1114 -13 49
70251 65287 -83 80
4388 4075 -56 -2
24605 47945 -98 33
52952 33980 16 -57
905 55968 1 79
40690 81508 -94 49
18621 64058 46 -77
11287 32855 25 33
1599 96682 28 39
48413 19998 -34 -44
4394 13293 33 5
82981 89511 55 12
97117 51271 -97 9
47926 4345 45 12
24676 29469 -22 53
10735 76998 -73 -20
22321 82696 -17 9
93720 40341 56 52
42014 60824 49 72
75045 72223 57 -46
78764 29301 -59 97
87252 36453 78 -11
28716 33448 46 -23
97975 15213 -76 -96
57947 72779 -39 78
95169 9351 83 -7
71348 33733 -41 5
55783 11678 5 82
32236 75766 -82 -35
63010 31696 -22 41
702 17786 55 -23
93933 19467 81 -10
99620 3599 -94 14
13004 73008 -84 -58
52657 17716 100 90
64669 18139 59 21
12768 4757 37 62
35889 71482 -91 20
88355 33731 29 26
96609 45304 -36 49
67473 65266 0 -10
6157 9593 -92 -73
61341 16728 -2 8
48279 43092 89 83
79672 41597 68 5
77667 30908 24 -70
51786 18249 46 19
45917 4864 16 96
26239 75467 -22 41
75927 25402 -73 38
99465 98310 41 -71
58583 3609 30 -59
74357 18795 -48 96
19536 96429 46 8
1202 923 -29 79
67407 70632 -3 -46
72751 93108 73 63
10461 35179 62 56
69661 38995 -28 -7
32629 33136 -56 56
37610 13214 -100 -99
40618 13028 13 -15
35596 20966 -20 -11
37401 85907 -58 -31
82240 657 -89 20
64898 47329 -7 69
78828 71174 -23 14
27418 82427 63 -99
66898 25192 53 8
86170 89961 -48 -13
21797 84429 38 -3
34501 22618 42 -12
17055 18891 46 -13
64708 98093 56 95
50289 17116 -56 100
77438 70763 80 26
27168 10368 -77 -92
80588 98965 97 -78
14714 908 -21 -68
14588 78356 56 8
6849 68049 -14 -46
90891 76009 -66 -89
43770 16711 5 -56
22729 2894 -26 -2
30994 77016 13 -97
7998 37750 -26 68
37824 28142 -35 -15
49958 56644 52 16
67759 18464 -74 15
19996 48785 -50 55
24391 4767 -56 -68
74844 67330 77 37
59952 62139 -35 -70
31819 1771 48 6
98243 9706 23 88
71533 97533 -46 -86
12745 70483 75 -8
38278 20142 -82 13
14447 46997 28 33
70718 65317 -13 24
91458 55110 -94 10
25461 57070 -19 31
18643 26892 69 56
59297 17893 -69 82
99758 97728 -70 -23
45780 80393 73 77
5691 59023 63 -2
87045 20896 -52 -45
62085 11660 -52 -22
92105 43290 -27 -58
59884 8463 85 31
87758 43446 80 76
36295 10286 -86 -46
12668 78262 16 58
11702 90207 100 94
1617 65339 -46 16
62922 4283 -43 61
51898 24738 -34 -47
34291 15332 -87 -43
2316 13673 -15 63
50808 66831 49 41
66292 71650 -4 9
43549 85847 -42 -100
15271 59453 -88 23
60710 27881 -95 60
55324 25811 95 -59
80790 11583 -65 97
51834 33642 57 -60
22775 67217 44 -36
59458 28734 24 75
93120 99824 -11 20
1530 78962 -35 -97
7575 41985 53 41
26454 77717 -91 71
20907 68623 -54 -54
88008 60193 23 58
37084 88327 -62 31
18086 6531 -20 86
70248 71253 -57 -6
37024 83081 -8 18
14896 896 -15 -82
67253 26258 20 -53
30985 45314 -31 -53
50176 96764 -96 79
49483 97443 -6 -62
18759 29768 80 -61
43779 282 79 28
92173 20006 -6 -68
25230 84410 -66 3
95178 44660 28 91
28405 35776 -75 89
68772 25475 -68 -33
93285 39165 -32 80
47248 85231 83 -26
31783 31378 -14 51
55389 37823 41 -9
38905 35357 38 -43
40895 9405 30 24
74946 80450 -84 -87
27780 94697 64 77
1740 45024 -13 -28
44573 17074 -73 -55
84543 61960 97 -52
19407 75376 15 -69
98755 90287 -46 -92
52707 64078 99 -50
62062 66856 5 -57
46449 28623 -85 -19
14626 27544 8 51
17031 86768 93 -61
68743 589 60 -45
51623 81881 -36 62
64903 60662 -36 64
15836 2379 -98 -12
26483 69595 -17 -71
27347 53297 -27 -39
72336 9714 17 11
408 16151 -13 35
76568 66398 42 56
9421 42505 -53 -12
50038 73569 -88 -51
66372 23438 -38 20
22275 85391 -57 -61
64204 10824 -75 64
88037 45404 -100 -7
7736 16477 16 70
