300 1000 10 30 100000
31779 45567 -68 -44
15730 50277 -94 58
30369 41815 -3 -14
5422 15394 17 -86
43987 89660 87 -65
14539 62541 27 36
37302 10163 79 -92
36996 6765 85 -58
15448 93976 -51 29
58194 17485 -81 28
89898 2784 100 -54
86865 88201 -83 -8
22133 84455 32 -56
42445 94833 -39 82
63845 97626 -65 -80
72933 1885 -47 5
14492 47364 40 -97
8041 84413 -81 -36
99031 30068 -46 -88
65764 75059 30 85
24120 37188 -36 -75
63594 41360 21 -7
81376 36420 93 -28
18807 23256 -17 70
57110 71643 -22 -46
73610 43606 -83 -28
94769 16841 -62 90
79559 31042 -18 -34
77406 54882 -76 -81
50041 68176 -68 66
53980 835 -2 -90
5655 66072 -40 -26
19646 71231 25 2
31409 22967 -41 25
52753 69934 -33 -42
9590 55759 92 -47
69726 44268 5 -5
53147 87715 -26 32
43114 63150 -74 -31
14006 55047 24 -82
66712 60794 18 12
72599 99733 -21 35
59238 69938 -31 -71
10201 285 -80 28
49944 73803 -97 -52
21277 22686 -90 62
13417 99526 -13 49
64365 12650 -36 -61
73 75167 -75 98
83555 83115 -88 53
13325 87283 -9 -25
65914 50124 6 69
25165 59562 -72 -25
19801 29006 -9 -35
55556 55134 5 47
35030 46808 86 -68
42328 61995 68 -54
9234 86316 83 4
52603 4577 -16 69
7333 48582 28 40
53220 5672 13 -41
42752 82118 91 -86
86446 36206 68 9
51398 17616 -92 -11
95096 59123 -79 -70
66331 13928 7 -86
3855 63701 6 37
74726 98258 -16 94
34443 51448 99 70
36303 53425 75 20
83638 53378 89 87
26818 90720 30 -56
55196 41027 2 -18
58547 48090 60 89
20337 32424 97 2
7974 39177 95 22
91846 80468 -94 -15
95682 16616 59 29
36680 90294 45 90
48229 39870 -50 11
61478 54148 -14 -70
62061 88107 -80 24
18189 68652 7 36
5568 96182 37 -93
47364 51305 -78 -24
95383 34242 87 26
40888 38941 -87 -42
86412 34939 -24 99
58467 33253 -71 16
75493 82733 -9 -29
19421 19824 74 -19
55299 24264 -28 17
83572 95453 38 -59
68783 89643 2 8
535 56399 -98 19
2890 98124 -32 -100
87498 1159 0 -47
20000 1803 -10 24
21124 78745 -52 -73
54820 29881 86 -59
39515 70711 -33 10
69236 54674 -29 94
26879 31824 -57 13
99822 55278 -40 -33
40427 64815 3 72
51657 19888 -5 -28
97597 88656 80 39
79882 30260 -25 38
17550 31949 -19 62
33571 76966 22 44
97880 86171 84 5
98910 91574 13 20
56597 81694 -43 -100
56330 1324 35 51
64006 46962 25 27
73985 55318 -91 1
53098 69050 -60 -38
69060 51317 13 -58
60350 35135 72 56
70623 48300 -9 -68
87870 95780 94 -54
36627 56002 65 81
3038 69601 -40 49
20385 62368 31 33
26627 86157 85 7
77610 57257 -14 -5
99486 22348 3 -66
86264 50132 -57 20
781 68279 -11 -20
61329 80132 78 26
94523 55523 -48 -99
50950 32971 -13 -30
91795 39408 65 20
20903 82652 -31 -84
78 4242 -75 89
18189 82440 79 -95
7634 40369 20 -36
37949 10173 18 -75
23826 3651 100 -13
56886 85591 22 -11
73959 13099 -47 86
35186 50836 23 -42
38231 23318 -93 93
92596 25127 67 -36
23839 43432 -85 -25
12869 44596 20 -5
58096 37608 -50 2
49915 67150 70 -90
86770 18722 21 78
75675 20079 52 -76
50682 27057 -61 11
41789 50499 86 5
64002 82272 57 74
60945 94236 40 -32
29993 95950 -59 57
85985 8904 0 21
22536 79322 -84 -37
45311 23957 62 71
64295 36557 -16 -58
43980 45301 -78 -6
86920 64490 -78 82
87346 23636 -68 -88
8374 26220 -81 -37
45798 27328 -3 -79
1518 83264 94 -79
74680 65026 98 64
26866 58952 45 69
21489 12976 -73 -52
23519 7493 -71 23
31314 86396 -62 23
75809 7027 -92 -95
6427 8657 70 -93
57961 9864 47 53
74354 56876 91 -16
62207 6605 15 -100
70320 75054 -62 80
81684 88296 -38 -15
46747 38947 69 90
72186 54558 95 -67
28731 10396 77 24
93794 76646 79 99
94357 99271 -12 -62
12253 92912 75 56
50853 76240 91 9
94159 41501 -96 -1
36744 81950 -69 -50
76590 25978 -24 68
46646 85710 29 -48
61346 46834 12 93
38538 39023 -88 13
38937 53913 -48 -59
95252 65134 88 -27
77997 27689 -100 68
56290 12246 18 -11
30154 94009 55 -72
51363 96323 3 -75
75292 9847 -12 -68
79852 5081 -34 -64
87128 70309 -52 -37
83869 51531 -16 73
45754 92410 -87 65
50456 16780 -14 -100
29937 3261 46 56
4598 71868 -26 22
83053 45347 5 -58
69118 94121 -67 92
90098 82085 -63 -76
56254 93874 29 -94
85013 40428 10 57
6577 73386 10 69
37350 38221 -82 25
59900 84169 -94 79
94859 35191 -86 5
33392 34192 35 -68
72264 18874 -31 36
58950 1913 -38 -57
56424 92953 42 -14
33579 45777 52 91
42781 32572 -33 -100
21426 70083 95 -95
45098 30643 33 3
19470 19338 -54 -18
73527 78751 10 96
54131 97173 -12 -6
80572 18239 54 -8
53141 14390 -73 -30
7769 43753 -83 -20
8352 80294 -46 63
31604 48752 21 25
7774 45509 44 89
62754 96455 58 2
41130 59423 -47 -25
15575 21761 32 -38
48872 22680 5 68
13941 10336 73 58
14408 18710 -20 -31
34726 52390 -11 -51
6835 13006 20 -46
6780 28792 73 33
17767 86924 -17 -95
59 54672 13 -39
69608 97576 55 14
25301 93498 -70 64
75473 53129 41 14
63880 62013 29 -89
82075 98473 -5 -22
91798 48379 60 21
11323 17797 -70 66
66728 54631 64 68
31043 69313 80 -65
44867 6376 78 -20
46342 37484 55 -60
95304 12785 -34 -66
4793 23593 -75 -37
9080 4039 -86 -10
19231 27503 -41 -4
56847 78619 27 66
70251 52569 -72 79
90075 88839 55 -47
11350 82679 87 53
73213 15939 18 92
2688 13438 -52 -58
21639 97339 -37 -33
28707 94901 4 -87
5675 3102 97 75
36101 86038 -34 54
85200 80633 25 -9
72237 1613 -10 -2
55838 88331 78 -90
8560 56419 24 12
31061 17089 -72 99
4194 11078 19 -20
68777 43255 81 -65
7744 19056 5 -14
2615 76884 -12 -22
32046 27723 78 38
78597 38433 -21 86
22368 15022 28 -30
17344 29866 27 -69
76475 38441 42 -27
19121 83979 78 60
71842 61220 76 62
78954 78410 24 -62
52871 62197 21 16
86397 3454 -88 -28
38429 93373 85 35
37973 77956 38 50
54814 34106 17 -83
38996 5682 -30 61
56692 71269 62 -77
6448 36517 -92 96
40017 28494 -68 -91
34509 58955 -56 -80
2613 38446 73 72
77171 20995 -66 -12
31003 60479 78 47
12409 77459 -43 73
55556 38874 51 78
28448 73666 76 88
56449 85616 15 -96
