300 1000 10 30 100000
13322 95186 -37 -57
3146 92829 62 68
54587 13592 -20 -37
33317 18741 -9 -80
30829 97626 -20 -6
3032 96522 30 -47
91639 94063 29 79
18009 91238 85 -40
71655 7811 85 -68
2359 13547 86 -43
92435 22297 42 -10
54244 46406 -26 92
91190 29672 95 90
5701 8505 10 -12
20812 58319 -81 53
97449 24649 -98 -27
47967 48516 15 63
99034 88822 60 80
17444 58840 35 -40
68374 58621 64 -17
6484 41360 34 -83
5494 6816 -60 4
13854 55147 0 -60
66121 56441 -39 -63
48945 15676 -48 91
9678 68011 -21 67
30601 82019 -25 60
61257 77332 44 83
39911 23989 49 7
4120 17503 9 -77
33684 29295 -47 -76
12396 46809 36 -2
92056 47915 -74 20
7280 2031 -14 16
86258 62728 75 5
93714 68589 -16 -1
76045 38823 79 24
85877 44533 -12 44
77436 51790 -99 -84
8260 68626 -43 13
78272 37078 30 10
22112 51652 25 -37
22202 91593 46 -53
64481 61800 43 12
3860 51922 57 -10
918 25046 93 -81
16485 3813 37 -71
44569 19133 -32 64
34536 34045 -13 67
84501 50930 33 -64
95967 85251 91 -11
72053 22474 -36 -77
22954 90190 -75 -12
39877 65961 -83 -21
77605 8192 77 -37
23847 96509 -64 69
53286 93837 -84 -61
249 84173 97 10
88373 55936 42 -78
18763 29115 -17 2
27432 9350 -93 34
40605 78553 -90 -62
67217 29181 95 -6
91489 24760 59 -57
4804 91929 41 -14
58720 39891 9 98
18693 44250 28 -68
82968 15542 -10 -88
74741 92983 31 7
30128 52465 97 -64
86316 83901 22 25
60219 9025 -96 -73
50905 74377 -2 -29
52036 71360 -31 -52
67830 29059 -70 -30
98152 47323 -45 70
3397 1608 5 -32
29146 83524 24 -52
61829 53662 35 53
14577 79265 -13 25
52398 29847 13 -4
76674 72569 73 -45
51112 6794 -99 -7
52967 47058 -63 5
17940 10978 -14 -36
24228 31168 75 -33
46878 85572 40 65
60804 34980 -30 35
38345 13918 79 -8
23984 59205 19 77
48128 54355 35 3
68419 84812 96 -87
59162 31674 -92 88
50807 65654 -52 -36
80900 76213 23 19
39415 66620 21 -79
55302 85570 30 -87
79991 54700 69 36
51537 91753 -85 66
18543 85141 76 49
48232 14509 -100 -7
25826 55234 -46 73
15734 59299 -75 -3
69991 39651 -90 -61
71851 74821 89 -52
82296 53549 -44 78
9938 26488 -25 74
11484 88817 -63 100
59457 75791 7 76
10157 37330 56 -24
57848 16613 19 76
3142 75563 18 -71
32295 65660 -37 -17
78545 45291 -8 -47
75719 97805 27 -30
3693 63596 1 -71
56445 55268 -15 -36
68117 25870 12 -92
96278 66524 -53 78
62010 41910 -23 -40
26606 30115 67 63
85618 48641 8 84
14871 53877 80 -4
65678 88538 -63 76
84919 28882 -6 36
46643 59674 -34 38
28895 22203 -50 3
95867 2401 -57 73
135 49009 32 -62
8512 66193 83 -43
47577 51 -41 -39
26992 75584 -89 62
31716 74791 -77 -27
57688 20107 -51 -99
19989 10203 70 -27
19430 54337 36 -51
49512 42269 -31 -75
52036 3387 -31 -34
68864 67959 -83 64
43966 18999 98 -35
38952 16826 -86 36
46829 97855 62 75
87945 66964 63 38
56685 17481 4 -63
54432 82974 62 -56
54621 76066 86 -74
32051 19270 7 90
54167 58558 -15 -26
90026 17959 -26 -5
82424 67979 31 39
676 55056 3 36
3943 98261 10 5
97462 53829 63 68
29932 44353 12 30
8875 11782 54 -25
70865 36436 -32 82
20130 73669 -92 -37
98868 36561 -51 37
95245 26218 2 82
92593 30155 20 -91
26687 63507 65 -73
59716 88704 93 5
88665 75980 50 -39
43230 40187 30 -95
44684 77382 -54 21
7966 41610 88 92
94752 3264 60 -92
24571 18885 87 76
98813 88511 55 -74
87000 84640 -99 70
70673 28913 -94 4
90624 47764 0 -40
83411 2967 13 -18
32214 95804 77 14
11272 74730 65 97
32782 52497 25 74
65619 27132 52 -43
1566 67078 -37 18
62721 6346 60 -37
78246 37558 41 -69
94627 47298 22 96
57978 53857 41 3
36253 90266 99 86
49459 4497 -19 -11
31692 97040 17 13
66439 8796 0 63
79918 12874 -99 -80
20362 93683 71 -70
48169 35902 64 46
62492 84196 89 81
41075 99800 55 59
44205 11769 -58 81
3270 32263 43 19
14894 13632 1 8
77963 64369 -71 32
86567 62235 33 79
39638 96384 78 -95
62224 15278 49 79
5394 54145 -57 -67
3745 76144 79 83
19423 84808 50 -83
2096 89572 -77 90
55876 7013 -14 23
56807 20597 58 83
38754 52372 -84 8
26058 51906 -19 42
89073 61282 -56 -70
928 81795 -65 -85
14802 54703 84 -9
7884 36458 59 0
33722 29402 -63 87
62917 52058 26 -20
17024 12898 -74 -64
99389 4275 -6 -36
89886 44879 73 31
13362 52810 10 -73
60908 43132 92 -38
62589 91932 56 34
18897 78558 32 48
39858 86752 73 98
78065 35794 95 19
96575 64712 96 -52
63259 35636 58 64
59149 40747 67 73
83401 90684 -34 -92
88349 57030 -86 -56
50007 9050 25 92
71557 19607 -44 93
23158 99849 10 -94
22297 80729 97 -87
17295 89078 67 29
15926 66391 10 87
93920 58302 -33 -71
87555 4738 -67 -39
35710 23226 79 32
59394 79659 -45 -98
76387 25303 49 5
32423 19508 53 -59
66357 30063 26 3
97056 57444 44 -78
30200 82922 -56 21
61018 25490 -77 74
31218 66947 2 -32
95890 96192 47 100
75780 39802 -75 54
22338 95688 75 -13
99593 82547 -96 -75
87859 36741 4 80
37153 6718 -6 -33
96706 87150 -50 25
32020 57271 55 59
16990 55827 -5 74
92561 44176 39 46
25818 18980 98 98
18458 33319 2 40
71488 79939 -17 34
29851 80832 85 -51
79623 88075 98 85
90806 86981 38 -32
77964 97620 92 -73
71999 62496 22 -17
71064 68528 -6 -68
5696 84421 42 12
90411 76353 19 -41
66524 59291 -98 -30
25357 94671 19 -37
58042 99766 12 -68
34339 96816 -50 88
785 79415 8 -25
21228 81597 -66 38
50270 31315 21 -70
34517 42037 54 60
86790 25251 -75 -17
98704 24792 19 3
22980 44514 19 -67
31567 17815 -5 -24
89273 56924 -79 25
92990 56385 -85 52
93421 8440 86 1
11814 42335 -56 -50
11537 29503 -34 -17
72494 82687 27 -26
70598 64819 30 -97
33425 96254 53 82
23426 90995 32 -70
26484 4112 61 -17
65869 85704 -46 74
34720 20286 -74 -89
45551 96774 11 43
13328 51761 100 0
81511 68967 55 -68
63342 19769 -28 0
99394 89539 -43 -98
92767 46819 -3 91
64565 46649 29 -78
95842 98104 -53 -84
17058 86203 -64 -62
4998 3875 -71 67
62400 52318 -52 -87
49755 48529 -99 -60
