300 1000 10 30 100000
77727 16916 91 -26
7662 30183 -68 11
83261 70220 -82 81
26604 15330 -33 -7
31436 80120 -22 -6
54468 44255 5 12
24965 49425 47 -57
67328 1364 69 55
31966 61447 22 -30
73874 52698 15 31
3780 96022 -69 2
88980 99557 -72 -41
98719 81083 -10 -60
49300 63904 -79 54
17743 24196 -30 76
36666 65922 -71 72
10690 55354 -7 -37
25473 36988 -64 52
25547 9428 2 20
42011 1829 58 -14
95157 1753 -54 -26
65041 12996 49 -4
30601 62071 -85 85
43011 66132 85 100
34814 59157 28 52
23741 48029 -28 42
74109 65461 6 -33
82441 86157 -28 -7
90100 49668 31 -23
90222 58680 41 -68
12222 42104 -72 -6
88419 66006 42 65
6053 62729 19 18
39846 69914 8 -73
34080 60762 -14 -26
96091 71734 -77 5
44906 57358 -62 -25
85596 55628 -39 14
50303 86760 33 -55
2248 34833 -28 38
21449 21808 24 1
3524 25506 4 58
18611 9844 -100 15
70534 16357 -9 -41
53547 7599 3 80
77055 98179 72 76
80375 31840 -40 89
76702 24467 -18 28
34074 40607 -12 -64
97498 36685 6 -41
79590 98450 39 -22
14129 55761 -44 -4
97850 77793 -95 -4
15933 85151 56 -90
81891 60683 45 -82
24311 25550 100 8
33766 29766 88 -5
45990 76919 67 38
26503 47308 72 -62
29021 1441 77 53
43129 69039 36 -87
25694 3392 0 22
94457 68057 -63 -45
87991 41069 53 -98
73664 69155 -67 -41
54413 10179 12 -71
67198 19715 -43 7
80574 52694 82 41
49233 65556 -69 -69
8263 3080 22 -44
76357 4821 78 -12
26068 92159 -35 -65
57928 50536 -83 58
28208 40796 -29 -92
99554 64712 100 31
34928 23406 -4 -26
74167 99993 -36 78
78869 12184 -38 93
28015 91933 3 -56
78040 67634 89 83
93430 56131 80 65
49455 2314 -42 -27
80556 39967 18 12
50661 80028 30 62
17352 44853 42 -35
9457 47142 -98 18
42678 31295 29 -48
33688 9668 80 26
66687 71464 26 -31
64777 63360 -48 -30
66549 84121 -88 -53
90127 79899 51 23
93833 76898 6 -36
98998 21646 1 17
20444 87223 40 -70
61962 10711 -77 -77
35939 95348 39 52
1835 34498 81 -41
95436 16733 -13 24
51068 64559 -33 -9
86465 46968 -23 -14
76394 30982 -43 13
29908 27396 -36 49
50992 60894 -7 74
78123 4930 1 -33
1484 38237 53 70
35019 41132 -78 100
24955 72782 -30 61
69284 14023 -96 38
87402 1945 -76 41
15866 26147 -52 12
78621 53013 -89 80
52852 43303 85 -41
8442 95995 -73 7
36726 96457 -55 -76
6048 59507 43 73
32309 65283 -26 -18
52285 85454 46 33
76446 35992 14 -37
66312 96760 51 97
55529 30160 18 67
37291 53809 -9 -81
42056 67541 81 -29
91914 23653 -40 55
70807 17458 43 58
66569 59969 35 7
23483 44849 91 -94
15534 61587 42 89
41517 28537 -17 99
53444 20867 34 46
81755 98826 39 92
61896 85439 47 -95
35086 8002 55 -99
70774 55815 -41 67
71464 47863 0 -53
53485 58343 -83 -2
84745 89905 -79 -37
27539 86357 78 89
93464 14279 27 -92
47334 94835 56 14
44948 25843 -3 87
19410 42294 18 -56
2179 74290 46 41
44184 19880 9 -75
6412 45430 80 -22
36654 82561 93 52
82262 41931 -10 99
13078 86372 -77 55
9086 72014 -60 28
48819 20000 -45 10
62638 39997 56 -69
25269 2187 -8 -85
35817 48770 -16 -21
26141 71606 64 53
5078 47587 -51 96
3477 80639 -12 15
31609 25696 87 98
41576 37022 -60 65
34970 70260 12 -9
77445 78821 39 -4
70647 96287 2 93
18283 58030 57 10
15854 4362 74 -37
12533 96076 87 89
18775 15457 -39 -55
46976 15686 -70 85
42357 48475 -61 25
86574 36645 -35 99
59358 6155 58 -63
19463 71340 -89 -54
4172 7232 -93 72
63705 24393 -41 95
35877 95335 5 -66
15249 88196 -39 42
43098 71218 -67 -61
27208 41661 23 15
22359 30595 -65 -95
58008 71296 38 4
21080 92208 -46 -31
83869 30641 67 -66
55826 40982 67 97
4917 64120 20 50
10781 25721 -54 9
22878 34256 45 -80
57974 58097 17 43
95719 20100 82 85
66829 27411 11 -26
65358 50015 43 6
8166 2951 -15 -26
81710 88878 16 36
40834 39534 -77 26
92247 81684 -29 12
10041 37615 -24 -84
42512 157 29 59
90668 76076 -27 68
14306 57272 -5 19
62749 76670 -27 18
93686 87883 -92 17
65142 4205 87 65
64599 97665 44 6
44654 82069 -54 49
30502 83219 10 27
25811 57864 24 5
46921 71316 5 62
41691 14204 -94 95
29569 70045 24 -93
37465 33224 95 -66
95524 9070 97 51
58005 30544 -26 79
93025 35158 55 90
94875 34849 -33 94
77856 85199 -22 48
64609 98732 44 -52
18038 68240 -84 -25
20933 48952 37 -65
32046 79911 -31 -32
29966 36142 -54 -12
19783 14805 58 -43
44838 75931 -10 -77
41960 1983 -21 90
70673 32652 -6 93
62342 73028 -2 47
56182 12764 -17 74
26367 15063 -65 -62
94711 86627 -98 87
68235 45761 -48 54
43619 28528 -15 -48
96041 18422 -42 80
90108 42483 24 -52
898 37670 -50 49
32908 92861 -72 57
28412 87687 57 -72
86306 74247 -50 -55
22422 77317 6 -15
89398 96865 -36 11
8220 24582 -45 -51
19169 59440 4 -99
59169 15888 -19 -88
77527 50109 -70 30
86651 56780 -74 7
81029 1684 -73 -99
41979 97766 -58 2
70661 33511 -95 72
44782 89330 10 -95
62094 15067 52 -47
14160 38910 47 -33
85734 61794 13 -49
13092 13754 94 6
74871 99387 50 63
39272 52076 -56 0
59608 73615 23 -43
73800 11923 34 -46
22588 12855 52 19
20316 73619 -46 71
89354 59355 -33 66
94998 675 -57 84
73641 70481 100 30
27273 95240 26 -38
34498 53964 75 -54
23476 80650 -9 -5
84021 66886 68 19
67978 57478 75 -5
5754 45045 -6 29
51997 75590 28 -7
85188 12234 -92 73
63644 89206 48 37
48564 59272 -19 -97
15829 61171 58 -42
17012 13800 28 86
64016 31335 83 25
99542 38338 55 -98
23569 87232 -81 97
97515 63093 -72 -23
45781 22535 -32 -91
70302 27458 -10 80
18055 83388 -40 91
59899 44215 81 37
35095 44003 -88 26
50776 45276 37 52
48330 15303 -59 3
8171 91578 -28 -28
8486 29506 -51 -97
64558 82614 10 -27
71813 9187 -66 91
92807 73801 10 65
1659 82031 -30 -22
48387 76552 -64 -92
6626 65778 -8 -74
67499 58090 84 -80
4332 14078 18 -77
1652 56252 -46 -84
22556 50282 -96 -64
75524 43017 49 -14
42012 22277 0 28
7600 73340 63 -20
67727 28960 52 -64
22310 8574 -40 54
93183 36749 76 -53
86659 94605 -84 25
34666 6420 -94 55
