300 1000 10 30 100000
70677 51601 70 23
50946 12484 -71 -64
81950 28838 -8 23
9440 15875 -82 -55
5997 76481 26 36
79458 67856 87 -39
98563 65996 57 -27
2338 86877 90 -58
28123 1158 -95 24
9176 38800 51 40
31005 92764 16 4
54838 81912 -44 -17
77065 74279 -89 5
59593 29861 26 63
53436 89516 46 -85
96311 95348 76 -84
58107 33711 -56 52
4842 36489 -79 5
16741 28420 94 -96
89319 13265 -89 -92
75054 93144 -88 -44
81346 20879 63 66
59929 61352 -96 40
55950 9851 -12 50
96516 62386 -64 16
38503 47686 4 -23
76530 72395 11 -99
91353 182 -48 -5
98565 969 -14 -32
61920 17686 5 35
65531 21270 23 -76
28065 17815 -28 -38
31247 34204 76 -42
71003 22891 -35 95
9708 73925 1 40
90068 64836 7 -41
38409 77364 -81 66
53012 99210 -16 -5
27949 46054 -42 -65
31120 27951 -73 -63
72097 44557 54 92
87574 16111 -61 -26
26895 18910 -31 -56
31376 8228 -76 75
42374 25958 -4 52
43388 96357 33 -79
35611 17854 -8 19
55360 88763 55 35
95885 70319 -65 -5
97389 62584 42 -82
48265 24378 23 49
62115 70742 -77 -35
16302 7285 52 21
3586 62170 -30 -68
41251 2698 -89 53
10929 16656 -53 -68
62656 38329 -19 0
57564 17007 15 69
73240 12720 69 10
18062 35445 -84 17
3116 3780 36 65
25871 78163 -84 37
25196 24778 -65 29
45283 7437 64 -3
16644 25748 93 -13
32458 67286 -53 16
91374 82522 -31 -24
15015 88836 50 -90
63705 19485 -8 54
98079 30511 45 -38
20338 92702 93 47
69865 28381 55 -76
76886 28892 -21 98
73833 88631 90 71
87908 11586 -100 -53
16641 67331 -18 86
76962 47488 -44 87
81285 94139 1 37
12837 21487 -51 -33
77189 37577 7 82
29400 16441 53 48
54580 91021 79 38
74858 77636 -76 30
34665 7397 50 77
25239 83127 63 87
50795 95750 11 -53
2096 96556 95 70
45110 17218 -5 -60
65184 24167 -73 -43
23777 85606 0 -98
32364 54605 -42 93
67561 23067 -57 10
40011 59390 -14 68
14596 7417 0 17
27028 13128 -17 -66
89632 15743 71 -32
54824 97255 -20 -52
31796 73635 18 -5
41655 21837 50 -56
88848 57512 90 -87
89411 62678 86 -43
5147 69143 42 95
35951 43613 88 -46
97552 31705 -11 22
5403 14376 -4 -2
33201 81931 23 -95
50251 47691 -15 79
34541 52159 -69 38
18320 71225 -42 -15
79943 47747 -75 -95
65019 74992 -96 -15
5076 8555 55 -5
21927 94485 -14 77
54574 99750 24 -22
81471 81341 50 84
12031 27203 75 85
52368 19746 29 -42
64477 29758 51 -68
34056 77901 -19 83
39689 91247 79 -1
88656 31331 86 6
61158 16116 94 -9
68694 92887 65 29
10520 25026 74 -23
17644 2392 -56 28
86701 41283 66 -61
57491 94059 4 20
19790 76889 21 77
34763 35115 -50 74
52740 72249 96 42
59701 83309 1 -9
96426 36477 29 16
3400 37012 55 -1
93331 76692 40 -71
63177 83690 -49 -29
10295 52747 55 -47
36495 5518 59 70
38827 87555 78 -12
540 69230 -55 35
68456 55325 79 92
57094 1930 45 18
1273 55066 -84 100
21664 33487 74 -76
86556 20244 36 -16
53941 96910 -16 87
88501 17589 -71 -87
7242 12204 8 -2
30820 85142 30 -52
71232 887 -73 -30
32797 73862 2 -32
17753 13198 -68 -80
26258 89278 -41 58
27064 97934 85 15
67422 56023 -31 -82
99256 35031 87 -79
82772 9247 92 69
48560 78400 -33 -8
86303 90964 15 100
86016 32759 26 69
185 64015 -94 46
17603 19921 6 -46
49818 37252 -71 79
44177 63587 -96 93
32654 30387 75 80
95504 2665 -99 17
38244 61701 80 -62
15636 96112 -54 -7
99375 53017 36 -69
16511 91465 94 -62
58477 36336 17 -15
711 85795 85 -47
31665 4624 -48 29
98956 58553 13 90
42835 67494 38 7
63013 94034 92 0
47347 84336 57 97
19023 22270 -67 -92
23429 13343 -27 18
10321 79965 -93 68
87393 90016 -91 54
9245 80201 -36 -68
32447 79267 67 -81
85850 90373 57 50
53862 99499 -3 91
14628 74668 39 -50
2032 30010 -10 -85
66224 97777 50 93
18758 23655 80 -99
18227 22566 48 -89
78188 5153 96 -54
86977 18896 20 10
99861 70517 -17 -97
55654 94204 -58 65
10863 10902 21 -12
39872 3027 60 -1
61746 62281 -46 -6
90502 3742 -21 -49
92063 27440 8 -86
41340 38272 -38 -79
81475 58700 -46 89
54963 48255 -32 17
7232 1373 -76 -81
3292 13912 -2 33
66253 25671 -28 90
3559 77073 -15 25
64357 39184 64 -36
34552 56855 -2 86
62257 39182 42 -3
50953 3463 58 12
86952 18131 -15 42
22676 81776 15 11
44976 36748 -52 12
83301 75240 45 -94
227 12992 -86 60
76670 5347 -30 85
99624 23865 -52 -74
449 38456 72 22
31116 61131 30 52
76915 59008 -34 -89
75673 48117 58 -93
53401 74415 -49 -31
87661 72962 46 -9
8742 13583 79 -24
53907 97833 77 -40
74319 85304 -16 68
383 27279 96 -67
62233 22119 43 -78
15348 62433 7 -8
47090 20430 11 24
23315 21432 -42 47
19435 67151 18 54
49465 13789 98 -19
80666 80684 66 -1
63837 16104 58 9
76839 48196 -34 72
91600 2267 -92 93
94214 46886 -62 -26
36354 99727 -90 -29
64586 86389 -52 64
26808 66457 64 44
20922 66530 -49 78
17265 70029 82 15
45688 46403 -41 -16
13316 711 100 49
1970 35972 5 86
70534 17677 -71 -25
37436 95490 -63 76
54706 65884 -53 -60
63718 84551 47 92
37427 3216 7 55
77272 6732 -47 57
51082 8998 -88 -28
13350 7043 -7 77
26403 91876 -64 -14
49340 8954 -85 50
88016 752 -93 1
45482 25810 93 51
93166 74879 38 -73
22911 38163 27 -6
7665 72152 84 -86
7402 75777 48 44
60856 13771 -19 44
48507 83174 -26 86
57000 47900 34 30
80454 28427 64 -57
22115 48305 -68 -83
59386 38379 52 -29
79431 1744 -66 -79
91069 99384 48 -28
39005 28581 -66 82
10214 32683 68 54
48026 73973 50 49
39308 90886 63 -88
38366 63157 -78 -29
2966 23792 8 13
55836 14856 -14 35
56184 48199 60 26
57687 64342 9 -82
44652 18685 28 73
88668 88669 -51 -69
1107 78667 -59 5
74127 36013 45 43
65783 91377 33 25
67786 27236 -71 -41
42048 50277 41 -18
28366 35231 41 40
27156 68073 -40 42
70746 20591 -61 -51
24879 75607 -24 -55
62339 65472 98 -35
60136 45250 97 -5
10896 4604 5 -21
97509 55594 52 24
71391 14 68 49
71888 22151 48 -43
1887 9741 98 89
38958 45124 18 96
26239 77609 -5 -19
27672 20279 -74 -34
13204 25484 -16 72
