300 1000 10 30 100000
34685 93214 -38 23
50129 37880 -100 73
64676 29676 -31 6
92649 70807 -1 -46
60985 65132 65 -47
70708 48272 -90 20
97727 32446 -95 77
52618 38245 32 -65
55798 70266 63 50
26106 88802 -22 -81
42192 71860 -75 -82
30383 24719 -15 79
75601 9171 9 96
14854 91782 97 -47
4102 90927 -87 -30
69782 5063 -3 23
94310 15339 18 95
62934 48379 -86 -20
61152 25445 -13 29
88473 91969 -27 31
98615 10395 14 56
2849 92807 9 97
39259 65180 -75 -9
79343 66493 -92 20
69373 38904 -39 -36
14860 12745 -48 0
13309 68596 -15 2
17369 1363 90 -83
84314 58079 -4 92
12378 28060 79 74
16386 41691 -36 -3
11762 64789 13 27
74980 74840 -28 -2
42133 36782 84 33
24090 29045 24 -24
92071 21278 -4 73
13189 88692 89 30
52753 85073 -43 -23
67800 99551 -63 -88
43069 86011 90 4
88385 20641 52 -5
38963 77129 23 -24
66809 45533 -75 -54
22030 24074 -20 53
1757 27116 27 -41
54514 64521 -76 66
5215 62940 22 -77
31427 89616 -92 -21
71060 35096 -66 38
89790 91001 -84 -60
65607 6784 46 -51
88331 45017 70 52
51055 49701 -39 -5
56305 49108 -49 9
26060 63113 -5 9
2245 69259 99 -94
67686 46329 -22 -22
35785 43930 -58 5
89742 58904 -37 87
84708 79979 11 -28
14490 74290 54 -86
91308 58633 60 -82
51400 43868 -50 -39
18242 58245 -36 60
50544 57741 10 37
19073 52548 43 94
7717 21487 33 67
13123 32857 -77 -86
97323 82943 77 36
15177 88789 -21 76
31457 44044 -85 22
1210 79098 18 -35
68603 20108 12 99
43461 15894 -93 82
65064 2013 -64 27
29195 30622 -71 76
70623 88584 55 26
7012 80501 -15 -85
39889 95585 71 16
23538 46261 95 -87
82877 77267 -60 83
41629 18063 -17 -52
95878 15824 36 -80
93219 1430 -39 39
44042 92130 -40 -99
24526 32308 52 -89
16528 7374 -73 -82
85764 23881 -53 -99
71954 46970 -7 4
70480 18738 9 -78
43484 75847 3 1
95032 65969 57 91
34236 17891 -1 64
5774 62795 41 45
46524 67801 7 74
23550 72740 -75 74
40056 89320 -24 12
31179 84929 -78 -86
47256 37633 92 38
34795 80594 -58 -66
90664 45130 -28 -78
10162 25469 36 -87
71637 48475 93 37
59002 11396 52 49
55185 47682 93 -6
87970 32084 -2 -50
10896 5580 37 9
66580 17434 -10 75
90972 48608 -85 36
61032 89861 -75 -23
1421 29702 -10 45
48337 87555 91 -25
74001 53604 0 85
39748 52486 -82 42
85107 74733 78 -8
92917 75395 -39 -28
35211 24479 -44 59
35707 86699 -44 75
92981 61751 -31 33
26670 5616 -84 -68
38844 30018 -43 84
72089 19666 -68 -44
40201 4161 29 9
89206 20549 -45 -20
20973 35683 -48 -99
402 40673 -14 -73
28499 60471 5 -55
11704 24051 23 -95
75232 49938 83 -90
96946 8760 -48 44
53185 88815 20 92
78147 47480 -65 41
98292 11328 4 28
39998 42148 -18 25
6283 76224 -66 35
27355 19034 87 21
46280 14551 -54 2
68945 35535 60 -18
9868 21507 85 -98
12297 69076 46 -45
56941 51034 53 -45
16775 60520 -95 -100
31055 6209 -84 20
95693 84908 -24 57
39767 47282 49 33
34269 29918 72 -9
74419 4352 -3 -89
67736 71742 -93 -6
40036 9240 64 27
66743 4269 -92 32
96151 14185 -16 93
4085 10701 -77 72
41066 95067 41 -64
75821 13252 -86 -37
23334 23956 -11 -6
62466 41941 -4 -86
29247 64971 85 -100
46 33976 79 1
68651 13650 -24 89
71340 99358 -13 -71
35375 78127 -99 -35
36907 15664 -21 -52
55946 72282 -70 -12
85263 46890 -69 10
93056 69848 32 -20
92386 49139 34 76
70833 54984 34 66
49901 4691 -49 66
88783 181 87 -33
92940 89335 66 99
63661 16150 54 -15
72828 1530 51 70
10533 78562 -44 80
51164 37992 75 -88
37061 9768 27 -54
80469 59442 32 -97
5525 7567 -46 98
30684 32099 53 29
23621 47432 3 32
12789 37727 -81 51
28592 31990 -70 50
16247 14219 -24 -72
17572 48564 -35 -42
80427 14016 96 38
64901 12257 54 74
60857 93816 96 -97
34392 43787 -89 49
10858 91544 98 28
65823 21153 58 -31
67223 8798 12 -74
2039 62322 6 54
32350 15605 93 -42
9621 24791 96 17
38146 83682 -78 -87
39138 21414 97 27
77676 79236 -32 -52
93685 61672 45 -36
18979 14 -86 80
2811 6678 50 -38
79075 19059 7 -90
74867 69901 -84 -98
17869 93329 -19 -35
30672 26957 37 32
58102 67568 47 -12
17631 24977 80 -86
59859 58365 15 -82
98958 44265 -45 -22
35799 7224 -9 15
84615 41186 51 76
19093 74186 -32 -47
98138 34476 41 -28
16300 31737 -41 -5
53306 86346 -97 99
54569 92234 71 -38
98618 60204 -47 44
78712 99042 -92 43
67604 3053 10 50
60462 16315 -69 59
94355 20307 54 -1
50892 99854 -21 74
39157 26195 -85 42
33107 32849 -45 -81
53658 36627 -50 -76
72711 39854 66 -9
37409 32004 -99 37
96957 21810 -39 84
83913 87871 60 56
25926 92928 -8 -100
98981 78833 5 37
82571 19442 84 -99
34095 90163 -59 -38
47489 7776 -98 76
68077 1056 46 42
23477 98610 -72 92
81359 77205 -39 -34
91354 84681 -44 -31
4804 18924 51 -14
95277 87828 -98 69
8463 78968 -14 60
83337 47235 81 70
22721 68175 18 -31
87307 36514 -75 20
23736 23636 25 -93
71397 18240 41 -60
56405 91141 -53 -46
22108 69076 -18 -80
21784 21887 47 72
62310 5455 -5 -64
5065 76726 8 60
66048 66335 13 100
60491 97654 20 77
43763 35010 -10 -75
118 70840 -45 89
5422 38943 65 50
31306 90117 -28 44
55113 51204 55 9
34881 49048 -39 -9
54790 60235 -17 73
23496 88456 -43 -17
4277 23107 -94 94
91799 27313 -56 -14
69735 8481 86 -6
24290 20434 53 -60
6197 82311 45 68
31623 309 56 72
51419 72308 -69 -66
69343 79157 1 92
17563 67418 48 7
5148 44120 -94 -32
51434 86636 -75 -86
28646 44552 -14 -61
16131 72256 91 86
7807 36914 -10 -92
58941 23563 -32 68
54459 35332 -85 0
53985 75993 29 -82
79322 40253 75 -6
65867 28967 23 -83
19688 75525 68 78
17176 99650 6 4
67912 98650 97 36
26769 66363 -2 -72
6746 51223 -80 -95
39171 92843 14 -33
62166 69514 -21 -43
62900 77733 -45 61
59367 48984 -40 -5
20339 78119 -68 -1
16618 75559 82 -76
62844 35325 -80 12
12133 85199 72 -82
22970 52749 89 -49
30526 42404 -55 2
93157 35304 37 17
66284 8339 -56 -66
45859 14028 -80 81
12217 74334 48 -76
8148 38206 71 90
66561 60966 40 90
78181 21973 -31 -26
