300 1000 10 30 100000
88734 33670 -2 69
19645 22481 90 -36
5122 57142 1 93
67602 34885 -19 -69
63933 31238 81 -37
37974 42827 -24 -96
59495 27927 -66 -28
7737 9454 48 -68
83131 69142 -23 -5
24366 46027 53 16
70496 28293 -75 -9
65981 7928 56 -93
96566 99930 -67 -93
37886 64602 -57 -87
37018 51481 8 16
61280 76403 -93 10
52821 67404 -85 25
52224 78131 68 65
86185 87890 82 -20
4672 28413 46 74
49575 71190 26 0
5234 49459 -89 -68
32383 59137 -10 11
39815 92022 -5 -12
78980 6253 -55 -64
25239 96041 -68 -87
36474 9062 7 -61
70629 75283 -5 -39
93484 31084 -31 23
6130 80593 -83 30
75880 27640 -93 -95
34655 19065 90 57
11474 52077 -60 41
57565 63385 -74 -35
8644 13469 35 -77
39533 70233 38 2
94824 9336 78 -56
72556 99258 75 -72
4330 775 -89 -9
15745 10702 19 5
2742 6211 -42 -79
64086 59933 74 -9
37305 44942 66 -38
87886 73894 -45 -43
5046 24305 99 -37
90351 31504 -85 -54
52495 54883 40 -40
31803 53279 -28 -91
52075 88345 -85 -57
97671 27414 -81 -41
49159 98679 18 -80
45092 92750 18 -95
14902 62892 73 61
72960 49143 -3 -90
26963 71309 -50 45
98448 4821 31 -41
84250 57552 -77 63
58206 28630 19 95
96660 13306 -45 -79
49174 21100 98 26
62402 32652 -28 -92
64971 33067 -84 -84
16972 73895 -10 67
97675 77548 63 -19
59764 15770 -82 35
27952 51719 77 -59
27770 51564 65 -93
95627 31801 -7 32
91296 33329 -85 10
3669 75663 -68 -83
64611 592 -41 -3
53114 27660 -31 87
48965 36151 64 -86
24644 77652 -22 80
17937 49692 75 -3
90908 68821 43 82
55722 51468 60 87
56082 42315 -2 9
93002 80424 -4 96
36359 64718 -28 -2
80513 52874 -22 -95
8692 47941 -87 -62
17711 12928 94 -41
68330 56157 62 -55
5543 37731 90 -85
76146 58960 97 68
12668 14600 91 -83
12420 88119 -61 35
57068 84502 -59 13
8698 94328 20 -6
78031 97545 32 40
15729 56409 62 -50
40513 55311 -75 -65
35093 33528 -44 13
26933 53844 31 -25
3852 97288 7 -82
33452 70432 -26 -82
74202 21959 -93 99
81107 80292 -88 5
7418 60471 -16 28
63859 66353 4 -72
1212 13239 -52 30
66989 42179 -50 -73
597 94 54 -86
50163 30177 75 69
10119 24071 9 36
68396 65572 -50 72
92393 89790 97 -12
59811 93669 -99 -46
41275 35967 23 83
55833 64080 45 69
62255 27134 -47 -2
26820 44057 -52 -64
71668 39797 -54 -47
46250 3177 -74 9
41856 79076 46 80
94448 57510 -2 -40
61189 29659 -19 -4
50154 61617 -40 -77
14898 10770 -14 -89
87501 91954 -27 41
27172 81216 73 61
44210 41218 73 21
36271 96742 64 7
13694 91292 -36 -61
18852 90893 -47 -68
79399 79094 -95 49
76940 89461 -46 -65
39958 30349 -77 0
97927 22752 -68 -63
94084 7236 29 -61
37812 45515 -59 5
60729 69935 3 -83
36795 45763 71 33
86190 83098 -61 69
5647 79695 -42 -74
64899 21007 -95 80
70963 30560 4 6
43364 16108 63 -92
4640 44659 -30 -51
35317 25962 78 -98
42697 68430 -93 36
59617 29410 -71 50
3938 60766 -78 87
90358 32958 -45 69
66049 96817 -83 43
42207 57574 14 -98
83149 69668 -25 1
10717 36552 12 11
29483 78196 71 56
35254 26526 68 -85
75117 52568 -85 20
94784 40129 -87 -25
86389 91502 36 -1
79046 34690 -33 11
85674 56247 69 70
6772 32155 13 -79
34069 64434 -99 54
65045 37544 -57 -48
73533 22469 37 -100
69033 23138 32 -31
67889 11219 27 31
36021 44293 -88 10
77496 32824 37 -87
92070 99674 -33 15
61215 60996 48 -48
17731 53487 35 -88
24094 89254 86 59
76250 77594 54 77
56301 44933 30 -2
798 85419 96 27
29881 58403 21 99
19423 29016 17 -47
85980 1582 -84 94
2175 13956 -42 -97
67540 48161 -65 65
24613 12103 -90 48
11979 72040 85 93
58818 9273 -34 33
92295 68359 -43 -60
34525 8846 94 26
28732 87075 2 73
54178 91579 1 3
84288 91868 -33 -5
10588 7122 26 45
31009 2850 30 -9
98078 48886 4 -20
39691 73901 -83 -23
56233 62901 92 42
33904 16250 58 26
50496 6015 -2 59
38961 21187 35 -96
11629 30311 -14 17
62004 26252 -30 2
14152 98433 -50 46
49508 58385 -3 -12
30878 89689 21 -37
78800 34305 -60 -27
91525 31783 68 -84
58340 36916 -47 1
56629 65412 -30 -19
5362 7024 -26 30
49195 36589 32 -90
82006 53041 76 -89
79912 14820 -64 -98
91153 28567 85 77
36398 38847 -51 34
4792 94270 -20 -85
78416 9271 -52 75
88747 59506 -60 -14
35884 89357 34 -53
4944 10187 21 -39
1925 70744 -1 84
79682 30442 -74 -86
11030 23537 -88 48
26870 36934 -40 -50
30747 14523 -11 51
20513 18020 68 -57
84920 39257 75 100
25571 67214 -76 64
80581 83178 69 -22
60531 21011 -83 83
17713 9504 95 45
75094 44 81 56
20063 39597 -15 2
47318 43335 -74 33
7364 36670 -87 95
85929 23216 -49 -88
32766 54991 -82 37
77820 18328 9 -10
15270 45481 -69 49
79778 52696 34 -73
71407 85340 14 -27
67304 68564 62 47
55754 25117 45 -52
49815 64643 -38 97
94301 57248 55 67
57738 22409 -43 -80
30709 51899 -97 50
46924 36129 -86 28
31267 99962 19 58
64206 9693 36 -40
61297 84381 90 52
13925 59151 86 -79
7627 13878 -11 42
74851 31006 21 53
25399 15276 -30 -19
53573 19895 24 -13
84434 75213 -95 1
86577 83330 79 -30
95373 30485 -43 28
28488 65366 -24 31
62350 86295 71 38
57968 67551 -21 8
76045 5483 -54 -59
42577 48410 -3 64
82768 14321 76 -1
15094 47423 81 39
7690 23670 74 50
70545 90978 19 -64
27784 58872 87 56
50685 99205 46 17
22373 3562 78 55
95437 57856 -39 67
56885 52932 26 74
54035 75528 17 -45
66772 7576 7 -66
9121 91897 74 -17
52221 13733 71 24
65471 30170 -18 60
7706 34173 -69 91
78012 90583 -39 -10
72930 14134 -46 22
1935 23206 -84 -27
91495 93275 -90 -86
16466 66139 79 97
26564 49629 -43 100
9967 28527 20 -78
64606 6825 -72 69
28282 84180 -11 -29
37313 13390 70 -97
27061 2568 43 46
48079 81815 21 -72
69059 61488 26 23
32688 74764 50 92
24354 80734 41 22
18042 24588 80 -91
77046 94716 -15 -67
63439 6996 -30 -7
2124 59723 91 41
59277 88784 81 -67
51534 67928 -64 54
16476 27041 -93 -90
15718 35481 82 -22
11579 21216 -32 47
22388 68391 -16 51
881 99322 75 -48
54796 94536 29 -8
46849 47583 55 -38
74812 61947 -82 -65
