300 1000 10 30 100000
24002 28547 73 100
65592 24745 8 -14
57029 90828 61 15
63244 16353 12 -83
70712 47096 -28 -75
37890 23309 37 -13
84349 68107 73 -76
28893 45608 0 74
48273 2224 38 -36
78700 10035 97 3
25992 95009 -81 -83
21328 35202 -25 -45
72378 18190 -23 19
80286 78216 56 74
48108 2592 2 42
51750 19995 30 84
56023 18588 -70 93
47366 26198 -12 -98
9096 49959 -35 -37
36167 22657 60 -33
77999 16600 -81 -88
96360 11061 -76 -52
14012 13989 60 65
30957 23085 -10 24
16399 28349 33 -14
89301 66019 -69 -68
38490 86475 87 -58
5122 6245 20 -72
2270 94938 -12 40
75722 55483 -54 4
21194 2944 -74 -52
58901 85252 22 -73
76608 69864 83 24
55840 54568 -56 45
13372 15662 -10 80
60241 69918 -18 8
49551 69796 -91 -39
62563 18321 3 -67
76525 77980 -33 48
21802 17315 -87 91
23140 3599 1 -40
66786 16471 -84 40
13534 55538 -53 -54
15111 82235 12 -25
6429 72338 -88 -27
1575 29249 -63 -29
55597 53653 -90 39
49215 98907 77 85
10875 52466 -23 -87
58332 9297 -28 35
51104 17521 -18 -15
12136 74765 41 80
17522 80803 65 83
28069 88327 -68 46
4042 76644 -77 8
89236 95487 -42 61
73249 45502 42 -63
48926 83174 -98 6
439 7137 46 93
12976 13091 -56 89
18166 82880 91 46
37962 78583 55 56
25047 25335 82 62
29154 9814 75 -95
6846 33646 -67 23
25591 41681 -25 61
67343 68053 80 16
95240 34677 -77 -26
7863 62591 48 -1
70855 47099 -83 80
70149 20161 -36 71
93161 75379 30 48
28190 76390 -97 -37
38587 82118 -9 24
44680 88639 36 -12
15567 69419 16 -85
11478 14537 -52 -61
46110 32140 37 -58
83225 14454 -67 -2
35298 43423 91 47
42159 62583 71 35
41474 14309 -41 -2
68761 55615 -6 68
10722 37800 97 65
88138 59987 -72 80
47352 90143 91 -86
2690 20151 39 -8
97742 72899 40 44
51669 37436 26 56
47325 3295 21 -79
22219 35608 -75 23
77677 30047 -42 60
32374 6491 81 49
55462 726 -11 -97
22244 84123 -92 -51
26183 17651 -12 28
59311 94975 -80 98
32921 20080 41 -59
49588 14504 -7 68
35662 90150 -36 60
44894 15114 -84 -11
88427 28241 -55 68
3911 70836 -89 46
40040 99821 -37 -11
91976 80754 97 -15
43203 88343 8 -53
43373 17679 -12 -83
99728 17240 14 -73
59080 13929 87 -10
96367 43779 -79 -24
30129 63062 -2 -1
74360 49383 1 55
37861 6958 4 -97
65908 70450 -41 -75
19725 12724 -17 -23
37975 13893 -36 -95
63840 56243 -8 37
34491 4743 38 -11
50207 52954 7 -26
50399 43722 64 -21
17706 66994 28 -20
55204 43273 86 95
87064 91922 -62 -98
44710 92123 -26 -18
53810 2622 80 -54
27534 64793 -24 -48
85506 10478 -27 -52
65349 90961 -30 60
94871 298 -11 -85
98248 43544 -25 83
88977 92280 -28 61
25399 87145 -36 78
97340 27695 88 38
48808 49369 53 77
76609 49523 -72 32
68103 98428 85 96
11841 13678 -85 -72
1397 10506 73 -59
69075 27758 -2 62
27115 98499 15 -4
14812 41888 -82 84
26625 36347 -70 -27
66857 4362 -19 -99
58740 11576 -5 -25
47026 41347 68 -57
41145 82474 27 -70
19563 70141 -74 68
21152 59591 -85 -26
48391 90498 47 -54
18696 38150 98 37
62452 92216 50 -100
22053 26893 23 0
35808 57990 -64 87
57956 65929 64 -46
72636 98924 -38 -49
32666 8481 46 56
88477 36469 15 41
36622 53789 -19 26
99807 4807 23 -78
41492 69286 -33 -52
1222 95610 53 12
90262 94200 44 45
51938 63384 -12 -6
74559 65578 -71 -97
92816 4543 85 -12
41039 30070 -60 -47
7655 37571 -13 -11
92276 90825 -45 100
96846 91959 -80 39
84324 21310 63 30
13174 85899 94 -10
64480 75760 -5 -92
76930 84959 70 31
82494 38977 -49 -69
84112 19883 -4 -81
67643 35547 95 85
24617 99460 9 31
69513 91539 -55 -69
65124 11437 -35 -22
55446 42816 75 -6
53549 44755 1 -90
51210 57168 -22 89
18801 91919 80 -4
2925 83861 10 -67
49239 28168 -74 -65
64099 22879 47 54
26206 12187 62 -60
9424 79655 11 -41
78108 56008 -29 -50
3795 17374 52 -35
1066 442 -56 20
72702 17874 45 27
44024 5345 -31 75
71730 35539 81 39
84033 23606 -98 11
75622 40209 45 70
91203 10304 80 79
87144 41060 -17 74
38118 79698 -79 -34
14501 9534 64 -76
62710 4899 1 37
45156 87729 89 -88
47197 13383 -25 2
257 16717 83 -45
1114 79822 55 -92
95375 37427 -24 -26
47930 45477 40 45
73565 85997 -16 0
48336 16269 -88 27
81216 39517 53 -55
15009 71402 -30 1
28330 39411 10 68
48638 54948 -23 43
81961 67801 -91 -53
94671 42578 -66 -69
8021 91919 -49 25
12112 25564 85 -4
9682 56460 -71 32
9519 62455 30 77
89549 939 -67 -7
3606 5292 15 -64
26363 80231 76 -61
30389 12668 -64 33
36556 79813 89 48
70846 9793 50 -31
70325 6568 5 33
8656 28092 21 1
41151 25633 -99 -35
73877 18786 -96 -69
74935 44365 -75 -70
30279 47479 -49 59
86335 85640 88 -76
14389 27167 84 32
8177 42711 -75 -99
7229 94345 53 -5
54404 13042 62 -90
21328 96865 63 -100
39292 75563 18 -62
44315 62606 -15 22
65098 71729 -7 100
52130 10785 -76 59
71000 24428 88 15
4861 49412 -49 -100
59604 57518 -42 -36
60452 61722 -88 -94
66817 54156 -79 39
92268 60638 -27 -80
53818 29505 -94 24
96068 42653 -43 -100
22360 90863 -54 75
14608 39737 -90 58
82707 15116 -30 -46
36967 46824 27 19
11250 54638 -74 38
49013 72087 61 -16
48192 44301 -61 -4
25927 61086 78 46
60516 99202 33 98
89294 87998 42 14
77530 20683 -17 3
24135 929 -57 19
89920 36501 81 -23
22092 90652 -56 -94
2876 40666 -27 -56
53119 22734 13 -31
51482 67887 -97 31
26453 58897 -37 47
85770 67915 63 -91
2493 75765 65 8
73707 17855 2 -45
86008 28688 66 -62
23725 90870 42 54
98173 95737 -66 -87
5321 46447 19 -48
35554 49089 -59 -85
35571 56731 -35 14
41477 6206 1 39
54113 56552 72 -30
71552 94569 -6 99
12795 93264 90 -19
46538 76389 -82 38
19578 34512 -14 78
66611 65340 -84 31
69224 37223 -45 61
7651 89950 53 67
67210 48893 -88 -64
30533 94712 100 -100
37855 45620 -66 -98
63237 47481 22 -89
56753 31277 -83 48
15515 89705 -3 99
82151 67391 -78 -20
97068 20660 63 -57
6116 6635 40 -47
61835 55163 -9 17
54588 77191 -24 -12
48573 496 58 54
57275 42516 57 -83
72969 49877 -81 -32
56824 79348 -36 46
