300 1000 10 30 100000
97256 50490 26 64
26492 27613 -94 1
95299 76688 64 -45
30358 66738 -42 81
96340 48300 -100 -81
88567 89345 43 78
76640 6678 -52 -43
69453 7996 -47 -12
53436 10175 -2 -63
92826 2340 7 44
7120 33536 85 62
96549 41598 63 48
30732 75385 33 14
10139 63747 -34 18
15909 98702 65 65
19521 83363 89 81
70173 51812 4 -60
84700 32545 85 -63
64557 55571 -50 76
75557 65068 21 -8
54603 18287 87 34
22543 25168 -85 92
40715 64030 61 12
84825 44025 75 -64
82791 36632 -35 88
70513 3578 0 -43
79293 89984 17 40
34899 17713 20 -80
5443 52203 -55 23
38320 7085 -57 67
41139 7501 79 -56
79588 23644 84 -82
49454 1703 17 15
76711 21416 -41 69
81970 2457 0 24
52989 5987 -64 -77
28574 10952 11 -7
91198 56556 -74 64
90667 52419 56 -23
57212 57635 -31 7
82008 85560 80 -48
37481 33845 31 -96
7541 78419 58 -12
94553 46263 52 69
47707 72872 65 -97
41221 86030 76 -32
82498 54429 97 -10
80119 94910 -41 -76
53114 23591 -74 -100
22714 81382 84 98
95418 66117 -43 64
71451 72361 -49 94
53476 82583 10 -3
41767 20325 -13 -61
64126 5390 -58 16
49368 32828 -97 99
65085 22758 -94 -35
26257 26555 -39 -56
84753 38954 72 -38
86698 22232 3 -83
36273 87714 -79 -63
48212 38901 67 -93
83830 7160 -66 18
39523 90957 -67 -21
33944 75197 90 64
88628 40216 97 -29
856 67998 -15 80
36455 14754 67 79
14029 79247 -9 65
46257 25655 43 -44
25656 76800 27 25
57298 7736 -65 55
17476 1678 3 98
44318 34862 15 82
7405 25594 61 -66
75763 4138 41 52
60159 45557 -9 -9
98728 18951 100 97
21148 60780 -47 -53
40853 87264 70 -77
17549 33942 -63 -82
31943 44994 35 30
13700 29949 34 -20
43116 80447 -33 33
29067 33303 -15 71
61287 40072 -86 37
66701 34782 8 100
24727 68745 69 59
87731 73537 -94 70
28153 94212 80 -91
57228 12046 10 -69
18410 41008 -73 82
69218 325 28 -89
83328 45750 -92 -13
67810 48815 90 -90
15669 99061 -69 -98
30186 81413 -37 -51
79198 27840 -10 -30
7579 61625 91 -87
55897 69357 -87 -15
99842 35747 31 -80
97520 77245 -45 -76
55027 97639 -64 -69
57698 13108 1 -37
86597 89294 -38 -95
97658 95302 -10 50
76436 16385 -75 3
12368 39485 -25 -7
96905 75160 72 -75
53386 66110 -85 10
52657 7776 63 55
81233 91481 55 92
94174 37814 62 -72
61466 75479 -69 -17
84535 21964 13 -19
2468 7552 -53 39
14706 71391 58 -13
69123 47628 69 4
7439 56787 -64 -79
83422 23381 -25 52
45749 93691 -78 -31
94452 49696 -96 -83
71648 10676 -69 50
23286 36884 -77 -77
84966 9166 -35 14
21549 47147 -97 96
16232 78118 -1 -16
73631 70741 -71 -34
63965 75787 29 -89
79907 93414 -40 55
82416 39799 85 -47
75075 29020 -17 -38
25036 74165 -18 -44
6135 77052 42 -79
71293 28028 5 -57
96220 58876 -45 95
73534 91766 26 -48
45802 81675 -44 85
34552 7541 31 47
47031 91940 99 -98
61222 9040 5 34
80189 28024 -53 55
81634 42773 27 33
20878 92668 39 91
29289 46333 25 -5
77887 72198 -51 -67
65126 33712 -98 5
86443 34974 47 66
22175 35941 -68 -65
20750 35164 -46 81
25191 1930 21 12
63078 28851 89 10
13072 13961 74 51
33266 17502 7 86
560 44657 -51 18
95095 55040 -76 -74
25897 86280 74 5
72434 9365 74 -63
53323 53601 56 49
96446 41670 -8 -38
77232 89337 -44 -49
69336 9414 -100 -93
75974 30837 86 9
92954 53775 -4 32
98208 53649 33 -23
22987 77055 -64 99
96640 29553 -15 -92
26525 79303 -31 -19
12283 63062 -29 -72
36219 96890 -66 -32
39619 26228 -79 39
76794 71495 30 42
16404 92541 -71 79
90122 7897 5 -82
12164 3113 33 90
68531 84529 62 95
87391 25401 0 24
22269 80650 97 -61
11502 20319 -9 47
19997 69267 35 38
57567 69190 6 -61
48704 51770 -83 -70
64175 11192 -53 26
8153 48926 65 -33
40417 22752 31 -5
14300 90291 87 94
14751 52182 -47 -53
44661 93238 42 -57
69694 43102 -36 -35
77326 60415 100 -21
37438 92381 54 35
81815 10212 -24 -57
80255 83045 -89 8
15677 30802 -86 -56
8714 4043 28 48
79101 54524 88 -92
9015 25876 69 47
78388 6248 34 8
12111 27761 -17 -5
12987 20301 -6 -25
55288 78252 -90 -1
64610 14706 29 4
11062 17361 38 90
32698 54266 61 75
71471 3465 13 -22
36513 95203 46 -64
65329 29195 32 -62
47147 91723 -74 -22
67997 21386 -12 55
33627 88060 48 -74
23815 74362 32 -1
31944 53631 45 32
58214 83376 -67 48
80288 26097 -62 -80
21154 46741 69 -38
49312 46292 -64 92
70258 6800 -76 -96
53019 43934 -72 46
13053 78495 21 87
59046 31924 -18 66
50658 75386 17 44
69218 58643 18 7
37052 84674 10 -54
76918 67415 84 -57
19925 57475 7 -91
9020 29062 66 -29
51869 91275 20 -95
74620 97898 66 -80
52641 53984 -5 0
82047 49323 -70 58
88363 82818 79 60
80383 47288 42 -72
61045 23816 14 63
5628 14573 -6 -91
14381 49885 -83 12
62623 72701 -66 -75
10678 41835 92 -73
60018 99892 20 0
41326 95564 4 -77
35287 48620 6 92
55055 89656 -98 -27
20525 35226 0 -77
11588 86198 -77 45
24589 51524 -13 -91
22170 9142 -94 7
71085 74719 -45 -51
67136 71605 -35 26
28623 5052 -41 41
63158 2885 0 -88
83890 1488 -3 -29
6181 84485 21 -56
9575 95396 -29 17
22775 62240 16 -40
13959 57841 50 55
13368 57035 -98 15
19826 59135 87 57
4558 63545 -45 99
46940 40523 36 -60
28529 32227 100 -42
1827 90432 83 -83
79165 66879 54 37
95502 2981 -23 -28
89551 61497 -73 -42
75013 80344 47 -100
61932 46711 96 66
97910 97895 -25 -17
70982 10267 39 -46
99590 77698 36 48
70326 2363 93 41
7835 49783 -44 75
15546 92910 50 -24
56746 16089 -24 -35
44577 70107 33 37
49964 25961 71 30
85880 23692 29 -64
73195 76963 -60 -87
96698 3283 80 -76
20393 67927 -35 34
30696 11355 9 75
42168 34190 58 -11
69927 30998 95 74
45711 56034 -42 -12
1594 91438 -71 -23
64949 4677 34 -40
10301 4614 -56 69
79171 62051 66 -15
12656 18036 50 80
51739 26454 90 -54
16758 81618 61 71
40374 98954 11 78
98164 26510 -91 11
85245 14370 48 -39
84365 83589 86 -49
96817 69499 -28 3
41118 85883 9 74
51116 84050 59 -10
62469 68426 2 -91
19850 6086 15 88
21421 5126 32 -64
93999 63415 30 25
