300 1000 10 30 100000
23352 59364 -88 -65
45224 93739 23 35
41296 98219 -67 37
74299 36991 65 -24
77492 85996 35 -30
49555 94745 -12 -61
94555 76300 -3 43
52645 73107 96 -29
77301 17110 -80 95
4243 91035 -13 -65
473 42431 -75 92
50968 38587 -21 47
66747 34184 77 -29
2727 54838 -18 60
27095 83077 -77 -39
39510 6702 54 -72
78124 87085 -32 -48
73158 93792 -92 100
40025 47811 -59 22
78480 78264 -100 14
86270 70123 -70 31
20501 93489 78 27
44902 30648 75 47
74748 62672 22 64
32199 67292 75 -84
27535 94708 -50 -47
71538 49842 80 -4
91245 37215 80 -49
23328 80094 -79 -14
83539 84336 -75 87
3583 61860 99 46
12320 63348 -6 -80
40407 13813 44 79
62700 46087 29 -41
19334 56496 -66 -50
60261 28422 45 69
86002 58454 42 32
95128 58226 -60 -64
84320 68004 -82 83
51064 48649 91 -21
70244 66548 57 14
77824 80320 71 -9
74584 55737 94 -57
28871 19708 -37 -42
57287 80037 -4 53
14173 47291 11 79
77626 53830 82 62
59980 33300 -68 -46
97883 4951 87 78
8161 6029 38 29
87016 30194 97 -85
6733 7570 -87 53
48836 49249 62 96
53331 15419 93 -62
47836 47229 -15 -25
17790 67828 -13 55
26916 49819 45 -46
44081 75301 -76 -32
78718 15930 -76 -15
84794 95498 90 65
65477 60318 -82 59
36669 37403 -12 71
5282 13359 -25 70
23612 162 46 73
93416 79822 -26 32
41756 26614 -78 -72
28230 62023 -5 100
97820 88147 99 -30
12512 99932 -81 -62
97527 25222 -97 -94
56588 39270 -90 -3
28414 16022 83 -18
6271 39339 -15 45
93993 56350 -38 -76
13341 18046 61 24
88110 2284 98 -34
6391 86554 24 -28
15315 61426 24 76
49171 55754 94 0
75563 58006 -21 -41
73339 97268 -19 -52
68304 26855 -98 -28
30883 77761 66 -94
96248 8354 91 65
17145 66676 -98 32
57019 67454 -80 7
83930 34768 -32 -44
59706 91943 -40 0
9613 4071 73 -39
57812 79712 -94 -45
88500 16001 -99 -6
24331 15762 -12 68
33921 63997 -78 86
7683 40320 -20 91
45762 43363 -71 -93
54963 41302 18 -81
2160 39234 -6 -99
481 23541 -58 -38
23393 27249 -98 23
63151 35349 67 -72
72715 65964 16 31
69666 85664 -79 -5
8292 34262 -47 25
33112 21370 -5 75
63743 53180 -81 88
73741 99310 -96 -33
41323 17110 49 -19
39357 59271 50 -25
96862 87830 -16 -28
64579 25607 -34 -80
3292 39078 92 -72
52002 69828 -95 -33
27539 91683 69 38
64258 63277 8 52
94913 11713 -48 -61
89657 32354 -64 -59
85065 32205 70 -58
72269 58104 21 -23
38242 43994 55 82
3921 21866 -6 43
28155 91295 90 74
67459 87368 86 -32
35979 26379 -68 -70
33816 50528 17 33
93381 32081 -88 -62
47271 14077 -86 61
47142 91577 63 16
38211 23721 58 -25
62559 16427 -75 76
8799 38373 4 56
82715 21101 23 -99
5404 21659 -24 -13
96131 13875 -56 57
93217 99656 -43 15
99062 28203 23 -38
89422 80206 -17 33
11063 10904 -40 -55
25372 69545 74 -94
59972 78090 -28 8
55077 89850 98 -41
48734 29448 -20 64
31331 60850 75 55
67187 36461 86 -49
68099 52225 60 34
14729 21541 25 -65
48389 29653 14 3
11365 86949 -94 42
34008 81524 43 -11
11284 82376 -48 -85
41601 68548 -40 74
23453 18187 -99 89
84754 48450 -8 33
81052 25034 39 94
18698 89988 15 -29
32896 19762 -54 0
27208 11474 -99 28
7538 10744 -68 57
911 47930 -49 -10
15428 51323 -88 -46
26255 71767 75 42
65578 41243 -45 -2
83098 88869 82 -32
44684 77137 -49 61
16691 87883 -30 -59
66962 78226 -39 -59
25720 66614 10 15
38022 30631 79 -50
19691 72487 43 -74
65328 20684 46 19
89917 68148 -69 -56
17753 25929 39 -57
45215 6981 66 59
87068 39082 28 53
83562 47900 18 -20
83530 65694 -22 -79
90295 32133 44 -48
98503 64434 -94 -13
70127 55744 -63 15
6234 19730 -38 57
45796 60963 -89 79
47375 98462 -21 8
45709 37735 -24 -71
57490 52798 -84 -29
81880 9704 32 -11
21032 115 28 -81
66012 30508 -1 -58
97883 13379 44 -84
1329 85431 -95 -38
80151 70817 7 -39
83710 86014 -13 93
42006 37294 74 96
2428 81166 77 -83
35731 843 -14 23
34487 40415 12 68
22024 45422 5 97
3478 58065 -30 64
90231 33944 61 20
69842 87816 29 -16
50000 86636 21 9
60235 478 -55 39
39215 78514 65 -89
5887 99725 42 99
22907 35633 -17 -30
83368 64568 -100 42
85061 44752 63 -60
63808 7233 -77 -49
25236 73688 72 74
54734 8148 -81 -53
37672 26681 -23 -23
79605 61174 -97 81
60132 27165 -1 -80
3568 66 -6 -23
58013 28118 29 20
87854 70082 -43 62
53218 46784 92 97
88471 85296 -87 100
72046 18045 -28 -72
70406 84600 92 47
47109 47871 19 -3
8293 39469 29 -26
27272 17931 68 -65
14716 92427 -61 -48
62189 80912 26 68
12613 43089 38 -14
60056 78714 -81 -96
26873 28284 57 27
65431 67334 -88 47
78310 90742 32 62
50161 223 -85 -47
75479 46904 0 29
79158 22150 25 25
27808 58200 -13 -70
87309 96855 -9 79
13478 31015 -10 53
19159 86337 -5 53
13258 94860 3 -15
5374 36670 7 -45
51597 54575 49 -14
83593 77270 80 -7
62485 81565 -8 -96
75221 21407 96 -12
23293 83566 17 -10
79980 12105 83 -85
13143 88095 -18 34
58884 16500 -61 78
65122 31917 24 -46
48278 85080 -12 -79
8031 67970 -80 25
80063 18566 44 50
24718 14823 85 -57
69178 88135 -36 -70
73843 94007 9 -3
49332 78859 69 -24
97487 7911 -98 15
15715 82454 45 72
2359 33692 -49 70
19225 7793 44 20
17928 52866 -7 -71
34814 52559 -84 0
58498 95291 -72 -59
63558 14766 -49 69
55833 13957 -24 -28
96309 70801 -57 76
94726 42169 -60 72
58179 93259 -32 -75
59245 26231 57 26
11794 9960 -31 -90
63428 3193 19 34
37235 91982 -31 72
61997 80385 27 -35
37802 63376 40 -96
27054 37705 35 -51
96407 47437 21 95
23868 31687 94 -90
38791 54784 61 44
21653 70734 78 75
13713 5401 -10 43
54229 41474 -44 25
67616 41907 -28 -91
7864 27305 30 -42
54288 7522 -95 -55
42775 41111 -6 -71
73996 3942 -51 72
68317 70151 57 -38
56194 20226 84 -36
98849 79057 17 34
77517 68488 62 32
95918 30764 59 -40
64719 27646 38 -17
272 87908 75 36
83521 33118 -12 -59
10581 43551 -11 -3
31359 41100 63 61
84669 24952 32 64
6639 16157 29 -52
17984 45360 -71 -78
68379 37092 -88 37
48706 62567 100 -17
64640 79787 -59 34
85860 23440 4 -51
