300 1000 10 30 100000
45687 54894 65 32
28449 96383 85 -40
18295 53098 69 9
47325 91140 3 -11
55572 13415 5 -97
71999 99110 84 -10
70385 53264 -60 -59
48110 61111 -5 13
47721 96785 62 -63
12727 9118 53 -83
31471 21697 -9 -77
13760 1897 -96 73
33873 48515 79 -99
94182 18195 -50 -22
91053 86240 75 11
94320 16392 14 -96
76523 2110 2 -91
10314 1829 67 61
5234 18100 10 49
71820 32141 -93 -8
43226 51993 78 -39
10636 50253 -44 -72
21924 97642 -20 54
57431 92670 77 1
75557 6227 -28 -20
38564 50345 12 49
92754 88850 -19 24
65876 91387 30 -19
80299 10140 96 -35
77733 76411 58 -72
91639 73469 56 -16
67567 58947 96 36
67037 66219 -50 25
57485 39506 48 -43
71951 93253 -47 -69
62126 67579 41 -16
23945 69656 -79 2
43903 98607 83 -54
20596 48828 -43 42
4742 66896 -54 25
1797 4051 68 -70
72235 51554 89 -14
64199 77152 52 -79
11393 7817 94 -89
71182 72951 -67 56
17429 79791 17 -22
2066 38560 25 93
18179 14924 -65 -93
96593 78449 -34 -48
88958 83145 -37 -17
3400 86491 -78 -70
30445 39707 31 59
77692 62874 0 100
766 77241 41 -54
92841 48678 27 85
76397 12153 -68 -70
31123 19382 -25 35
13523 28350 -80 -16
84023 42754 -72 46
11753 64702 16 -74
62036 19447 -5 -15
91053 90830 -19 84
59679 93178 39 -10
37817 45872 90 -56
58836 89819 42 30
1671 89666 -65 -75
62781 65404 61 -61
69683 59287 -94 -7
55369 66380 48 -56
47156 52819 -99 -99
88199 15863 -75 -70
77089 3265 7 -18
90623 93377 -49 -13
49581 65714 12 13
79803 61866 -42 88
6431 45039 65 52
41520 94305 91 -84
73800 74131 -49 -89
97722 29835 -50 -3
29975 70 56 99
27299 34934 95 46
10775 45563 -38 84
79295 99154 14 -11
98819 36531 -85 37
95722 14272 -74 58
85242 74518 63 90
42831 25640 -14 -33
60060 14251 2 -28
53481 49137 -1 -46
68145 27696 -53 -7
41743 26329 45 -20
29738 78239 -45 65
91824 79829 15 -58
61065 20602 90 4
37750 96408 -54 76
23438 77615 25 55
88859 72907 -29 23
16288 36290 98 10
8989 91789 -61 13
22148 61982 -61 -71
42460 25158 -29 -8
72972 23791 -82 -16
16421 47893 19 -37
37473 11299 -72 91
86757 22302 97 61
1379 94272 91 -28
96262 80869 -60 -95
27775 95285 -43 38
8990 83629 -56 35
68136 70493 95 35
55949 87900 86 83
29643 15626 10 2
89446 82845 11 65
79242 72111 57 61
37516 78980 -42 21
14752 93522 29 -72
89993 1245 88 -62
91733 1861 27 -94
80655 12555 83 -3
60012 10693 29 -66
62631 68884 -85 13
69562 90726 13 89
64876 81467 -68 -8
51722 79642 -34 83
55751 69574 59 97
65451 8448 -81 -33
36660 30451 -37 -52
33392 15623 53 19
50095 97937 44 -87
43464 31347 -13 -16
34963 28752 7 96
61454 56624 87 -1
67759 40087 65 -53
29551 29479 -18 8
56031 40663 -90 12
5802 43313 -67 6
92469 7627 -66 91
3127 52153 -74 -22
44795 98900 -98 -85
81415 51631 -12 24
71050 8842 -79 -8
51339 82988 -59 -23
8793 72112 -11 -88
76500 28256 75 -9
95818 34540 -57 -81
87470 51988 82 -16
36508 83755 -41 -10
37150 82200 53 -36
46985 89336 -50 98
27061 9612 36 49
99378 33751 -28 51
44963 28985 81 -38
41338 77467 19 -100
4708 48883 81 63
79872 69471 -70 -19
9976 72020 68 -1
60969 30671 -2 76
22695 18840 43 15
87659 95170 84 -57
6150 68054 11 -25
18327 63205 -72 -90
38914 40124 -92 -57
86439 90069 66 -64
82396 45138 -38 -75
56333 91236 -49 86
43984 50950 -78 38
48400 25557 -96 0
14948 38235 1 -60
50198 96804 51 55
50996 51527 100 91
70450 20397 29 10
85284 92307 -47 -35
95447 2964 47 -53
53483 73236 46 64
44029 99282 45 72
31410 73342 98 94
83291 51122 95 -55
76425 84565 16 -40
85996 31428 68 1
48129 63430 -53 -91
38964 3529 -44 13
67439 59064 -12 -41
89095 91075 44 80
88761 34819 49 -96
6137 96803 -84 58
12604 14264 36 30
59123 99511 46 36
50017 60693 33 5
24886 18971 -71 -5
77348 74914 84 59
45758 69096 -98 38
33507 82471 -7 -69
3372 82305 -29 77
16603 25599 84 26
71297 71519 8 33
27215 55290 26 65
2833 68228 91 -66
66764 14536 -36 -42
70190 66849 5 69
60839 59054 -25 -46
35334 33242 49 -8
21230 2220 41 -87
60262 31794 -28 -100
15614 8068 3 9
74372 31082 -34 93
88198 66315 -24 41
11587 23955 75 59
14673 89820 -47 -62
69146 91622 -19 10
25232 26636 56 53
28338 83237 61 79
10992 55321 62 14
40717 24544 31 88
2209 8557 -91 -17
17818 26357 76 -88
7767 33336 62 -49
6709 98082 -67 19
16691 88219 -48 -62
20026 82682 51 18
60083 25943 -23 82
56454 75607 -64 -28
22378 84895 6 100
62708 82580 -55 0
92128 71955 29 -17
82047 23413 -66 39
38352 97267 -85 -8
77872 26307 -38 -66
17775 71305 -98 -87
51287 41098 52 -9
8002 54444 21 -50
52349 33890 50 -91
88555 70583 77 67
37824 47596 21 63
81062 13331 43 -10
33624 2492 86 45
3376 76535 87 -72
49293 83497 -46 -38
44980 51842 7 100
18910 86990 78 11
17367 49612 67 -81
86733 90872 -80 -49
89353 92566 1 -96
73720 96230 58 -28
35145 15439 75 6
28531 62304 -48 -100
2958 50281 -75 -22
68062 24721 -25 74
41244 76903 74 88
44938 23832 -48 27
61399 33040 28 9
84916 315 -76 -8
59756 17465 -40 66
56538 34730 5 45
54343 36197 -53 -54
85417 34913 -80 25
12997 23873 58 -63
28121 17920 0 -26
70469 28562 -50 80
97191 73723 -91 -86
48783 98943 -83 97
99061 27074 -91 -47
34273 64172 -20 26
60456 28337 -55 -93
86969 28946 -72 20
32991 81530 36 94
70097 98969 94 84
25652 29486 -21 -32
53159 84302 59 -99
38642 95949 47 45
69075 43427 -72 75
86448 27427 54 -35
15297 87649 78 -34
17071 51393 31 53
21095 63344 -50 -98
94976 93218 23 41
16520 67075 -72 69
27866 17022 -71 -58
54516 35715 80 -35
39986 11176 99 45
65215 73466 -38 -6
75520 24574 -51 -14
35715 5233 63 61
96736 96474 -42 -29
13417 16693 -20 -43
30347 45880 -5 90
12495 23179 42 16
20769 75061 46 -82
33311 21329 89 99
45200 15531 19 -96
73844 20070 -70 -68
31987 423 7 58
18382 90326 -37 -90
62898 86531 -71 76
15528 42317 0 -3
32310 43414 57 -58
62851 57582 70 -99
18183 5804 63 -44
26116 63818 -69 -31
51485 4305 -24 -70
84604 58584 94 54
