300 1000 10 30 100000
23312 55074 18 -25
68598 71758 -70 56
72705 46381 6 -40
69564 69376 36 -73
83144 16051 -74 61
98713 41446 87 6
1717 721 -82 -34
91605 40980 -33 -3
64217 77245 49 -69
28796 79716 10 17
50402 95181 96 -4
70824 77394 18 100
47558 17905 -10 36
78319 92947 63 39
22851 12176 4 -69
40974 42944 -93 89
27488 79824 19 69
47661 10722 -56 2
53583 31666 -69 5
89771 30950 39 28
81879 77953 57 28
27953 46419 -94 -85
63974 37550 29 12
75316 44873 70 -3
34114 38986 -64 95
944 11027 -51 -55
9728 93970 80 4
81557 3467 0 60
95322 88431 30 -88
50252 76980 22 -8
27785 43865 47 -11
62931 53037 24 70
74489 69562 -92 -58
86391 73137 58 -8
42685 6131 24 26
1943 84992 10 59
11825 14927 -31 -91
38386 16607 -70 33
30516 17216 -48 85
78951 57934 -25 -63
35024 51678 -39 -36
85961 10915 17 -66
78171 81429 -16 -53
9987 61623 7 14
84794 68045 75 9
64586 50747 -66 55
8858 61206 -90 34
35755 6591 52 -58
39520 23189 -12 -17
92651 23341 -79 89
6744 69768 81 44
59944 74311 -55 57
49969 28123 -89 29
23142 48942 100 -32
40026 84411 -62 80
44277 60984 47 -58
72007 46057 67 -18
98620 88791 47 -37
65006 66637 -57 -16
59863 35290 87 21
44374 14570 94 -81
59185 53281 19 -29
87112 35010 -41 -91
82517 34 -26 -40
9968 9255 -70 -17
19855 51611 87 47
6263 24551 -38 24
91233 17460 19 41
35780 11152 -84 -63
30220 94120 59 75
66371 95169 14 -55
55336 57738 84 -93
41362 17439 -46 -82
33785 70391 83 23
87840 99581 84 -81
25384 56887 -81 43
7312 45606 67 -68
29146 3796 10 -23
82644 70080 8 -49
42163 67106 -100 -48
67440 23621 -66 42
27795 39229 98 11
99627 27836 2 65
80754 84264 -93 40
2153 3198 -60 -64
53715 60736 -18 98
68386 92770 14 81
47463 47522 -80 -67
58478 53133 -16 84
75965 1059 6 -44
17312 73080 -2 -63
21426 38367 12 61
20654 76337 32 55
97943 41409 60 23
33177 3396 -73 67
75427 61749 -53 -12
58338 10643 -71 81
71066 97383 -86 78
53369 70418 -31 71
47327 71264 1 77
63194 27728 83 -93
48198 69772 99 81
72609 8422 78 -43
8078 44709 -18 58
94829 24466 71 98
10523 26492 -12 3
61172 56889 78 -43
26152 36378 -93 -52
54651 45946 -32 -50
41211 96066 4 34
27436 52043 52 42
12750 4492 -95 -53
34042 54638 46 -46
31015 39555 32 11
68587 34467 6 -70
61901 74999 -85 53
25227 40654 -13 3
15603 75811 60 46
97437 57258 -3 13
18432 38575 -14 24
61473 89427 -68 -72
30173 80591 47 57
17252 92911 -55 -95
82099 80399 76 -36
74975 5066 -39 84
89732 58885 39 -83
30397 7152 -68 -65
73618 66144 14 -25
17848 43988 -50 27
70260 87017 -48 78
12885 8934 -46 -50
32921 54462 -15 -37
978 9606 -68 -16
93758 41705 -9 -65
9703 27196 47 -28
63080 24503 12 -78
69780 64705 -26 -21
75732 34410 29 -31
53958 34388 50 -49
87248 73885 -9 -66
13520 52764 74 60
55198 76985 34 -31
26380 46059 -54 84
44945 93917 96 67
10515 13863 -69 15
59879 27166 64 -23
26630 86509 37 -66
98253 19248 -89 71
62864 49393 100 -42
68984 88221 68 67
33147 68836 92 18
82267 96481 34 -89
63895 10540 -16 55
22706 32508 -97 -22
93100 95195 -19 -91
90126 3744 -28 55
57051 63556 79 25
89359 27108 49 28
6451 84423 11 -83
74607 33543 -95 -47
80703 73284 44 -96
79805 58565 9 -62
19821 42269 -32 -2
976 19484 4 -52
10735 9792 -44 -18
41647 36707 67 97
62920 71969 -39 44
88889 89362 52 77
90478 72720 -18 -61
54469 59999 64 -65
1167 57360 28 -64
24588 3694 -21 10
90050 86976 -65 2
85906 39363 100 -59
33077 35257 -28 -12
74290 49313 73 -81
83934 25878 -36 -45
52231 81370 47 -70
61500 58405 -35 -51
17786 19770 85 25
50233 34235 -5 -76
58877 7529 4 8
75401 16817 -14 -74
60466 89115 2 -67
22677 47494 57 5
15022 92404 -25 41
16002 31225 15 42
64688 3756 94 -38
18736 73677 6 -89
95102 92542 63 -15
40251 55620 -25 -21
58480 26385 33 -47
69949 2566 -5 33
2216 91025 -12 78
97495 56783 30 -63
99842 66647 61 -64
39249 47034 -75 61
87607 54873 22 -61
87064 72382 80 -90
42350 97028 -81 82
36822 89243 21 -35
18830 49757 80 42
5456 671 -100 23
98806 69016 -56 75
24024 8888 90 68
13835 2544 -3 54
616 7478 7 67
66927 42512 -24 29
80036 85223 -35 -56
45937 91954 56 -47
80706 6887 -57 78
81695 49535 25 -32
92136 85782 0 23
54194 49032 43 100
97949 63538 -94 24
93327 86641 27 82
34875 33226 74 86
69223 2772 2 92
55296 1623 32 -42
31208 47875 -71 -44
6088 16883 -3 87
66299 64628 -32 100
21077 47008 -59 42
58046 37052 -54 67
81089 11115 9 -92
5347 81429 -11 -68
37448 38596 72 67
2317 79060 -62 -26
53929 41174 87 -8
38368 45466 10 -73
32670 8913 -78 -13
60949 41700 -19 87
13278 31710 -26 -5
53344 65976 6 -29
81125 66455 89 -99
31405 68884 93 60
40697 42287 61 24
74449 10135 -13 -61
34608 92888 -16 41
54806 47946 19 -23
42599 90598 -2 100
22466 10956 80 -84
70759 55642 -89 56
84455 18461 70 51
1893 66466 72 33
6140 29138 55 84
41907 9361 -85 -33
55141 47966 84 -87
91477 94406 -39 -40
39498 3139 -71 -49
88787 80596 -67 54
40686 49739 76 63
47172 68129 -1 9
89271 97496 -16 -9
28868 25368 7 59
57794 70997 59 11
54532 1064 -99 68
61913 88797 95 -1
93454 64672 93 71
99445 93813 18 78
86412 35584 -86 82
96306 9761 67 43
73054 21077 42 72
88161 99415 -64 7
62785 61792 -49 28
47399 11580 41 98
93993 49396 -96 -12
62865 49857 97 73
26795 30201 -72 20
24830 4168 -29 -73
67561 1602 71 -91
75035 58606 31 -15
15487 71277 -16 -55
57284 68791 -52 54
77555 96002 71 79
13489 75348 -88 96
61057 33058 85 -28
11572 46927 -3 -4
95191 91590 34 93
30299 81213 -43 -51
96939 17112 -99 50
11083 49788 -89 100
35551 17415 78 12
34148 64719 -32 3
11755 84848 34 -86
39745 71248 44 -5
99839 78599 -15 81
24701 67055 62 -20
55045 41107 -54 -26
69998 92494 53 66
93313 45881 49 27
5770 87012 61 28
14594 48637 -55 -5
83376 32388 77 -91
8525 36574 76 -51
54682 60162 -10 54
10993 21548 14 -87
7343 40876 74 -78
5730 98570 68 -47
67249 72624 7 41
