300 1000 10 30 100000
86286 39702 -54 90
24539 26565 -69 -31
10352 16420 93 -22
16677 79634 -81 63
67271 34027 -33 -67
43049 65638 -40 58
93325 60658 44 -71
71178 67045 -10 78
904 55396 -30 45
18143 70459 13 -26
28625 82681 -1 48
42983 87476 -56 -15
97080 63302 23 13
87571 79082 -53 -5
72935 50181 73 61
62651 61751 42 46
13791 73689 26 41
20621 67104 -71 -64
68856 14280 38 29
95657 5446 -81 32
26749 23717 -72 62
80183 73970 46 -36
6217 27632 83 -14
22607 67654 24 62
27538 48055 51 7
94555 4005 -81 53
21260 4741 95 -40
97858 45282 -65 84
24005 99324 49 -8
50753 58598 79 -98
1972 69811 -82 35
15314 97973 -96 52
24997 46711 23 -18
49861 69092 -6 -19
40519 50053 87 30
46841 91142 -25 -57
48389 56160 90 -81
90777 85738 -22 96
12619 6634 -100 -91
82072 30522 -21 78
83616 89411 -38 53
36532 44993 -20 100
58181 68521 54 49
75865 17060 24 13
89792 24179 -85 -62
4721 10470 1 -64
20437 33257 98 26
83066 82653 -95 -2
78114 94786 16 54
22902 3589 10 -24
94677 66790 -82 92
7147 66614 43 -65
95302 94305 7 -38
51684 66882 -14 50
3250 31162 -54 95
36719 6693 3 17
79707 17594 9 70
47301 12934 -95 -53
33252 98856 10 74
42212 85564 -54 55
72225 82714 -52 77
64000 37278 68 -12
35219 87732 31 65
64289 9330 47 73
70785 11981 -50 80
91436 10425 -94 -57
22010 49969 -12 -87
4022 88815 -100 -66
22122 89918 -95 5
1128 74233 -86 -77
53012 47088 -23 17
98161 8721 -24 63
92371 45210 74 49
3713 65853 31 -25
15439 2550 -45 50
53195 12784 -95 98
98190 83692 -75 -10
6549 39158 -60 39
28491 46171 -82 94
33292 36302 88 -12
42164 30746 96 -92
94845 84711 -99 63
7889 99007 -48 -88
18300 19189 -12 23
63003 16440 9 -9
83304 4635 -24 -26
61362 4588 -93 -94
84199 30694 -74 62
99570 22120 36 65
90673 56429 62 -56
50623 36111 86 -60
9249 62973 -46 92
44458 52438 74 -94
41018 6723 18 27
43404 58516 -5 43
75795 84889 86 18
98102 8118 71 -25
44548 71104 48 50
83444 13491 81 -95
7887 91906 -25 -60
74328 47631 70 35
93654 27282 -20 -99
52508 32537 -93 -45
80727 73481 31 -65
3166 12668 44 -100
48127 56732 22 -14
71349 7842 12 54
46906 7885 -31 -98
4649 70962 -18 13
67033 72379 22 -77
22344 54764 26 19
27800 19884 -12 36
39583 11519 49 -31
2091 42606 -81 -8
76035 50083 -77 -63
87970 47614 31 -62
75639 14695 -88 -76
56264 51333 -51 -15
26013 70678 97 -61
16402 29466 -90 -51
74891 27415 -51 35
76543 31621 48 -19
44751 29261 -96 20
97332 78055 30 -46
33323 55569 64 19
26417 14465 66 90
51100 1135 -62 0
76705 75731 12 -41
24958 6111 53 -98
32721 6867 39 -86
42204 19366 -99 -34
36265 13206 88 73
69472 57939 -67 -44
32576 2017 91 -31
16783 96112 36 74
52828 18085 -53 -69
69271 33820 -24 -4
99949 23997 -55 92
92956 60862 -64 -61
6764 52615 46 -4
36308 59559 30 -80
22883 94429 -11 -48
29771 83164 24 77
18084 64996 -65 -89
79311 64126 -48 -35
36780 28351 -32 53
28122 554 -48 -36
66790 63246 90 44
98372 18047 -38 16
63136 12482 -49 -81
4706 36764 -16 59
2844 59347 11 58
22743 35101 -54 -32
75336 93457 32 -51
63038 58633 71 -74
93821 58699 20 31
66622 64247 30 -75
61529 29215 -54 66
12272 43925 -54 -29
22004 55303 14 -17
3654 41560 24 -83
8317 84935 -81 14
4085 21677 46 45
11294 81355 46 -87
26199 7392 -52 66
75821 31909 62 -12
28455 46542 93 -3
74976 77740 53 -5
15006 5226 -76 -2
97844 33009 -12 24
79929 25066 -100 100
31153 56891 35 -91
44295 37037 -91 63
13704 65693 91 12
5591 64359 -70 -1
69816 51884 98 44
76762 63850 25 28
23796 92740 57 76
45620 6285 -77 -24
95137 57727 -34 -89
78884 27182 33 87
68192 57392 -13 44
89130 43049 -47 78
82150 98541 -31 -30
54406 66210 -31 69
66011 90891 96 -1
96565 11645 45 -98
57973 117 62 -84
4953 81238 3 47
68219 37377 -96 -29
97803 60488 -67 43
28908 86153 91 -21
66639 68878 0 -92
30960 81193 -87 76
92842 65654 -40 -37
85845 41398 -68 35
41138 94080 26 -60
73248 90532 -45 -82
10443 56777 14 -43
58566 99356 60 -88
36973 60186 -88 -70
6018 85022 -64 85
57204 71805 -24 -98
89139 14584 -84 100
7789 44694 -40 60
119 87799 100 18
71573 70724 -40 -87
77136 1478 2 59
42241 79335 -82 72
80568 53588 -88 6
70591 49619 -28 -77
2922 3806 -35 39
72378 117 -28 92
92102 14636 -77 -3
69914 96997 -54 -33
80133 58364 -41 -11
41853 49411 -77 19
2204 78150 -28 -92
25588 28747 -4 -20
64572 47871 -12 14
38018 31475 83 -29
13874 88978 85 -69
8510 76245 -52 98
54699 98099 -9 45
26900 42924 64 -14
60371 94184 0 -37
95112 561 -3 43
77649 83091 91 -27
12203 88730 -33 -17
2367 88981 -56 10
12896 80127 76 -47
70931 13110 -20 36
74717 58710 -68 -56
96137 68740 -16 -28
94800 96161 -50 20
85157 63018 61 -23
34611 94551 61 -30
6786 13378 -88 18
30310 97688 52 -33
90117 98726 51 -12
62103 84893 87 -95
38029 71943 -20 -2
53673 24110 74 16
21011 38089 -93 53
80663 71084 -93 -47
55890 90367 86 57
36209 22783 -93 67
78800 20140 -96 41
38075 43522 34 85
19042 88907 -24 68
342 87185 -4 -63
14177 93818 9 -37
3002 25438 96 60
19600 52287 34 -27
2177 26510 -58 -92
11831 33136 -63 -95
65512 48744 -4 -65
52121 47068 11 -81
41511 89895 70 -69
84309 81836 -77 76
7578 70880 28 -65
80820 77557 35 11
96511 13058 -28 94
87460 27490 55 27
99843 51035 66 -42
4152 80103 51 -37
99509 22223 59 4
66993 73501 -63 -58
85160 9229 -91 34
46340 56815 -79 -24
16660 87354 -40 -22
37300 59380 96 -47
58181 44896 -10 75
86026 52131 -67 -14
47962 51434 -73 85
40072 90462 -26 -68
69500 95251 76 72
32514 69804 66 -93
23359 31462 24 92
43456 22770 -46 -24
57085 18011 -60 -73
34118 39191 94 -53
37397 17307 -25 -84
32072 36071 27 79
3547 5219 38 -10
52783 19341 79 -21
49383 38594 25 -95
47236 23807 99 59
40647 30419 6 91
18380 85852 -35 85
97502 35821 55 -48
46921 57763 -17 56
52458 8397 64 -56
35360 31682 10 -35
90503 11919 45 -72
57922 83710 65 54
63238 11211 -50 -82
5100 26630 39 21
9290 65278 46 0
22849 85869 -31 -86
