300 1000 10 30 100000
2090 20689 76 -51
65281 51771 84 7
20775 84617 15 5
4399 35542 -19 96
54004 76680 -19 87
18890 23472 77 60
6562 26446 -16 55
19771 91915 -80 -99
90127 82980 -29 -20
51461 56949 -49 16
92798 99096 15 -32
73997 87255 -23 42
97941 36791 -69 98
66104 4970 -68 70
29066 28855 96 -15
99165 89856 93 28
40315 9167 100 67
2711 73153 -89 94
36759 68446 -17 91
4424 25154 84 91
58797 40950 76 -82
317 72665 80 -75
11486 70311 -91 35
93415 7604 -55 4
19499 74024 -80 -1
65159 39104 71 -85
7251 3402 -81 -40
68210 55040 48 -84
96034 77932 1 22
59471 47812 -72 88
42576 58808 85 28
43857 54752 -60 -75
60899 10056 -65 79
34132 8429 -12 -33
26163 60167 -49 -65
47262 27472 -42 -36
58342 69735 -74 87
6906 77472 -1 25
54485 84479 -85 -84
81042 25900 12 -63
24386 90554 84 61
342 16962 22 84
16847 96865 87 -82
2309 38833 8 68
48697 53255 -66 94
53762 89792 -96 56
91063 11604 -53 93
15158 55512 -42 41
79927 33612 -54 2
31353 21368 27 26
32368 79334 100 18
33314 34316 91 -7
51870 99578 -55 -38
87351 93822 63 0
91820 55562 -95 3
90368 65449 58 23
79697 59797 85 39
60413 26281 -92 -24
43750 55732 -49 -64
31889 43081 29 84
31136 35709 -31 74
80361 61192 48 -90
71971 76839 22 77
39914 76227 -7 80
45054 66956 93 -74
4309 35820 -97 45
40389 43567 -25 66
74137 72250 89 1
11544 5407 -74 37
87435 84569 -62 58
82665 2791 -37 -36
74832 10474 78 16
11544 83016 -33 91
87494 31340 -70 90
41820 29254 98 -10
19773 18380 -65 -58
41362 78926 -11 -19
50942 97983 79 -93
43780 10917 -36 100
27728 12135 -43 -100
62133 17756 -39 -50
375 37095 -1 -96
70236 55113 -5 46
87875 78962 -22 59
15624 88790 -51 38
33174 85513 -45 37
87972 6245 55 48
71878 26395 -32 55
34764 76609 83 -7
9355 43892 37 62
93915 36880 -36 41
61746 38608 72 4
58151 85165 53 -18
12249 83394 -9 37
96920 6045 -65 -66
18780 58913 -55 11
22179 62517 30 19
57856 1322 -65 63
35347 38189 -87 64
75107 17953 -88 7
89841 89959 -33 39
1091 50566 -97 64
61360 89960 95 -6
70702 64253 88 -83
10925 19202 75 37
16277 99822 57 33
9726 9366 15 -95
60089 58148 86 93
18163 28323 84 26
40175 16458 9 -59
94626 6998 -46 -77
64169 2265 -20 -16
57565 68634 -52 75
41003 47156 -52 -88
88216 69612 -89 -27
48641 97213 -5 16
29064 10231 68 -66
31283 64003 42 -50
2374 75515 78 46
57786 25334 57 -67
10738 36371 -5 -92
63133 4903 -91 -98
98236 91718 59 16
54752 26468 75 30
9820 37875 9 -44
71222 47129 44 -20
55846 80037 -67 -50
59269 46591 -2 8
56054 51084 59 44
77714 62785 82 -28
69377 17531 61 35
32516 59118 -4 -43
23986 15144 -64 37
13703 94844 46 -69
56528 889 53 65
80183 99 -18 -87
53715 1424 61 -48
93579 35073 0 19
6683 4918 41 71
87925 83428 -28 51
27844 54667 -59 27
35345 38282 -11 -4
18970 64437 -79 56
61211 19704 56 62
48401 90621 -58 -1
31108 24682 61 -21
59891 24023 -62 24
20629 50115 44 -34
7350 47117 -33 -81
22494 65283 -8 -11
71893 60691 -31 -12
70819 26008 64 29
30750 79338 -64 -69
9461 39910 -30 -14
14684 86864 70 29
24712 48130 54 20
49863 98967 -100 99
86219 28098 15 16
35344 88733 -31 -64
43765 35185 -69 -18
50497 5656 10 -94
37527 40071 -81 -54
21945 67272 99 -58
87760 54149 -45 52
99494 35467 25 -34
74679 53666 79 -5
4908 12796 -44 90
46888 78102 -27 -95
41944 48154 44 -18
66769 84202 87 92
76909 95513 -62 39
29798 89284 -92 -54
83857 46583 -16 -78
81135 23889 51 -97
62464 4974 63 7
8834 93226 21 -49
9397 16704 77 11
90835 27653 -92 -59
45717 20532 -42 -1
96193 74254 76 18
89530 67699 98 -17
74510 63434 91 -20
23509 44478 99 49
87914 86265 5 -42
41620 64464 -61 6
61346 52918 -55 83
13224 26919 -100 -59
27228 2672 39 -48
12224 16992 -88 81
22474 8535 -40 -29
16143 45146 -87 52
36625 43672 -52 -28
38045 57768 -23 -11
76419 97135 -92 -63
74517 31408 66 20
20014 41683 53 96
27577 83092 -37 55
92222 46109 -5 2
63039 54647 -75 -50
87484 19043 100 -59
76123 91448 75 -95
34388 8590 26 68
9193 23773 100 -34
62659 37304 33 -72
47788 1450 -31 86
34677 9476 -91 22
32400 16131 89 77
94504 77095 -92 -82
17093 22265 51 -7
53089 67553 90 90
71142 79347 -100 65
14686 72642 95 -62
35165 65048 -29 20
88091 72096 44 -92
40199 69631 -59 65
22055 73738 8 46
30128 92643 75 -49
31375 10401 96 -50
62793 3726 94 -48
26746 15191 20 41
82022 13081 -73 -40
76969 67348 90 36
94558 88419 41 -4
33227 63464 -100 94
29319 2498 -99 -86
56385 95610 -51 -88
27599 95177 -57 -52
88056 15069 89 -11
86755 83487 -50 16
9822 59057 58 27
92253 49160 27 -48
75490 46940 19 71
75594 2570 56 90
22412 81993 98 -26
63506 11325 84 -95
94730 79625 -62 -25
15594 58049 -93 52
47315 7288 48 -39
92100 26592 -71 -42
53173 97504 -65 -87
62134 78480 -100 19
72751 63284 -14 79
42230 91527 -2 -12
66582 34702 -48 71
50982 19663 81 80
58124 79540 -6 -38
59578 68945 5 81
92384 8478 -77 -48
23960 57503 -99 -76
93076 96339 -24 -32
18125 78967 5 -1
86764 36960 -78 -71
93672 71505 -12 44
73006 3006 35 -21
40394 64021 -46 -57
45918 93798 -63 -73
14131 99299 -51 49
28004 76473 59 -98
18632 6403 -53 11
70647 18954 -38 -75
65083 9749 -55 -56
83437 61265 -78 67
46985 76979 -69 -100
97590 85863 17 96
863 82312 90 8
83199 37779 -8 3
89095 41779 10 78
42067 27536 -60 -63
35107 11913 -68 -63
70107 88806 -16 -6
16999 17747 16 -41
14360 93300 6 -33
55853 51588 71 19
17845 63387 -68 -38
13963 78985 -13 18
91625 51317 -92 -94
89768 12509 -12 -97
85349 33511 -99 39
72231 71578 71 5
23601 65817 78 19
37105 61177 6 27
67053 89042 86 45
78572 55516 -52 74
90172 14463 -54 -67
67674 11000 -57 5
55512 33461 -35 -97
46401 32617 -34 100
39155 11719 90 28
74290 53009 67 -88
10506 74382 4 88
13956 56169 45 -64
14571 41975 -82 5
7161 58516 -99 -87
81703 96166 -58 71
10726 26748 -46 -24
2717 95573 8 33
19214 60904 -40 67
26507 98791 70 26
65262 62667 -81 -5
88201 76493 -77 86
