300 1000 10 30 100000
11615 88289 52 -6
31222 86940 20 73
31852 72935 -74 -86
96452 20371 -91 -6
46794 12698 34 -64
888 8317 85 -99
82125 73448 37 -52
24567 8962 21 42
21728 15787 68 -37
31701 36513 98 16
20837 87376 48 -72
66076 11571 -82 -53
46906 98514 -60 91
89230 5913 -32 96
94128 67641 37 -69
78159 6484 50 45
77729 569 -86 -26
39833 27213 65 -37
69626 12427 33 -40
69957 11439 -47 82
95549 53399 -4 -66
22239 29403 -71 22
67127 24986 -90 -31
52405 92098 -67 40
84030 57978 -7 -88
78790 83228 -91 0
84112 39373 10 -60
89804 5300 -24 -26
41425 86375 -32 -66
19404 16182 6 75
79923 59531 -30 -61
67727 50529 84 -97
37475 90194 1 49
94374 29745 -55 -8
83340 69268 37 60
50730 727 -10 -3
36409 22261 60 29
67483 98405 98 -95
9591 78229 -19 -71
35992 27371 -63 -71
28022 9378 41 -7
34 3816 51 -7
36324 79583 23 99
25155 70769 -27 11
62719 68389 27 -56
92177 64102 -33 -41
27465 71818 -25 92
77252 62926 -95 38
98776 92735 10 -4
73328 37814 85 53
21982 68050 53 -33
20072 29109 -28 29
89985 71487 98 68
34925 56814 -8 -57
64856 41177 -36 59
73319 974 -81 44
12904 83969 -75 -6
47725 7473 -56 -60
17608 66067 -52 15
81820 460 57 -62
37452 29659 -17 66
44895 88646 43 94
28549 17698 50 -6
70917 32103 22 26
94202 22059 -14 18
87909 74966 -35 -93
80267 61704 -74 -31
7266 90728 -6 99
38447 31433 -69 -79
2059 23054 -48 -28
74483 85278 52 -42
29006 99877 20 -96
60904 85801 -77 26
51584 74065 -95 -89
58202 27002 4 72
6914 75411 -54 55
46742 93545 21 100
92441 81476 -98 -88
9663 94768 -57 -89
24854 95106 -45 70
38903 60484 6 -50
58842 57270 -5 88
57947 60343 -36 -47
36672 21658 99 63
91693 29466 -59 24
89261 88172 -71 95
54966 99945 -85 21
50435 67201 84 63
18643 6896 -38 52
13665 83945 65 35
21778 28030 -3 14
88126 94463 35 -46
22916 35070 33 -46
63660 21916 -17 75
88015 16459 27 19
2024 54367 63 -29
99323 37892 36 -46
47191 22207 89 73
81095 41535 4 -7
28094 87818 46 -53
75515 4478 8 -4
76528 14951 21 -74
53145 47653 94 -2
90975 82200 58 9
962 4478 36 -76
91463 74265 -40 -31
93405 44837 -52 -18
32670 87715 -97 -30
58312 8158 -37 47
14458 6162 13 -41
44753 78060 -82 -42
20314 10060 -74 -37
52514 57410 -8 83
34899 84617 -66 38
70773 9724 50 -20
75215 31368 -66 -12
50094 85218 -66 -58
70094 18654 -73 -97
69525 8069 -89 -62
79002 75547 73 -95
50104 18546 -97 -92
23530 89514 -31 -6
52403 14963 -92 -49
72349 55641 88 73
97873 87422 28 68
56122 47765 6 6
32460 75515 -32 86
44926 90786 27 -74
80505 80013 86 86
46247 65682 -41 85
51890 38870 -28 36
16582 36875 2 29
1926 75577 17 -83
88580 55952 -95 -24
39625 42469 23 61
48276 36804 -82 81
49655 23937 -93 -8
22458 43591 -73 -92
83423 58592 -81 81
72547 15688 68 -7
32059 30295 -99 -68
82079 34087 48 -41
64515 39181 100 -15
50456 80414 19 82
14698 3399 10 -49
25457 73036 -14 -72
65806 7903 -64 1
49806 36463 -52 -76
47734 42606 60 -53
93250 20986 69 60
81202 21736 85 -85
88087 96884 64 -5
1277 9269 27 70
10339 77745 94 20
72648 4990 -99 40
16878 77403 89 -96
25742 35740 39 -29
52983 92282 21 60
52230 65319 28 -65
27804 56258 58 -71
37967 88140 -97 15
43055 5335 -57 0
33465 79303 -25 52
98807 42658 13 -76
19655 55175 6 45
40598 24918 -59 -29
68244 93316 68 50
99332 71888 -3 37
68598 53065 -35 96
12779 3323 -82 -64
82522 44188 -100 -59
53530 48619 -16 88
36598 8686 -53 -36
8982 27421 -91 79
93787 95645 54 9
22362 96147 -34 -26
68516 25419 91 -1
6738 15502 26 -81
33186 51259 49 29
60030 51983 -13 -41
58815 37867 23 2
17646 27493 -5 69
9554 56568 -61 -43
36867 72839 48 66
76965 63435 -72 94
75165 45012 -42 -50
42332 92917 43 15
42628 1812 -96 -37
26817 36403 27 -57
32456 70925 -37 -57
35313 22089 33 84
70189 44685 78 45
15503 51145 -15 -79
20089 21634 97 50
41326 88747 -25 86
92668 56909 -43 57
19818 82920 83 96
97993 19114 84 27
43078 45527 -44 -38
69376 45174 -96 -66
34127 94787 45 -27
97869 42407 -41 -62
34124 67422 1 -50
69656 9892 -73 -100
51158 23247 76 59
91933 84433 97 -100
88102 20681 33 53
9489 70338 95 9
83596 38881 72 39
49654 35453 19 -38
65734 70166 48 12
5997 45083 -31 45
65356 37069 -69 92
90466 90181 -97 20
69078 22611 70 23
32968 21570 -40 -22
73298 92215 18 11
68561 74431 21 -29
67749 83131 33 19
14278 92403 -50 78
89047 49161 -42 -85
14780 98140 -56 -8
54933 21017 -58 48
38783 74224 76 -45
34637 52903 11 77
43697 75561 -6 -52
20648 17999 -60 -57
69490 60868 74 -18
21213 37669 6 -23
31379 50269 -79 69
58625 38350 77 66
14716 56090 97 71
37055 27052 50 -42
41920 94810 -43 -58
23729 28940 -66 77
59705 97381 85 43
90454 77196 -51 -60
58387 44897 -12 -5
72203 41975 -94 -16
85810 62209 -87 76
8459 40101 -61 16
82580 28405 -73 3
24536 74161 -51 -20
93331 95692 -70 29
51545 57710 80 83
99898 22168 -34 41
59005 48339 76 -57
63357 98363 -8 81
16796 66645 21 98
5792 93339 -77 13
5538 24213 -59 -18
91126 40588 77 21
48751 97657 -83 -14
17575 812 35 0
91163 8903 68 5
90501 99153 9 -28
76208 15091 6 44
1118 41347 -50 -5
95346 14664 39 76
1009 50308 -94 94
4878 83884 77 99
353 54049 60 -64
58297 41981 71 -34
8054 58726 77 5
92695 19137 15 -24
56692 86413 37 -66
76275 27670 -3 65
93225 70742 -75 -34
69116 64832 -68 -63
9087 6815 59 -7
35587 75924 -19 33
25889 89741 13 -50
96050 57728 -85 -45
14880 31178 -42 45
49985 45528 -92 -39
36259 65501 45 -52
50658 69086 81 21
23545 97998 75 15
93022 4713 2 12
25036 52916 -8 -77
22196 64272 77 -41
57825 72157 -76 -49
1833 18579 8 -52
79181 36257 50 6
44086 39693 39 15
27454 37163 23 -96
74174 60142 -28 -64
87755 35058 8 48
79409 38221 57 -60
75825 92220 31 -64
51372 83447 -16 31
72931 49232 57 -47
30354 19787 -6 94
3044 44984 15 78
35250 880 91 -64
67184 27136 12 67
14071 59024 72 37
31464 58413 -66 -60
97113 95726 -85 23
3426 80576 -42 62
