300 1000 10 30 100000
1164 88213 -66 -39
86053 83613 -89 -33
30367 20514 20 59
31592 94774 -43 44
53482 16986 42 -88
38896 43813 -55 38
18859 33049 -23 85
66524 40777 -79 -73
6731 44182 -49 56
5416 55450 -34 8
20785 88257 17 -32
51366 24481 -34 53
13382 51997 76 9
63095 96034 70 -34
53368 69788 28 32
69497 64803 -17 -23
20163 25712 30 -90
65084 17427 93 78
29919 29528 67 -44
70671 7782 78 94
79998 72711 2 49
3750 82432 -14 -1
14405 4586 -93 36
14736 63843 63 13
37591 12036 67 -58
20675 3200 85 -92
14151 82184 27 -98
9921 47312 -84 26
71577 42501 -80 12
24786 79688 70 -35
30628 80021 19 -97
235 90754 -53 38
36819 13302 -54 -14
26072 83800 -59 76
35552 63121 27 -18
96825 84000 -74 -76
8570 52455 -85 -73
92499 75391 23 2
41402 88399 1 -33
68732 42166 -7 56
34719 99455 17 -95
61615 21142 10 51
30852 69180 9 -70
36347 4354 -31 -50
64352 22392 17 76
91061 68566 16 54
82924 36778 75 -26
26259 33943 -19 46
84437 18830 -51 52
72447 40586 75 -6
62708 13761 -3 -43
93027 23687 68 70
10592 44450 -27 85
10818 38384 0 -48
53583 55071 -46 58
39089 32492 98 -49
54471 86030 81 -38
641 63943 82 80
35405 13047 1 -66
71081 33136 -63 17
62029 72484 79 -28
82767 39140 14 -34
62717 34710 -40 3
51804 40063 -61 -97
47675 2696 74 41
32062 54560 -86 -17
7586 28591 83 21
23352 91491 -74 -79
42894 56434 -11 -38
27325 64345 -98 -20
21406 13195 22 39
95267 62242 79 -79
47414 97927 81 34
25874 8482 -77 39
47042 95596 -40 96
93297 191 -7 -56
33336 91647 -76 83
22821 59261 -33 33
33518 42315 49 88
46030 7895 70 -26
12202 35728 -74 18
84726 64431 91 7
45838 81717 -5 9
80237 72438 71 78
44205 14792 66 92
77250 98078 -44 97
31709 83495 -40 -98
85215 12907 -19 -40
46451 42706 12 1
56300 81905 23 -77
1531 67219 18 -57
57764 77472 -38 -22
32812 73629 -84 12
67031 47084 -80 -59
67137 48178 -89 -80
39871 11260 12 38
24128 15596 -12 64
81904 48427 12 -2
12465 36134 51 -15
14003 1099 59 -22
26017 21868 -32 10
58060 8421 -21 98
68375 22780 -33 -51
22560 81601 -72 -46
34861 22273 57 -24
32704 26338 61 28
62212 17 83 -18
61616 41505 -12 -62
42010 31779 90 -75
9902 52867 55 -21
1408 17629 18 53
76429 79418 -79 58
4267 70083 9 -15
24618 10474 -73 85
76869 33891 55 17
91656 2983 -37 -86
92856 21090 -18 -87
43532 17833 83 5
98250 95975 -27 69
43652 87771 100 17
50263 50385 25 51
23535 609 -74 37
31805 7223 -76 -75
80939 73875 -56 28
22662 43268 -74 87
71205 55134 13 -98
28876 78219 39 98
38523 21473 60 -59
99962 30805 -36 39
22261 29163 -13 40
78585 29084 75 -39
25945 70202 29 76
49125 46421 -76 -2
30740 32436 -7 22
77575 75749 100 -27
76108 29316 47 -24
75014 63567 -47 -69
14273 67984 -38 61
6473 16103 -51 -25
68696 65717 97 -77
2516 23413 77 -54
69535 13938 -55 -82
36228 10694 93 80
43196 38980 28 92
38541 15922 -76 -98
24282 89109 -55 91
19190 10309 -9 9
41165 69999 -16 67
95015 54482 45 91
27131 83163 79 -92
64096 95045 -82 53
24338 20111 42 63
69138 13888 -68 -76
51387 31449 89 86
13460 3983 43 -2
97606 40278 -46 35
48469 64352 -56 -2
41298 69288 43 -34
85771 13896 -63 40
55334 22234 -76 -74
6277 71539 -12 -60
39368 75862 43 98
31695 28979 -60 -22
22160 83197 -60 13
68919 6390 72 -76
55501 85727 -3 -4
75672 10612 60 -7
26274 62190 77 -50
7862 15021 -32 -22
39705 28374 84 -20
37853 22525 -71 34
83019 29174 40 69
32367 10729 41 88
95846 40646 7 80
68027 51778 -23 27
75550 84135 -16 -62
49147 83011 46 67
72681 46882 -46 -81
97222 5215 -81 -2
79798 73806 -58 71
70308 34942 -89 87
63583 11385 -53 10
49311 35033 14 -48
84091 40004 8 50
51915 7049 -29 6
71911 12543 89 -48
82536 51957 -62 20
85659 97245 -33 80
43189 83341 9 -48
71580 82256 -58 90
59557 2096 36 -38
34982 22799 81 -99
71106 65461 51 24
99256 93887 81 82
84173 6106 -82 39
68570 21563 -76 -27
38395 31369 -31 5
3433 23998 -38 88
53593 91811 42 -35
97438 79492 61 -72
91119 65588 -34 20
84084 64685 95 26
72924 96871 -35 15
68922 40350 66 47
61705 37982 26 68
31556 38520 32 -36
22311 95008 -61 -18
55876 57010 30 99
29563 91325 13 -4
12106 71748 51 4
54706 92563 32 -35
55200 89548 -66 79
34176 43029 36 22
36395 60975 -94 87
95522 40933 31 6
83436 24394 47 4
54383 27474 42 59
13117 14839 -37 -22
78199 87888 -44 -92
4661 20014 -20 73
40237 6062 15 40
45562 64983 -35 16
53904 70239 5 -4
31430 15782 -17 -82
39336 90414 -37 82
50661 38657 -65 -52
87033 2435 -71 -49
33891 57128 -51 19
62704 6377 -35 -14
84476 81521 12 16
44201 93561 -6 49
65100 67172 -86 87
32605 50571 -70 -94
31487 65429 13 39
72059 30510 -74 -88
82769 26427 -60 8
21211 36345 22 8
60022 51675 7 -36
61063 20780 -33 27
80694 38334 89 15
58752 28162 36 25
52015 88762 -59 -98
40624 61097 8 68
15614 56183 -63 72
12493 29026 47 -87
25582 17400 -57 37
98337 27229 -100 -89
43278 94512 -23 -30
28168 5546 63 63
8079 3225 7 34
35262 13129 -46 85
13286 68047 48 17
63545 55118 -45 7
97060 35287 -83 94
20169 12798 -33 -58
44644 66293 -72 -53
84288 38518 72 -50
14728 16813 -100 -45
81972 87363 -41 20
66787 35097 57 9
12788 27262 7 -14
42981 99118 18 8
55962 30515 38 -69
10698 52074 -88 -29
78350 91638 4 53
63685 88950 -66 35
1562 19382 77 -12
85740 93068 -91 74
52203 3479 19 -78
32411 13606 52 35
39167 45880 -69 -76
5056 60461 60 -13
53725 31051 -68 -35
75103 64310 37 -34
66382 98056 -81 -22
54523 70794 -27 -50
99257 76831 68 -18
18362 15103 -36 -57
44157 98429 -13 75
74850 15267 84 -69
88570 92773 -2 16
14073 87236 -2 34
24117 29441 73 33
42297 87550 74 -91
69431 53897 99 76
41415 57435 -88 -91
3477 55689 -68 9
73635 79072 -37 -48
63019 99459 -84 -67
33042 45217 97 27
68440 35320 44 32
83051 20139 -100 63
7722 93583 84 61
55630 26659 94 -26
33252 2699 36 28
99581 98952 52 7
89758 16615 26 -33
68009 26940 -59 -90
79450 41665 61 -38
83201 92445 66 46
