300 1000 10 30 100000
88377 86862 -38 34
11546 74657 -29 94
33630 6431 100 -27
33846 27983 17 66
13840 90759 39 97
50242 49260 -49 60
8516 37737 -36 98
63309 85934 -4 -29
22687 68502 31 76
7272 34664 -93 82
48078 94372 1 -21
81450 70481 52 20
14132 94311 -3 -61
70455 21489 74 10
9900 74767 -4 52
83353 84402 -56 24
62964 69068 -14 -100
57641 19145 -36 -6
12943 69652 -27 61
57936 16297 -45 -80
36844 44698 -79 -40
74613 53460 34 68
39375 88368 -93 37
92444 58840 -87 -30
70259 52110 14 88
90022 42439 5 47
3832 47649 -89 -39
29846 70101 -28 28
77460 98064 2 -65
56487 72919 -97 -23
384 18613 -7 91
59094 42739 -73 63
26074 61515 -77 -95
85743 33436 15 38
24262 34296 40 30
84977 26017 18 44
57027 47621 22 31
5222 34381 66 -30
36509 6272 -90 -61
21116 34371 53 62
43755 63041 20 -24
3747 9422 -46 -39
42704 41877 1 -4
11603 67538 -27 -70
12306 80150 -49 -98
51557 28277 -73 -46
85697 5561 -96 51
14993 85516 -61 -89
54353 16075 -49 -99
33568 96997 100 79
93623 63737 -49 -88
55286 16350 -59 -67
39888 53921 25 -41
5378 90782 80 93
56734 85523 -85 66
65480 65828 -18 -9
10057 28787 47 -33
16289 75591 -50 -1
33620 80388 -53 -28
85650 85804 34 83
30152 13260 29 85
89942 81732 -6 21
15359 50474 18 49
11992 68582 52 -78
60059 76729 19 41
93115 71678 -62 -49
69501 55018 -36 -98
95580 76740 47 -40
78372 18667 74 74
16901 15798 -69 35
33896 62653 30 25
91708 1339 89 21
83191 7029 -61 -68
56333 36297 -8 -11
47932 48818 35 27
39858 33060 67 61
26867 13763 24 42
2174 43600 -85 11
67027 896 59 88
79911 13725 48 -2
22025 21481 20 12
73367 19783 58 100
60565 2692 42 -67
72224 5537 42 -60
71646 43942 -93 -16
11476 52516 47 90
34744 4197 95 -16
97633 19064 73 -14
22070 82244 50 -31
15886 41664 82 44
55244 54894 -19 -95
54035 15990 31 8
16016 71665 -40 49
42046 46972 51 52
99852 30605 -3 -54
40936 15123 -15 18
50661 89104 -45 -20
35605 44198 26 41
55962 35874 -95 -52
41831 74981 89 -3
42006 864 9 -8
62401 69504 18 0
78905 462 67 -90
16387 29333 -8 91
66944 30902 6 -84
69683 6313 34 2
87268 34622 -37 -18
89810 26122 -47 -90
35682 61565 -75 63
64051 29320 -15 -58
64209 45396 -86 -80
32941 53735 99 36
77706 38132 0 -81
50015 61385 -29 -37
96200 61743 -47 -4
16095 58696 -41 50
61584 36197 -26 -38
8325 89472 90 57
37033 71338 92 -31
53310 38770 -93 -17
22573 39218 58 -34
86760 64551 85 72
50431 64394 32 -52
74661 33948 -100 -88
74621 28592 -93 -19
1771 16830 45 44
65562 81082 -22 59
57067 34076 -3 80
77440 77565 45 20
10482 59501 -3 40
26993 46313 -19 -52
19721 32842 -37 -40
21932 56342 63 -87
76653 54509 53 7
85486 27522 -22 1
89952 9743 -61 15
62445 87839 77 69
56487 46202 -42 -86
20162 1854 -54 68
99464 2371 95 79
12397 87645 -90 -9
40872 72061 -99 98
19416 20585 -35 -15
58289 48667 85 -26
54227 21052 57 -7
84801 88157 69 -21
57646 1163 -97 71
22672 95467 -26 22
35689 9142 -25 -59
90577 4620 23 4
23945 29434 95 -91
80467 98831 -96 -9
70502 65422 -97 -92
63652 54232 -20 44
21310 80777 -78 -42
84155 79132 7 -94
97877 56986 8 -12
83628 48816 -33 61
23856 49543 -18 13
15446 92436 31 -45
19739 89750 -4 87
70462 20747 -32 62
22123 8898 -100 -49
85009 6605 -24 -47
81985 71688 29 84
74969 88403 84 91
71654 32986 -12 94
40602 94807 -61 -94
18769 81444 -91 84
3504 55874 94 -7
15836 56680 66 -61
62755 85681 15 43
76393 52899 -7 -33
27741 24797 -17 -38
59535 90187 58 35
61409 57194 61 -83
51329 94081 -23 64
86600 2237 -6 -25
12875 43865 47 -47
49339 46893 35 53
79338 71607 45 73
53897 62909 -60 7
85769 24358 70 -92
97294 93837 -64 96
51810 94724 -38 70
99678 91805 25 56
30189 92713 -97 15
65105 16642 -59 -71
657 74123 15 67
78648 11355 36 -36
29644 29182 -26 5
64440 20 52 -39
38303 75515 30 -35
70415 99817 -9 4
82950 93316 52 -7
48825 85958 -95 49
46723 96219 -50 -50
602 20297 -4 87
9793 21696 -74 100
62593 37701 -31 66
81431 42363 66 -29
52995 98742 41 -54
92574 72907 -48 -76
13868 67052 4 11
61974 62593 -85 -20
29754 17520 93 19
5445 75285 81 -71
16095 97763 59 99
94288 47236 -57 68
24373 38586 9 -58
34221 95072 -26 89
59862 10709 42 -62
10058 28982 -71 -50
28252 54284 -99 -36
44769 85791 81 5
81285 81070 34 -80
58802 35395 4 36
71519 86203 -96 -79
38337 64179 -74 73
11011 90547 62 -56
42544 34924 -33 -31
57438 54510 81 -72
81022 76337 44 95
52862 7097 -94 -98
33795 49881 10 -35
85356 51779 -84 61
59281 45475 -69 89
22880 27961 -39 -45
84255 27072 -80 32
93865 88198 50 -98
35686 65591 -18 6
59244 70329 -78 72
40044 71693 37 51
48361 31020 -81 -25
3951 18109 64 16
56461 54287 -15 9
79488 96300 -12 27
2975 53977 24 -55
41640 34799 -2 86
11651 22269 -10 97
37328 69523 -31 -82
81932 51164 -8 37
75987 32644 -35 66
72077 1789 85 -2
72750 78870 99 -56
36167 50454 58 60
34597 10345 88 -79
36754 52228 -54 98
65767 72779 -85 -51
47112 12219 69 3
11440 59740 69 21
16928 4047 8 8
10523 48522 3 21
48002 61590 61 14
57712 94562 -57 62
57030 41672 4 40
56604 31027 -30 72
87367 43665 -34 -37
42585 8190 71 -58
9731 1311 29 45
75476 83879 98 -60
92252 89787 22 20
2819 45362 66 -20
55991 27486 55 -31
92843 82949 93 51
3144 58321 20 87
62141 30779 -14 -98
71128 4944 82 54
15791 68564 -38 -39
49121 33632 61 78
19385 77650 67 -5
33227 78655 98 83
50440 53732 88 -59
44477 68599 -100 27
51753 92000 -19 78
90662 23752 74 80
9332 64637 5 37
44551 35342 -85 14
48485 87746 12 81
80945 78115 -18 98
34848 62593 9 99
10685 83420 -72 43
4937 75062 -43 89
77421 64882 -74 71
19422 24543 86 -36
64590 81826 54 32
98523 57005 -31 -99
51695 79426 -75 45
86189 53721 -36 -83
75935 13699 56 81
23012 16166 17 -7
7687 48502 58 -65
63974 7401 -97 40
21670 86371 29 90
5666 45719 -57 25
69984 14959 -5 -3
30534 5080 -94 -70
8073 57033 21 -84
86720 20125 -40 68
7732 88029 -89 49
