300 1000 10 30 100000
54152 36369 68 -33
62888 14670 44 19
54730 79321 -26 0
34535 53437 54 -49
58519 76146 80 -78
22479 22377 70 -14
35852 53800 -63 -67
83558 95490 -35 -4
20856 26406 87 31
71007 33899 -15 22
82020 32933 56 -24
92204 41876 83 67
93364 34980 79 6
91137 13529 74 -11
17629 12807 -47 -24
83652 52548 -30 -13
40284 20625 -78 84
71593 83695 5 -19
69375 74207 -64 -93
52268 36835 -44 54
21678 41539 -34 -98
51821 52954 -66 -61
45529 86343 -96 57
23173 26557 65 76
14178 13577 68 61
84851 44551 -15 -71
34705 26758 7 15
30405 72467 84 99
38954 19681 23 15
83725 31515 -97 -38
79530 75212 82 59
40096 95683 -22 33
55785 10198 80 -24
96898 25538 92 -54
88049 19506 14 -85
44147 89305 -76 75
82130 22120 25 -20
53716 59682 -1 60
58924 49441 -29 -41
94125 30075 -14 -29
63926 81087 -43 -70
13808 73246 -76 -44
41478 55628 73 -69
70315 87427 22 19
61776 67490 -33 26
79337 57267 -21 52
43335 40689 -16 -51
93996 28412 90 31
91826 6209 28 85
1439 39428 51 6
84660 12045 82 -54
63594 73408 -55 80
23740 10636 -57 -71
50504 38998 -13 19
72738 58646 -35 15
75955 50046 -31 -31
1142 92785 1 66
14693 33305 50 64
63817 9266 26 -86
18276 48340 -88 -37
63610 99960 -44 84
46197 40240 97 4
24 1698 -67 -70
26046 75894 22 -78
85207 98451 69 -57
69725 35760 77 -15
81210 94925 58 26
25393 31078 -38 46
3720 86052 47 48
38643 1761 -15 42
51462 79298 -96 -11
1322 31927 -25 -82
97838 33521 33 58
73577 22417 -73 19
49945 80038 3 63
89979 30204 63 -64
99854 38854 50 36
66216 57922 0 22
28752 21362 -99 -13
38370 69451 -32 65
66940 36143 -77 38
22770 29609 99 -38
51084 88619 28 -37
8619 27882 -53 40
77080 83567 80 -28
37873 18836 62 89
93204 96691 -6 -86
26700 74200 -59 -30
3039 97218 85 -99
26866 9104 68 -79
13788 46362 -57 -9
21449 54929 25 -58
37210 16960 68 20
78158 30230 47 15
29264 38533 68 -61
45351 86834 44 54
75742 19880 -78 -15
70364 12068 -91 91
47404 95583 52 0
87898 74840 -64 -99
21307 91446 61 53
43651 18761 31 -52
93901 26064 -75 -69
69811 34845 -21 42
60081 11026 3 -11
47571 34341 -65 78
26470 77455 -80 100
20140 20682 27 -84
80114 84948 5 41
56257 4686 31 -71
93664 88575 -26 15
4200 6390 -75 -45
70247 75710 53 29
8698 23367 51 37
72521 89257 97 -81
44093 34429 89 -98
74614 61534 -19 -60
13964 42996 -74 98
79268 98626 65 -86
21560 92563 89 38
36174 16170 100 6
61401 33953 83 -32
84604 81656 -63 -79
62177 36063 41 17
28749 83840 -4 -93
81690 48064 64 46
35147 60475 41 18
24902 79740 -26 -50
73798 68433 41 -74
13882 1709 -86 -56
95135 6478 90 -72
95646 8432 8 -8
75214 95483 73 -60
13319 5767 87 -77
54200 2985 14 -85
43412 80284 67 14
22493 98373 34 5
37131 25393 -100 -30
64090 51906 -74 -71
10065 78401 -66 61
24064 77103 -85 -40
32437 74734 -80 61
28717 54563 -19 -13
82911 145 -20 -77
95030 63061 88 30
64260 97547 -74 -84
10984 63850 8 -29
54442 2120 42 20
69537 73768 96 -7
76597 15517 -76 -71
2639 4565 -96 -12
92604 80352 -78 33
58154 62312 -100 -25
85653 98213 3 45
26496 69914 76 80
52899 91273 26 -39
22764 87356 -72 43
90444 91863 -24 -98
17009 84328 49 -65
75879 56457 -92 7
56254 35516 98 -28
93049 90545 87 -80
54855 56370 -42 91
18700 16210 -43 -70
84334 43595 -96 -84
15949 65073 -7 39
80493 95360 -60 -35
7797 74465 11 88
61444 25030 -42 -38
97071 98009 19 8
72218 69070 -44 22
41591 41113 -75 6
99135 34871 -28 -33
18592 46963 -58 -45
61655 9731 84 48
5798 60952 50 50
50473 60156 -60 48
76013 24001 -67 35
33181 36373 15 22
12744 65377 56 58
41985 42465 -18 -81
12947 42628 75 25
29211 59347 -7 19
81616 63566 90 92
30709 46163 -50 98
56462 95543 -98 -88
90971 93998 -100 48
27226 56303 -85 89
3298 57537 -3 56
7744 37700 70 33
19178 5803 26 8
90256 88837 -36 94
18904 95365 3 69
34539 4451 50 26
37799 8639 14 -73
15223 44476 -34 33
42566 13805 42 -81
46064 23571 -85 25
92553 43172 96 -5
24887 82909 -57 24
40261 88469 -88 82
81272 49523 24 61
43842 32726 -72 16
73656 31435 -20 -57
85378 65716 23 -15
73003 80183 95 39
11812 68734 44 -38
8475 95000 25 11
82159 53894 30 21
69164 59270 -20 -72
34153 21275 39 -89
73098 3203 -50 -77
59304 96924 26 -81
69503 5385 -96 66
15424 28966 80 33
41411 54555 -28 75
14431 31824 55 91
72559 42029 87 -68
32050 35954 16 -62
96970 77689 -73 -97
30249 67189 -60 32
89170 43049 -88 -86
70276 24545 -79 30
98812 42597 89 -50
90708 9359 38 -77
50133 88810 64 -96
49124 42452 -44 -16
21564 19754 -51 -30
14362 40406 -53 -42
3796 60673 30 24
64654 1907 -26 62
78773 23801 -92 61
56376 84080 25 24
25598 47 10 -85
94954 56856 -64 70
51982 75391 17 -39
22325 68244 -40 -39
72385 90667 54 5
62088 64571 70 -73
8383 14649 -20 -16
19110 36225 62 -4
90495 30102 -47 -6
66234 4400 -62 81
23063 82447 -27 -22
15022 72761 -45 -26
64377 47704 25 -26
62885 99663 51 40
84740 24378 85 44
71519 8854 20 75
73529 40753 51 33
33905 71312 -12 -26
34230 37350 -64 48
8670 61709 -20 -88
87681 8864 38 99
53970 41893 -3 -11
58444 23766 -28 -29
15455 24221 -18 -93
77917 82732 -21 -33
84340 367 63 63
78965 15921 13 -82
54707 95108 30 46
24792 35871 32 9
6074 99813 81 84
85381 29269 76 -89
15587 91905 49 43
79972 30175 46 79
75925 69982 -24 -59
18765 42259 65 45
11159 55067 -49 96
36652 12738 82 -16
16207 11255 -38 -59
92191 80541 -87 90
96531 67138 -80 -90
4154 89105 93 6
52421 58218 14 86
25786 4667 4 11
55990 99406 -63 17
23952 61595 99 -16
21377 19669 59 -44
63751 40640 41 57
18709 38412 90 -80
39875 97554 -32 -47
45850 32211 -72 -44
95985 75556 -66 -83
14167 27904 -91 4
35519 75348 61 70
33619 9927 -48 60
15833 68557 34 48
37786 2090 96 87
25070 91222 -64 -44
4707 86379 -16 -67
15624 61223 26 86
70180 2218 41 87
5260 33852 12 -30
59461 82999 44 29
87104 30388 -91 -68
87786 59835 -57 -52
18155 22027 -69 77
55669 62097 -48 1
4791 16680 48 48
