300 1000 10 30 100000
79124 79481 -4 18
10336 57541 100 45
18497 64522 85 61
91243 53602 -80 -94
79619 49714 44 98
52634 5818 76 -48
20807 79448 37 17
60903 307 13 22
73361 72636 -67 55
79186 51357 -100 -83
95290 91403 -51 33
23469 90397 -1 -7
34790 20783 51 -53
51145 30832 -28 -83
25363 67838 -12 -91
22159 21786 18 31
98568 54686 -27 -55
90278 7871 -42 -60
28427 60461 -78 27
21973 29095 -12 1
8185 27154 45 -36
58448 77878 -33 -78
13352 2105 -89 68
61669 21779 -23 -98
11038 97545 -85 -26
86107 56406 10 -84
59879 52625 0 37
15061 55246 19 -24
38070 94402 14 19
13020 57078 56 24
7777 93284 78 -51
28863 61581 -63 65
8729 98727 -12 77
45513 76071 -2 -49
73165 33212 14 -88
98827 90821 73 58
27226 75065 27 67
68578 90830 -80 -52
98243 17918 -71 -90
67421 45795 90 -41
67116 29333 -19 -74
91628 3293 -60 -26
80857 9291 63 48
24706 3734 75 -83
15788 52569 63 10
45180 88494 33 -20
46234 81082 -61 100
43700 47079 14 -50
56300 31151 23 -56
72447 23171 -87 13
67054 76303 20 -97
73734 49652 -20 -48
43333 14742 -27 4
34530 57175 -10 -43
25710 4825 -29 90
18917 72981 -83 -11
59905 18829 -18 -90
51619 54236 -39 -13
40504 68945 86 -49
20165 29173 -4 -28
35117 87428 19 -98
96712 84247 -14 85
6007 31590 -89 54
78297 43396 93 -64
28881 68502 33 -82
5787 86827 -43 -97
4813 29341 -16 78
22761 96122 34 -56
27956 57504 -12 4
77531 20801 -60 6
56196 45218 25 83
12600 77162 6 35
87888 9983 -75 7
22328 49221 31 88
38636 72271 85 20
10812 66167 -65 74
16844 13154 24 37
55869 4623 12 -66
55530 76530 -98 40
80110 26272 -33 87
80898 35992 -65 -64
87276 5549 11 -37
98222 73685 64 36
14743 84040 26 -58
88582 72239 46 -22
80289 79017 82 -70
70762 16051 -36 40
30980 20667 -20 66
33571 63071 -29 89
39641 37910 71 21
12761 53639 42 79
25398 84575 29 63
74953 39363 -92 -77
31029 71222 -76 -18
90081 55249 47 -27
66619 91958 -5 -92
81564 18160 -94 -82
79560 38016 78 40
93959 82097 6 83
72172 30183 -53 39
29771 26975 81 -73
88051 10398 -15 100
15359 37606 34 -44
22070 69553 79 66
33436 34047 -3 -24
97863 56852 55 -34
46685 86269 -37 6
62862 2709 -67 -18
80061 14988 58 26
19923 88662 54 -85
83109 96921 39 44
21975 73954 -78 -60
25016 34924 17 18
49107 38340 54 -41
96736 607 40 -21
61432 16990 7 46
74409 46078 2 -97
67229 82848 96 46
73740 58839 -55 -41
86434 93518 -6 -91
8341 50397 -26 -4
1884 28105 -63 93
29024 18221 -36 25
29759 38746 27 63
85921 57505 83 100
79129 49138 92 44
29382 73698 59 34
52956 83790 35 91
45743 20857 19 68
33064 24762 56 -99
40869 98465 -14 93
87243 20306 20 -76
24777 84041 -92 57
28288 50585 53 -34
95722 19360 61 36
34057 87547 -77 65
900 45043 90 80
94053 59136 24 81
33237 57120 5 4
77886 83322 -53 7
22824 53961 52 -39
23418 4095 -24 1
34394 92000 46 -85
11233 22158 -3 -83
9273 92299 -29 33
19174 60086 -61 -19
82735 41883 96 71
1516 8771 -19 66
53686 35094 13 -72
30528 64778 58 44
16150 7712 -100 -4
92431 22666 -99 71
8183 86457 89 73
71023 8578 -7 41
67966 10583 58 -84
73622 91688 86 57
24426 38656 -9 -36
36650 69899 71 88
2528 17407 68 14
7281 82196 63 37
12665 71074 14 45
11443 19356 -42 55
90514 41824 4 -78
37534 67511 -96 -34
5216 57887 -76 51
64403 22088 -27 31
23464 15217 -56 83
47066 52597 -38 -68
77061 23441 60 -19
27552 51384 17 -19
6590 57316 -33 48
15057 40397 -5 -11
81640 74311 -48 -78
53814 49765 -77 31
26645 68959 -17 3
4815 36641 26 46
64283 59745 29 -40
87740 28091 -56 -59
27730 84905 -89 20
4468 14024 99 17
12717 12325 44 34
10436 39224 -32 15
77996 12766 96 50
40101 81438 92 7
99128 97098 -10 -84
92093 77997 3 53
94562 45594 73 -89
14530 20629 -78 -48
61887 66760 47 35
29396 90502 50 -45
2600 23555 -48 -80
52922 80429 43 -75
61137 91505 71 20
32251 30665 -99 -19
41488 2379 10 -32
37180 70953 23 95
48889 52754 87 38
97881 78882 -93 19
59417 82800 -25 10
46742 57786 55 100
40542 78765 -25 -33
41447 31477 14 -8
25984 82893 -48 66
29486 42983 -58 9
24912 38656 84 43
54568 23724 47 -13
16993 17279 -52 29
76828 3223 -31 -9
15718 66447 -90 0
31161 4499 -77 -69
17703 71677 -77 -86
15754 65911 -40 -78
47797 80853 -26 -89
98582 80310 57 25
94695 81791 24 36
12592 96700 -59 -85
76561 42520 6 -46
67608 35831 30 -88
55880 58920 -41 81
90161 85416 88 -69
23387 62020 62 -62
83711 65633 -11 81
77248 24011 -11 -11
68780 81007 -38 -16
31295 86921 -47 -48
99524 98506 49 -60
85583 6127 21 61
15563 36807 57 -53
2628 49799 47 -69
14117 24973 -62 80
41734 40773 87 -5
41114 95175 -94 -7
69697 28067 7 -92
31737 14369 -61 -48
10821 44662 -94 -38
24753 1591 23 72
22098 66043 -55 34
2521 94336 13 26
49448 27459 -51 -6
24439 73493 76 -88
82384 88896 76 32
55163 42234 -76 -72
53282 34346 26 93
79634 85264 -79 95
95732 89244 88 -99
12840 1444 90 -14
54904 28673 -32 -36
49466 28852 64 86
256 97061 -96 -53
46421 60555 -72 35
52848 42073 11 -4
72649 92055 -20 90
53227 71879 -51 6
49219 12594 -65 81
79037 60036 -89 59
12059 41845 32 46
2880 18316 -33 -24
38263 18213 27 -26
67771 15767 -13 21
72348 60735 -16 -13
84817 20561 -42 -61
19489 18647 -49 68
28 10351 36 -67
9953 12748 -79 -100
81348 49545 78 87
89551 83287 89 33
3409 58660 -79 -23
13777 22918 53 -41
86341 54324 -75 -47
21097 28064 -58 9
1564 92858 -22 -35
69676 34356 -51 -47
68352 92531 28 -46
98825 60440 5 -54
7185 34661 -50 93
91287 8001 -50 57
22330 95392 -30 66
75136 14342 -87 -15
72934 95838 -88 -64
43358 84988 -44 78
9734 14495 10 -69
17788 70231 -97 -77
39744 17639 -87 -71
52003 82297 52 91
69499 24700 -80 36
68083 99669 -64 -32
55494 71982 10 -56
980 28037 -68 6
79424 51384 85 -74
26091 46550 -29 -17
91506 58949 86 -74
80018 58005 -59 -46
52600 56732 0 -97
24330 10558 43 30
62081 76091 -17 -46
76182 24935 70 -83
23253 7742 27 -83
96377 61867 -2 -92
50907 68605 43 58
51957 16181 -54 -36
