300 1000 10 30 100000
41330 78706 -37 -42
4339 52259 76 -1
23377 8128 -39 85
152 47564 88 65
61441 48626 34 78
44334 98696 48 91
81000 21209 47 90
62499 56259 89 -39
26982 67919 3 66
506 5498 24 -39
58097 16954 19 95
91769 7387 90 -68
49193 18175 -30 -98
47 47132 58 44
31080 85383 23 62
97730 32549 -22 85
8371 44881 -88 -4
22937 47781 18 -30
33984 79979 59 -56
12330 54619 2 26
94168 69836 75 -59
35748 48247 -13 37
64175 66960 85 -60
7150 64112 -59 -44
94998 17966 -95 -34
89032 98451 -29 79
39111 58469 39 -15
45218 42161 39 -7
20327 58861 -93 52
54745 37818 40 41
63168 70387 11 -31
47314 69031 25 -36
70547 37133 77 -48
93593 32515 31 39
85242 37490 -24 -16
37808 89202 -25 68
68382 15482 -100 -50
88336 83047 -51 19
25774 36528 67 -25
24632 91481 82 1
408 90333 21 88
39197 41340 31 -50
70729 20600 -84 -95
10919 98475 -2 65
22853 62770 85 -72
79385 49095 4 24
73639 70438 83 89
14872 46581 5 -61
6488 28298 30 37
97936 82836 13 32
3834 16274 -11 19
74650 9541 62 6
78879 8249 -48 45
51348 31887 -58 68
91403 72241 12 17
85177 63213 55 16
24310 90544 73 -78
56624 88770 -76 -6
1536 40525 90 -78
20503 25109 31 -61
21287 44212 -87 65
71122 77367 44 -76
96940 56015 19 6
91870 35257 -44 -27
19526 5774 -48 -96
70947 81704 -13 -75
5643 35797 -39 15
80446 84206 75 44
45761 86850 -95 -82
56182 30627 -45 91
77428 24587 3 79
21337 28126 2 -36
34600 37447 43 -63
40495 79403 -29 -92
85550 43716 -69 -45
40803 44924 7 54
12456 49586 76 23
88260 28804 54 19
46824 4222 -27 51
76035 6809 41 -66
70747 25462 10 21
58817 73088 -10 22
86078 57756 -30 -59
39665 12658 75 -97
69667 1886 50 -42
96186 101 4 73
43472 39492 27 -75
47117 5814 34 -18
87871 38461 -59 -50
36681 95051 48 90
41986 5996 -45 -7
59960 53626 -24 76
66215 36053 44 -85
88378 1494 93 61
4294 21634 73 -73
19769 13248 -65 -61
51210 15451 31 -52
85945 5996 93 -97
10354 69796 -48 10
41127 95249 -66 -6
10205 32887 23 98
18197 62101 75 -61
58835 30435 52 70
3493 80590 -5 98
25296 93314 99 -38
51750 21883 53 85
17129 4648 20 62
6286 46269 -64 -91
4977 44361 83 -88
29632 56271 -57 -64
95839 24191 83 -84
44743 72146 -52 -53
68813 21198 -44 14
56963 83151 -68 -70
10670 64128 16 -22
3054 9841 -81 53
77728 60817 96 -32
95050 21718 84 64
26909 30058 -24 90
2635 82449 17 12
98113 13101 11 27
37332 80169 -63 -15
16983 83943 73 -71
85563 92943 -31 63
49390 95484 16 -48
15785 15126 69 42
79148 77682 68 -3
78636 7044 97 67
21296 54181 50 0
43143 56265 13 21
37436 83767 59 17
77969 64977 -58 -17
52928 20759 -61 91
43463 28054 -63 19
16622 43276 99 35
26230 68721 -13 24
2958 62133 -8 12
55890 29230 39 -46
2210 50076 51 -60
77990 33759 -16 51
27200 9372 -20 41
30930 91562 61 88
98691 87314 -88 -96
69096 76175 33 64
15257 50643 -46 -33
8973 94105 9 72
75143 86080 41 -81
31459 8105 51 -51
52356 825 -87 40
25506 80632 33 14
19071 60844 90 -4
33560 40155 -33 -81
60037 64242 66 87
75721 37426 11 -58
69279 34672 32 -40
76995 62841 -33 -48
82434 96371 55 0
15209 20477 -76 -65
98766 81219 74 -51
30370 68234 19 -73
10271 21760 54 25
29680 34522 47 14
12368 3342 -97 -85
66297 13334 -80 -34
54916 42483 0 -3
51984 42152 10 52
60860 55763 17 9
92757 63109 56 -1
57799 94858 5 49
89339 46756 -15 -73
39893 41103 -82 21
98892 56740 -48 29
70528 78367 79 -34
90055 47326 35 -47
52911 93095 -39 10
51310 44195 59 -30
6987 2084 -34 72
2313 77908 69 13
85816 71249 32 -42
30374 56144 53 61
15222 48365 -65 -65
10057 8509 33 38
33992 24898 -77 88
42815 33031 -88 -90
58913 34228 -19 -47
12688 92873 77 -24
65300 22655 99 43
41251 27001 -44 51
77687 48714 -96 63
78895 77243 -44 -27
4819 81682 33 67
32554 7837 -4 68
15894 11844 -73 -87
16718 78000 32 -29
96342 98616 93 38
7030 11128 94 66
62764 2536 50 -55
91820 67276 -22 -52
67964 6243 -79 0
57548 51164 -51 -16
27966 84520 53 12
23024 20482 53 91
69085 48190 -38 -30
62237 57119 24 -24
81490 29094 2 66
24456 22662 -39 -26
48983 98769 81 71
67906 64207 80 6
9463 67993 62 -74
93004 97987 92 -47
64761 98123 79 -44
94854 26235 -66 -22
26299 49671 -92 73
44571 42379 -34 -47
4139 96575 85 -45
27439 63246 -49 -67
91852 38238 -40 19
49329 51572 78 40
87908 17769 37 -56
95107 76972 -64 44
8041 26040 -71 86
1041 85614 -2 76
87907 42291 41 0
14208 90447 53 -53
54339 80065 -24 82
30257 73005 -10 66
23177 69093 85 22
1378 50219 -14 58
90 15711 -15 -23
41058 49633 -54 -62
95715 97303 -31 5
35814 99402 8 43
72537 14078 -65 -33
32833 46538 72 78
93294 57977 44 87
89784 80623 76 42
32255 56417 38 -71
67053 81951 -18 -75
97507 71108 -28 -66
66321 32672 -32 -50
62316 30173 72 34
42507 81873 -18 52
19944 13074 -1 46
48623 756 52 37
24177 80793 -50 -58
47166 68730 25 31
41989 92028 27 -99
14694 11422 -23 -54
9884 96213 -50 -3
12342 46158 19 72
10266 87600 -21 38
70962 34287 -42 -79
57403 86813 -74 -19
65146 74908 20 -11
75864 87101 43 -31
82587 41081 -43 96
61857 12879 78 68
61761 93518 -88 -34
54818 7820 -61 -14
88553 47479 66 -31
59613 8091 -86 -34
76507 87304 1 41
33089 61693 23 -13
47921 34555 92 -72
84139 38410 40 -12
49179 6318 -95 99
76328 35491 1 -49
30760 82739 50 -40
30156 66090 65 25
55085 81029 -50 1
32737 67939 -43 66
80647 86537 0 89
79185 12195 -56 98
67332 52936 -21 -60
69264 62117 29 -87
89931 91979 57 -56
89559 67012 9 -1
45607 76985 51 -33
94079 88716 7 68
98411 73119 -11 -6
37544 51610 12 69
55603 42445 -22 -92
73616 81329 76 -32
78576 37636 -12 11
3701 13353 -24 -20
7606 7785 40 9
93572 17852 62 -39
14257 7721 44 -100
79618 73461 -53 14
79390 55679 -70 -22
78582 88906 85 -14
2795 1282 -45 -37
57971 13878 -77 7
15707 59869 -98 34
60303 1772 76 7
83767 10842 -56 53
83657 78375 50 93
7461 56455 -77 -93
9310 22152 11 48
45644 96847 13 -60
