300 1000 10 30 100000
31053 65652 32 80
45780 54572 -4 43
41675 20577 -1 -74
35793 15438 -79 -6
78288 68196 1 98
45974 35535 -93 -70
97232 42967 66 8
77812 80566 -60 -24
70415 27674 72 -8
61462 71714 96 -62
71834 71189 10 58
43376 48232 59 31
36275 60852 -21 -95
56028 78373 24 83
29591 54518 1 -64
24781 44987 -13 -68
89328 16424 60 11
15959 10221 62 57
49346 77271 -31 47
35869 56921 26 -39
5901 37359 -55 -35
21664 23497 -46 -97
32954 66894 -28 -60
25946 71908 -6 96
52547 1346 -99 -57
3331 19213 19 -14
95069 45372 -7 -73
10598 95134 -41 -67
81381 1569 -83 29
67971 30166 -11 -9
34921 55369 41 -1
12626 74292 64 -23
8147 11390 12 -91
64249 62729 -56 33
93333 34406 34 -24
86427 28751 -48 32
35718 11824 61 88
35097 48266 11 100
92382 72733 -17 85
56886 86548 -53 -88
12714 41530 93 39
65442 22211 -47 -34
86359 28101 42 48
34171 51878 60 -47
33154 88244 -59 14
73381 37098 51 -63
78535 81975 -1 -14
54644 6619 40 -4
51367 14352 62 18
24888 83711 -4 56
3047 13379 48 -30
21940 6116 -58 90
2498 47003 -13 86
35866 76324 7 -18
65794 52685 -85 -41
65499 24458 76 14
84888 30217 1 -91
28619 82506 11 85
41721 70627 53 -99
65435 7450 47 98
45831 26492 1 31
10658 70093 44 -90
24631 97976 78 -74
12765 69620 30 -38
14065 19790 49 27
69090 44167 61 66
51405 9951 95 63
38751 94402 7 77
25322 86241 -99 71
8174 48963 -18 -15
59044 75231 -30 37
46408 56646 43 11
86598 69607 79 46
66249 30723 -77 30
58854 58348 39 -47
98718 55827 97 -93
96015 53071 65 -32
154 23244 -71 -79
78932 11033 93 -86
93029 58460 -3 -23
20504 40987 -82 -54
91762 58556 -49 65
11166 93762 22 0
78816 90334 -93 -54
64797 15820 -34 -29
10275 73628 85 88
8880 54385 -31 4
837 87261 60 87
97937 6318 -27 -98
58433 64415 58 61
54172 58417 30 -41
67634 29360 86 -21
88536 41399 93 14
96978 26312 -86 -49
62838 1580 -50 65
2560 86206 -80 55
64885 12164 43 -86
99780 61790 -35 -2
58525 24437 -1 76
96290 20020 15 -37
88383 17975 -84 14
16291 53231 32 -30
67741 83035 -75 -3
65643 31969 -72 -50
85187 40275 58 28
56902 66177 -8 -10
2674 92210 -68 -62
96613 76287 24 8
59279 28217 -87 3
15232 10452 -21 -47
34639 42134 -9 -36
3527 99050 -7 50
95813 28948 -13 19
88233 65699 -48 -94
42212 61317 -81 73
59799 6207 -95 2
70668 51850 -14 -7
94489 47952 40 24
74076 50917 -42 -69
13640 54776 71 -14
35871 43160 46 -80
93529 70983 -28 -72
56669 99759 -94 7
12722 4990 -99 -89
39839 84197 39 48
99552 65632 -87 -17
61785 64948 19 -64
57925 31289 54 -96
89668 74622 -1 0
85043 42274 0 26
81573 80202 -77 98
17050 42204 -15 -5
86562 73835 23 93
54846 4646 -83 -60
40246 95779 -67 -81
88527 1165 -89 93
53478 56320 -11 61
13099 97992 69 29
16532 46544 -85 5
29467 88099 -72 -78
64075 45119 -41 41
25101 75547 -11 -72
43737 28184 60 -72
14339 35134 -46 -13
5576 8594 -80 -93
82515 89875 -90 -15
32210 66520 49 42
27186 32389 -84 7
99655 55930 -59 65
4820 73174 -57 -72
55486 74458 9 18
41114 86668 41 84
34929 9098 -83 -80
75857 92796 68 61
32277 57829 46 87
33718 1210 -83 82
93722 89046 -89 -9
88313 22432 73 77
35866 53508 58 87
51559 8192 20 -39
20148 8690 -64 67
34318 72433 96 -2
96334 89195 -2 -98
80373 83807 41 -31
57506 14815 -27 64
8662 98276 31 -88
72849 3009 -18 -98
64376 51160 25 -66
98103 80019 31 24
61279 20861 3 3
74115 88841 -21 56
69618 22003 -49 -15
25202 83905 24 48
57227 2063 -39 -7
70446 67932 -16 -60
66771 33228 -46 67
54197 52259 -45 -93
32647 74562 -7 51
9355 44172 96 -63
29902 60170 4 58
93444 72978 -72 -31
89363 63178 -28 68
62139 81735 -19 -15
47040 57496 24 83
76207 40081 26 97
54645 17902 87 -90
8640 92198 -40 -64
29274 68989 -69 81
30930 54117 9 -91
75150 48352 -100 -96
77550 29836 -21 -5
83753 91191 -93 -98
10068 5777 31 46
72617 92999 -92 8
37422 18486 46 22
32316 80804 45 -71
76183 22101 69 -28
1610 27136 46 -43
41353 95361 18 99
46414 2816 1 21
4887 4415 22 -88
59916 66715 42 -54
72255 15261 15 -28
90660 81621 64 42
76180 71011 -81 38
67855 44132 81 88
88015 68368 -31 -69
43049 39229 73 -72
56842 35471 72 -11
3948 22369 82 45
77967 29839 19 -19
79907 49564 -2 4
26813 70057 -47 86
19791 6942 -8 -33
42584 73605 57 -54
52621 49826 -33 -46
73691 17812 -43 59
61997 95418 17 7
60353 34758 83 -44
33288 77999 32 31
53085 68411 61 15
68196 7063 58 73
90229 20922 78 -57
84996 3259 46 -6
47501 39066 -45 -32
30392 13687 74 -17
52821 31896 93 -12
487 36783 34 85
14807 25750 -63 -38
37675 62062 99 -22
61644 9173 -44 61
83331 28781 97 -49
75459 97332 86 -12
23138 29614 41 94
94206 62278 1 -84
50609 62163 -22 -37
48481 82757 -37 4
22252 87439 28 77
67922 49325 -61 -47
12364 41847 75 54
86388 60095 -15 57
86887 99807 -45 66
77481 21037 16 53
62155 89522 3 85
20954 84309 -26 -34
15026 62155 -81 23
56592 69980 -96 -3
18163 38193 -19 -86
87329 59244 62 53
75633 77313 15 95
96022 61864 -69 -93
67832 62515 -86 73
9981 13494 35 -32
30425 49412 -84 94
97480 62601 32 -93
71166 77907 -36 12
65285 94709 14 62
47229 35544 82 -24
41754 43070 74 -88
28942 35857 62 85
417 41346 76 -68
77961 12716 74 -10
14311 18325 8 100
44443 58325 37 -22
73067 17003 83 -60
65696 20646 43 45
43922 47815 84 59
83101 74178 -65 -30
8300 90904 70 -57
70202 52726 -63 15
59907 58610 0 94
89632 11755 -40 -54
83034 35498 -31 30
769 84040 44 -74
30797 56979 67 -32
34783 21022 56 -96
59084 51711 -19 23
75365 7676 -9 97
41764 9317 -98 5
53458 11356 17 -39
69862 48314 22 91
74076 79512 29 65
91668 1622 69 63
14857 20398 -24 -36
29151 80794 -57 -65
87543 59387 1 61
19624 57971 -83 -4
74599 81627 -75 18
86455 26027 -57 19
69062 1713 73 99
13669 13066 94 9
468 56395 5 -42
8157 47995 -70 1
3668 4670 -98 -68
54780 65529 28 -54
15536 15080 82 9
70475 1513 34 11
85000 25249 -1 89
458 10890 -79 -56
51717 25049 -38 49
