300 1000 10 30 100000
59892 32718 77 -29
37730 28892 -32 -13
28717 27377 57 9
2741 1917 -25 -82
54240 11486 40 -83
14898 53306 62 -24
87040 43269 -36 31
16803 90086 55 45
83639 33412 80 91
81510 44319 -85 40
69564 51233 -13 42
27212 47622 3 -16
10727 25884 79 -24
91504 400 38 -38
17334 99207 92 32
95113 91144 76 62
93944 19858 -67 -64
4382 38498 59 37
62356 71691 88 -68
35994 65724 -42 -17
88931 1555 -23 34
71415 30596 45 -100
274 19483 -31 74
7980 63649 -57 48
71303 2386 92 82
69522 24212 28 76
7816 70098 -46 -46
57739 52831 -93 -89
25972 90505 0 -15
44085 10791 72 18
76428 45691 39 -82
1802 50429 28 -57
32681 83618 -72 -48
49389 26572 95 98
83007 83707 8 76
83923 13601 21 61
74158 43033 -13 61
7113 49597 95 29
47993 63353 -7 37
72578 81218 -14 -76
94361 11095 -37 -16
20314 90689 -80 -77
75706 98961 69 -84
57344 50940 -40 81
9999 68454 94 34
2923 61035 -64 -51
6128 93613 -8 -39
89657 75791 -95 73
10045 43006 50 -42
63570 41614 -70 63
38144 45326 -19 -74
6443 69768 -58 2
3502 26365 -89 33
64851 40669 -23 -57
67231 43891 23 24
38857 9646 -91 -68
91765 63898 12 50
81992 3259 -1 86
10175 4243 -80 32
71239 96830 -81 36
25506 72150 96 79
80482 93159 -85 -11
27326 50708 38 -91
56960 86179 -97 -81
74206 79676 -14 98
88921 96858 4 36
32335 56868 59 78
19272 31878 -79 8
87715 48205 -56 41
28924 49395 -65 16
52186 40591 48 50
69245 89204 33 -55
49811 52401 76 48
73415 81241 3 -93
55550 58103 32 -63
19624 96336 96 37
27259 62818 -82 59
10976 49924 -99 22
69632 7735 -24 50
20891 9527 47 -29
2284 5336 -94 -5
88769 85789 62 -62
52696 87073 -13 41
41814 73242 -1 -27
58847 8206 -49 41
22395 80580 -34 -23
79179 14002 -4 -14
95310 20127 68 -14
46883 25800 -9 24
68069 914 13 100
47365 74521 -17 -58
93383 85984 -73 77
38540 16725 41 36
75082 91468 80 25
8924 57991 97 -10
25877 43793 -14 9
55209 18111 88 91
29685 83715 2 -96
29670 22141 -69 -71
9954 22479 -98 -53
77057 60165 -6 17
34619 34597 -87 99
70565 70283 -95 -36
51771 84448 -28 0
67071 63177 -4 -52
49181 45688 64 -80
59860 59219 -86 65
62257 34313 -8 -47
26192 93185 74 15
22890 96265 90 -70
63087 87808 53 74
80154 40870 -4 28
30777 11294 49 -7
85047 25151 -83 -16
65111 27916 -61 36
3671 75969 86 100
48287 15696 -7 -84
9424 51660 93 -83
99027 24747 96 56
52227 70456 -94 -78
1652 17488 2 22
72182 43680 21 -37
4445 78616 97 -76
96018 64444 80 95
36405 58242 -10 39
99519 13894 -62 -40
46618 97443 -66 45
80031 83542 -49 94
90355 48752 43 -6
16101 70112 58 10
3098 22482 -68 -83
43573 91083 58 13
12623 37996 -32 -63
20773 38248 41 -95
27176 22327 -80 16
26344 75044 -33 -3
19456 39171 -18 -24
65209 87217 -61 25
74905 65304 -17 14
53873 27678 -89 -78
89593 79074 -92 -70
74574 92252 -85 -68
19846 61346 -31 81
57323 85754 2 64
1509 64721 83 -95
4608 93377 65 -53
531 2988 -20 -87
76933 60057 -77 91
46313 51978 -93 -64
26664 81495 32 63
23311 67557 35 7
56762 94467 -62 17
83447 81194 -51 10
28652 34015 7 26
22084 68842 -75 62
78773 53058 -95 26
7426 67166 -61 -67
12502 78839 57 47
6284 48124 -56 -91
86163 9713 16 -38
55324 38026 -85 -6
77397 32169 76 79
73610 90079 22 -87
30405 51054 -19 32
83269 26155 7 50
63426 74504 11 69
99770 7449 -47 -69
27489 41647 52 -79
32731 44024 -26 -80
91820 87884 23 -79
30856 96932 -1 -2
4495 36770 8 65
24210 66424 -51 73
67832 23828 11 -33
70278 74551 -78 -22
84551 78383 41 -7
44160 37195 65 -32
11292 70135 -68 4
17889 88972 -11 -67
87255 77902 45 -13
79487 52431 45 77
56638 12156 -9 -73
79286 6970 45 -49
67138 99909 95 -15
29654 21662 -18 84
21694 37731 92 1
54071 74621 -44 13
48734 64573 -18 -75
46764 73696 -95 -71
35992 43368 -84 100
29177 17946 19 25
65030 45925 14 -30
25780 153 5 -19
56687 29799 88 78
80017 53688 -8 -15
89540 83931 -60 13
26072 53349 72 85
11630 65569 -24 76
97016 53928 -85 -78
27607 75589 47 -25
67754 65318 68 81
63770 99969 -41 99
41062 50057 25 -24
2143 18439 73 -28
49522 44309 94 -25
48149 13511 77 -2
8355 62317 -30 23
96043 95185 -20 64
82621 99976 90 84
76988 22903 23 28
36121 23380 -90 70
13178 6072 -4 -33
10547 44896 83 78
93638 75800 46 60
57403 210 19 -45
81376 2613 3 23
31787 94480 60 10
9310 9720 81 -98
81302 60852 3 68
25800 37145 92 39
35454 35957 -76 -69
21132 42701 21 -81
91168 78631 91 -6
62748 66132 57 -10
61735 93925 -44 -60
92689 90922 29 -69
54197 67683 -76 5
36116 96982 -28 -81
18788 57660 -72 -64
65671 10999 26 -36
3664 97930 -100 -63
48185 29403 -24 81
39127 25907 -47 3
47956 60291 -32 -79
44296 51894 -11 97
95488 8750 25 77
90204 12829 71 -71
31056 29614 -37 31
63246 12189 79 28
49649 35552 -30 -36
83534 65725 -93 48
92862 79501 -97 13
62517 19217 58 39
25462 39966 -21 -75
40927 22990 99 -35
9919 36644 88 -96
38084 93104 99 30
96336 34034 76 99
6953 61750 -58 89
84112 24391 -59 -51
45946 87472 -79 -68
18529 38808 -93 41
73801 62299 -94 -76
19451 77875 63 52
23471 96439 31 16
1406 43248 -13 -75
9327 71200 39 -33
65286 88184 -34 13
11336 11573 15 -53
14785 19256 68 -34
2849 32958 90 -63
26478 97729 -68 -71
84818 19413 72 40
54130 80728 -87 91
5695 72211 28 -18
96291 89757 -8 -63
99466 58004 34 32
99685 63835 -72 5
14741 35920 -6 65
1001 71702 81 -81
65971 48816 76 -85
4574 83382 53 0
79117 33948 39 -5
83822 73600 -35 -68
20506 99283 77 -65
76462 64148 18 -8
86439 1650 80 -16
90808 91955 89 -28
50976 32498 33 -99
48297 96401 39 -74
21361 15169 23 49
73159 2350 58 55
15820 51992 70 -45
39072 34813 -27 -71
74080 71954 -13 38
23850 68766 19 -5
90674 17965 -47 -41
34880 62441 53 -37
74337 54225 -35 71
13480 99791 4 -78
22435 69975 -93 -58
73501 51486 96 58
1504 33232 -57 90
39982 66183 50 61
36868 28829 -60 67
15199 23844 -32 -99
61134 95337 -30 -41
18133 14016 -24 -43
81837 42905 -64 81
89690 75956 -44 18
