300 1000 10 30 100000
2468 70171 15 74
66979 94925 13 -79
15961 22096 72 -50
44928 70001 88 55
60555 57220 -98 40
21764 61215 -6 93
30492 22227 73 93
91462 38395 -15 -15
70415 11089 -42 41
75811 67160 -80 -6
42479 13934 -96 -59
92743 38681 -68 -55
92974 10874 58 -88
21004 56363 -47 62
70558 75130 -87 -21
40376 9690 -99 -9
11379 597 -84 -14
95474 15031 11 94
4495 6993 -53 61
78300 84425 52 33
33369 76777 45 -41
53416 71945 -98 -63
67332 60653 15 51
7057 3094 43 4
57957 15230 30 86
70495 87397 44 19
9850 16920 -64 -84
14180 56371 -11 -75
41604 26014 49 -30
46188 32691 -26 8
81740 77228 96 -6
13553 44830 -85 -22
47105 87825 4 -96
27050 98460 -33 -24
53316 51775 -61 40
16842 51173 -62 41
90942 81837 -30 -41
52127 43629 -52 75
3439 67441 37 30
85446 48330 -9 17
84042 26204 76 20
86876 1680 -94 37
1814 51798 93 64
18374 24650 -2 14
2571 62082 -62 22
1670 5748 -68 82
52355 3581 78 -88
95947 73786 -90 15
84533 92543 28 -81
81243 8165 -40 98
35926 29898 -41 29
14287 99786 15 -47
84550 32562 -42 -84
15552 73156 -78 42
9661 472 4 83
6591 70880 33 20
43268 85897 97 -15
16499 86455 78 -91
20871 11839 0 -4
72841 17093 -63 -34
4111 43559 -9 -50
10075 88027 9 -100
17879 63786 46 77
99178 26407 -55 18
61149 72295 91 -18
44629 60975 67 -18
90904 68630 -82 -23
66308 75878 55 0
3286 44025 9 -25
71687 2276 -39 43
50629 77790 14 36
98401 83579 -97 -45
17163 13516 55 53
53582 81342 32 -53
94562 26678 -15 99
68051 97031 -35 -61
55747 4867 34 57
37496 17326 14 2
45410 54086 71 78
46869 40772 -25 38
94320 40871 0 -9
67703 36582 60 46
28357 81805 90 93
89914 27589 -49 -37
10889 35382 89 80
1981 902 34 -60
88808 50743 91 48
45495 31606 -34 -12
25454 85425 85 -75
86459 49183 -34 31
73814 31503 64 -6
63559 80311 35 -42
28108 78939 9 65
59647 29820 34 -67
9976 1706 -44 100
41023 43218 5 96
73854 9507 -41 -48
64340 14422 -77 11
78588 92639 2 -81
70064 19375 99 -54
74318 97925 -47 36
32736 68802 59 80
29119 64440 -45 -46
3112 72689 -97 -96
52814 97491 73 42
65117 26572 64 62
25057 9211 92 -83
19276 18564 -33 17
37150 19628 20 -75
51235 40822 -82 65
61200 22262 39 52
61342 96821 -94 39
32338 37639 -67 94
12968 14140 -61 -21
99906 14543 24 79
24076 30190 76 -49
67816 33228 -75 -21
98707 18105 13 -89
38535 9584 -26 -60
24362 59775 88 -8
19545 422 78 9
80763 75476 40 -5
61780 52303 -38 90
71347 30820 31 31
44281 54940 86 -69
14942 20640 -97 -51
18050 59552 -3 62
52703 61114 -58 41
98356 64766 -88 44
84546 28690 -75 84
37682 84372 2 48
83520 15186 57 -58
39902 26644 51 82
9018 52286 -39 -60
37476 18717 -51 5
29227 62848 -13 31
62697 31129 32 -37
52265 40171 82 -41
23685 7715 41 96
85682 1923 -66 76
8771 33202 72 25
88660 72695 -96 -18
85015 12908 -24 -81
73288 14611 9 15
33481 47224 1 53
48751 83702 8 24
84394 60325 79 19
47029 30743 61 32
7847 36881 54 -32
76438 85615 49 0
87806 26492 75 63
15936 20784 13 77
72393 93257 77 -13
29914 43812 -19 24
57785 7193 43 29
58851 64042 76 -31
49678 99374 -89 88
42174 56352 73 75
64837 79050 -61 -17
46780 55884 77 -15
97038 88959 45 -14
82393 44863 92 -18
33164 80584 11 43
52349 39693 -84 -54
39283 85320 83 24
7276 326 91 65
29060 95483 87 5
40177 21622 57 -51
9527 11336 49 66
8477 732 47 -23
68721 77485 24 -20
69402 91868 62 -66
37453 79588 77 41
33558 76556 74 27
63705 30644 -55 32
10867 26750 -66 73
37849 79799 3 10
80447 69877 97 -85
73012 59460 24 -18
36777 44475 37 68
31133 31568 59 -62
48632 68546 -35 -42
62120 14875 98 9
44605 32664 22 8
23843 55159 -37 41
77144 81615 90 9
56244 50089 -13 -27
27558 76263 -69 -4
94598 8810 22 87
15553 21144 -2 -24
67807 41411 -25 -19
4624 52667 89 41
4482 16899 85 50
37796 16836 -89 -72
41281 37869 -47 -81
88895 74019 87 39
36417 77266 -66 13
79017 20702 -28 57
90000 66776 72 -74
19464 45021 77 37
82198 62181 70 -10
37928 25464 50 30
68507 20256 29 -61
94813 88946 -86 81
82590 37148 57 19
39126 10396 67 -5
99207 72325 10 46
59417 25704 97 36
91866 13172 29 -83
5033 46352 59 -96
40757 89429 -82 -47
13362 77309 45 31
80317 36434 -48 -23
24550 49491 54 64
76258 91354 66 -36
86134 22335 -74 -47
63652 18287 59 -23
37577 76283 -77 -80
10584 73475 -12 -82
59837 78678 97 -90
9144 95960 -17 -28
30943 91600 -3 -23
40712 96029 65 22
68373 57150 21 38
54785 70270 97 -83
80886 71332 7 -58
81351 77078 -43 91
16010 76274 33 0
60566 38030 39 -32
71176 85386 -11 -6
16200 26936 -23 38
29500 21648 3 -13
23591 76197 54 96
24668 11698 76 72
72343 42869 24 -28
99671 33747 -97 -35
39237 17392 35 -55
59232 25146 -4 -24
12264 89993 67 -100
99576 81261 54 54
41274 31387 -82 90
89333 37547 -33 39
34167 64135 35 -45
12938 64680 -4 59
71706 81552 -33 -9
17814 87082 -100 21
63676 27395 57 -97
64956 90466 -62 -17
11542 58853 47 -83
26523 72554 -83 25
25038 19908 -85 77
7385 88992 16 -41
67264 51102 -71 16
35582 52809 70 -25
65918 17363 -13 -5
67025 95040 -73 77
20850 70080 -88 -49
6266 79972 57 11
74778 22398 26 84
54150 37384 38 -62
70934 33311 -52 42
64102 48932 37 72
70819 54741 -79 94
49409 72346 22 77
21452 86349 78 -31
80681 57287 -87 -92
14104 56358 -50 42
7314 66677 95 -65
57555 27941 94 100
62887 71770 -77 -40
87748 90330 -18 -57
45286 21041 84 -15
19588 90018 42 11
52313 8866 -59 -40
5218 2370 -4 68
22543 13970 31 -83
50064 34141 35 -31
7893 7532 21 22
44114 67529 12 26
38663 32088 -1 45
17254 60770 -65 -23
49525 78399 96 -41
52931 35035 22 86
64035 30032 -7 53
3797 55910 35 -30
21246 53071 84 87
95356 82473 13 -60
88838 22116 97 4
68650 95010 57 59
61858 64592 -64 -64
91776 13750 -5 10
85481 98933 98 -41
16204 31383 51 64
17516 64864 -92 88
26934 55966 74 -7
86936 81663 -1 -73
37609 71064 -95 -20
26658 7334 35 92
50214 54764 -66 -40
74349 34600 9 63
