300 1000 10 30 100000
54956 99436 88 93
62565 28756 16 -59
14651 68292 -1 11
46691 96235 58 -77
25719 78656 -81 50
68212 95895 25 -72
20348 71712 16 -2
61740 46759 71 -92
46559 97083 1 -7
23557 5079 -71 25
22931 40773 -47 90
19384 68510 -59 -35
10122 98678 62 77
50895 6807 59 -29
23262 22888 -39 39
83720 11221 -98 -41
67644 14549 43 -17
59586 35529 -6 27
29318 33383 -98 -47
53704 48207 40 -35
48235 13812 -35 -10
66048 47412 -9 89
63474 66549 -72 67
31281 8998 62 -47
56414 95303 -58 -18
1266 48499 46 14
65706 27778 20 -78
64681 97144 -27 -49
64520 75747 -10 -48
9472 58493 25 59
33496 46113 -55 58
48669 1395 -4 10
51853 99629 -39 28
36750 18096 44 15
48796 60727 -18 60
89966 36120 -34 -74
57518 75733 48 -49
22971 5521 5 -83
71929 4497 -42 6
69224 47909 83 -26
17963 72405 71 -98
1974 28845 58 -25
55746 87990 -70 22
96779 66452 -20 -41
61493 34315 -20 -84
24340 42760 -60 -1
34912 9448 21 87
86376 41287 2 -83
8739 2225 -82 -25
73942 19264 7 95
15496 35868 36 20
70454 75199 -25 -39
75581 76082 32 63
68351 8546 83 59
76438 53670 55 -98
62218 18729 -7 72
21165 3849 -44 -36
77226 91754 -64 46
91314 39158 -21 -35
8613 3834 -27 -16
75090 86670 59 46
68627 25227 -97 64
68756 14713 -63 33
83468 20891 -1 6
44545 66871 -98 89
33620 68628 -4 -32
97065 31011 -70 71
32267 30359 -29 -32
52533 70547 -27 -67
10638 71994 -82 -62
32269 3953 67 8
18172 84787 14 -15
97313 29348 51 -5
98908 71485 -86 91
78732 60775 -62 50
41422 67628 -88 4
50470 94405 -1 9
91475 2673 81 -73
76779 75229 11 -27
89908 16786 -22 -27
254 14904 -59 7
98855 24768 -2 -63
36394 97970 -27 -79
41338 98289 -13 -58
77507 65222 18 -37
57950 54669 78 75
51237 19466 -80 -53
6770 57379 -22 22
10178 14479 -20 -31
37509 3639 33 -27
88542 98886 -75 -74
96612 59206 -22 78
90915 90945 -73 -41
26462 93472 29 27
78570 88924 -38 -97
68239 34223 62 71
21299 39636 15 -25
85350 30790 78 -49
93059 78713 -84 -75
91286 5237 90 -2
4697 17308 -1 -25
74292 14916 33 98
16616 41635 -15 75
11676 73577 -25 46
49109 16350 22 54
27454 85182 -13 78
17455 98779 90 -47
52950 2412 80 -5
30161 29053 -14 -84
2520 65629 58 -61
75670 75840 81 -88
30055 70795 -97 84
37097 79023 80 -39
39943 45183 -43 80
92213 64684 -54 72
36550 59384 -52 94
78692 96035 4 36
65846 15155 50 -53
43309 38749 -41 85
26964 41506 66 -5
36786 66269 17 -71
49726 9016 92 23
42026 29925 -37 20
13191 97892 -65 -4
7792 14240 -54 -12
64655 99173 68 -70
52325 6006 90 -46
30160 90641 51 -13
46718 49879 -93 1
29690 71166 -31 -32
34594 58764 2 84
2525 18534 70 -67
90304 43152 99 -9
85835 99572 -5 -98
81489 91358 -73 -1
88854 43333 -48 55
31593 74810 -84 -76
69 92253 -11 85
69724 79312 -36 -46
71178 35752 19 -41
3316 25985 79 -39
64297 97284 98 63
53769 43519 13 17
59539 10224 79 61
52428 9890 -15 19
24244 97985 -19 -58
30569 39425 29 21
61355 73412 67 -45
27340 10787 -52 76
39873 94370 42 -80
67667 18035 -77 -74
48262 39548 15 59
26768 1455 82 -86
28986 77066 -44 31
98983 55747 57 -43
2229 52285 -94 -100
99891 15536 27 84
94169 84326 55 45
73235 87330 -69 8
15706 61669 7 -68
95898 26147 90 -75
3233 59436 -15 18
85288 69755 -95 41
26238 22958 -35 -53
64677 26339 0 56
9229 5067 84 -30
41230 91682 50 25
14073 45456 12 -93
53994 23786 -42 7
23245 10667 31 98
73056 36189 93 -12
37026 57644 24 -28
98710 91150 -38 -9
38557 22660 92 -92
93998 97397 -48 -76
65424 36802 -34 -54
30833 36937 95 -24
49961 30465 -68 -64
54153 52140 -53 -62
14928 58476 2 -26
75715 59947 39 -48
13572 38585 -8 51
59289 81139 36 -85
84321 26399 83 -71
24600 28948 45 -53
39094 52872 76 4
28075 16764 -94 24
78817 26064 -43 -95
3602 52656 97 59
47358 40815 -84 79
93258 43073 -26 -65
90311 1222 69 -92
15486 52995 -35 39
86834 65265 -81 -51
41866 82718 5 -34
84073 53740 62 82
19961 21622 72 -82
5409 9495 84 -44
57307 72807 -9 -1
29734 34401 -92 43
52719 71732 -69 -67
26436 62486 -35 -73
71618 96895 84 -89
91234 72653 -71 24
13797 45291 40 92
16282 77531 8 -99
2825 64186 8 39
4598 14004 91 46
6219 19107 63 -36
88663 20009 98 72
46590 96297 60 -30
60548 37259 32 -3
63424 69933 41 28
82096 79158 -55 55
87019 12205 -71 15
5351 69192 61 97
89883 83765 -32 -79
4832 66760 70 -100
45018 36042 31 76
88101 81810 69 -61
28669 85690 53 -67
59661 40416 -77 -36
17846 21098 -6 -8
13227 62348 -98 76
47827 11176 38 -27
43621 77364 -84 10
4719 12658 -34 52
36271 36898 57 -87
19721 73176 -93 10
72144 54563 -71 -62
63203 65927 -70 40
21927 63473 -78 40
69223 30164 -68 -93
55919 85132 75 57
77556 4907 -47 53
53028 29762 68 -44
61144 52236 -91 45
85664 60493 94 18
1583 20486 -29 -65
85636 91665 -70 59
6637 14858 61 19
96265 36269 3 11
99422 91304 8 38
80921 90306 3 -61
30807 23283 -98 -19
42339 92491 80 -91
45168 51474 10 45
74493 26739 -86 17
79853 16178 75 -21
32912 58044 5 -98
16863 43877 14 -78
44155 78048 79 -32
66237 89387 -80 -33
63986 513 -10 3
29695 62882 5 5
3477 62901 -98 -18
59387 7480 97 15
86165 50865 -90 94
45140 97211 -74 36
26704 14053 23 -24
57029 1260 -44 12
64930 41661 -30 18
40631 91466 -24 60
7032 68701 80 -35
38396 28223 59 -99
48237 46392 -10 41
88787 57979 79 81
42808 68724 20 -74
98010 99650 65 -45
73313 51044 98 -68
91590 19898 -49 -27
54827 6166 -65 -10
14920 2196 83 99
82878 95692 90 -92
59775 31819 16 -2
68883 14840 -42 54
35698 45068 -89 -93
58377 69201 78 -33
6291 19585 -94 -3
77502 8155 -92 39
41276 8478 -95 68
97605 51221 -27 -13
10649 7500 -35 -12
90496 52385 3 44
86902 69373 79 36
12442 18972 -32 -48
52128 69011 -99 17
21502 75366 26 -8
94468 94220 10 -41
17236 64176 36 -100
22113 90199 54 87
11810 577 -36 -77
47684 51231 90 -59
7390 87568 -38 23
66245 49438 -71 30
2070 17993 6 18
76051 78608 63 -89
66238 39833 14 37
28641 56738 -78 87
10978 50765 75 -60
