300 1000 10 30 100000
70480 48659 -23 84
58962 14471 5 -12
762 90801 43 14
63095 15331 100 56
9276 35536 52 48
61770 9809 -9 -56
89575 82949 1 84
78947 46706 68 -23
57755 8342 14 37
12030 48082 5 -89
95666 18148 24 -33
77214 22866 -6 75
22788 3326 -23 -19
34264 61199 61 -43
31127 39092 99 64
60541 22035 -26 84
16615 19371 -33 -32
29321 62694 -92 79
74123 28828 -1 -21
43063 33590 5 -3
75958 78102 -53 82
57421 58873 -41 97
53233 84114 -1 -65
5533 52318 -41 96
98519 31488 -60 -72
97255 43214 -43 97
320 70052 -33 -79
43217 4678 -63 52
91262 68057 15 0
49188 71371 25 62
63069 70511 67 46
1647 90356 29 -70
56403 2058 -92 -15
11088 2189 -68 -88
6812 78984 64 25
83662 16659 4 -62
18685 67850 -10 70
22522 21092 50 28
48485 72441 -3 90
88148 17330 -50 7
45151 62622 15 -36
58183 57404 -70 -41
70721 72465 -43 -13
20387 44976 68 99
61988 12494 67 -83
29945 37809 -31 -44
79593 8742 -36 -18
1395 85302 -92 -76
91860 91194 78 -20
11437 77230 -97 100
45510 25724 86 -28
65443 89009 -31 -15
28464 67168 -1 65
20089 40806 28 70
91432 36771 -86 -1
98265 5290 -2 55
80952 20409 -63 -97
44635 75972 88 -12
90535 48370 41 -21
23128 52053 35 -34
24783 88999 -45 -81
6995 72311 -83 -14
55831 60977 24 96
8736 59741 48 55
63155 27602 58 57
90242 2164 44 87
51570 68187 -94 31
95015 87608 -52 1
62052 76993 68 7
17091 57261 -68 -51
72771 50052 3 25
70835 59331 13 -79
51817 7746 27 -93
14861 22200 71 -65
71490 40064 -95 49
48318 50190 -35 24
82629 70239 -82 49
84497 54938 -72 26
39408 95742 23 13
60195 92585 84 -41
89643 11301 94 -52
91155 85475 19 92
59656 66583 -82 -61
57697 58184 -57 52
79333 52577 65 -38
7732 21953 -7 61
81682 62781 -97 -10
71704 76988 -97 -18
74076 97983 2 -74
43985 24702 14 -95
7330 54852 30 -60
36461 43718 63 83
7839 99341 30 -20
50545 44227 -47 -90
77951 50748 35 64
3291 63591 79 -43
29062 17512 -38 -45
35725 41254 -45 -14
11656 78501 -75 49
19243 34463 -63 -64
62554 90195 -13 -90
11659 78335 -56 30
33377 14302 -40 -22
83508 80436 32 37
88075 10003 -40 -93
2247 45363 -59 -47
75468 26360 -12 29
86175 96819 -50 -80
88324 69354 18 -82
44202 78942 -65 89
54283 44075 0 -99
59985 27641 -90 -57
88851 16103 -60 82
19812 71811 38 33
1418 19330 -27 6
43085 40186 -60 85
12590 1809 -83 40
99161 42949 -27 -48
90655 948 39 -82
88688 44716 36 96
55247 88028 -77 51
80412 64778 78 -48
34285 45292 -78 -21
44054 76868 -49 9
24787 72733 44 -99
89573 92522 63 73
3492 47949 -10 -55
36023 99290 50 99
28788 94530 35 27
68719 50344 68 65
32646 36835 -55 -69
42071 44682 -34 -97
13091 41329 -37 69
87150 84371 37 -23
47893 60590 -86 42
22207 20079 28 -72
28758 25395 95 -20
54556 1068 -44 25
87857 37168 36 37
57473 18280 -75 -66
70106 27722 4 82
56950 29921 61 -57
93669 98039 -1 -58
68997 18265 45 -96
23948 79219 -11 -71
1920 38154 -19 45
21097 60392 35 -24
85656 67730 -66 57
35378 97332 8 -18
26569 80129 -75 -82
81162 47383 -86 -9
93708 69931 -62 -93
80666 72633 -13 -37
98728 62481 26 85
28429 62295 73 8
7758 21285 85 6
9768 82232 -74 27
95445 4166 -1 51
33707 73434 69 6
46774 48332 -66 71
76209 70520 99 63
50066 19041 36 -43
96991 37671 -71 -91
2893 50749 74 52
97791 86668 14 -70
61723 61313 61 42
51790 79430 -45 -8
48089 97258 0 -6
54388 7115 -6 -78
81529 2105 78 81
34533 261 9 10
17727 4748 2 -13
11768 95820 26 -59
14716 54816 81 -97
51474 67588 66 -80
73535 67833 -85 -22
44987 72287 78 29
36417 96133 -51 -4
94989 37706 -67 -29
78275 31629 98 33
81824 50900 17 49
69284 69345 -51 81
43874 78156 70 -24
12486 4326 -7 -61
27295 58637 -11 -59
64098 47785 -60 32
8758 45740 -97 20
22064 14037 -12 -81
14487 79946 28 85
20098 1993 65 -36
1938 4210 -59 48
21833 57477 -89 40
21675 61780 23 90
19279 52803 32 31
20339 99199 -64 10
1131 30801 3 -19
57700 48268 -70 22
75247 78392 -22 -44
38985 87290 -22 -90
7010 90500 -94 -35
48116 22521 11 -66
28236 15457 -47 -31
99028 24627 12 -61
79568 85161 -67 53
91618 66541 -44 5
96052 95315 -94 57
25833 75663 26 88
64964 69907 37 24
53748 92572 96 25
51862 83426 99 9
11943 5176 19 -52
22915 85273 17 15
83589 12375 -23 -12
98455 53048 13 -49
17693 80015 -45 -55
19634 62696 65 1
1932 23195 -71 -100
47802 16838 -95 96
68039 62962 -83 92
76237 98775 36 14
13307 53885 -91 5
49210 55934 53 -80
82796 89606 -65 -68
75763 51071 44 43
36095 76241 23 -41
57782 48668 35 83
53566 69203 25 -6
77138 3402 17 -96
40835 9185 7 -4
2577 77053 -35 67
27782 92473 -62 -71
83714 76954 -4 -29
36560 41837 -33 93
13658 366 36 -70
40207 36384 91 83
93027 56388 -98 29
19730 75578 -60 -72
48926 69503 55 -36
41194 68996 -73 -16
59618 21241 27 96
17379 65703 60 47
76087 81457 -71 86
43080 92407 -49 -63
51699 86744 -57 -56
15863 55410 60 87
18297 1760 25 -90
56445 36956 96 -31
76607 58115 -14 -80
16971 83676 -74 -11
97496 55645 99 75
68168 90626 -10 -2
3511 39627 56 -80
88337 23381 -85 43
10626 94972 41 -72
86410 44326 6 11
66998 36776 -36 -67
37190 35192 -77 -87
34575 29299 89 86
50803 3308 3 -74
93860 8086 81 35
7150 2794 35 36
22412 78733 -93 -15
46435 69246 46 83
15617 95576 -19 54
98410 31566 -46 -33
44840 54513 -30 68
27953 14096 43 74
25791 97914 -50 40
93847 20332 -93 -46
85475 63923 61 14
87235 27561 25 -41
74127 31082 31 -45
93343 77616 81 70
9888 14618 -16 38
48393 56426 85 39
2007 70931 92 44
38038 45771 23 -98
59800 47478 83 81
28719 58778 88 74
94552 53279 70 -77
33828 87568 -30 26
17707 71421 -68 6
84501 79051 39 39
6517 17173 -95 -6
84460 30664 81 55
95903 60711 -22 53
74848 74477 -7 36
44748 9659 -86 46
67314 95374 -36 -85
89936 31665 13 35
28203 92524 2 -19
8508 24225 -73 -7
31868 72932 77 -53
93143 39071 -76 15
78929 30370 -8 84
67064 71962 97 68
79946 47817 33 94
21048 64887 -77 89
31191 87825 37 -26
23264 81358 -49 70
