300 1000 10 30 100000
92833 58373 -28 -96
43590 9097 42 -94
80445 99137 49 -62
65703 6088 -70 -7
48626 56089 75 16
72471 11182 14 23
77012 25457 -32 49
17396 93127 -18 -21
42842 67403 -78 -96
37838 21224 -62 -38
89155 73761 27 -32
70758 75998 70 48
18655 36904 -8 -86
78721 86078 -70 -87
5223 57249 21 70
33964 50279 32 -35
65993 44338 -18 90
91102 36896 -99 21
58507 17087 -32 60
70673 12822 -44 49
61262 87599 84 -60
19144 77243 -1 -35
26409 54690 -81 10
86021 48382 -22 38
7510 2320 25 -88
67620 2758 26 -88
95606 90588 15 -88
56499 61584 -53 -41
54515 69727 -30 94
42207 65973 -51 75
19848 87338 -46 -62
96683 22223 -29 28
32639 57449 88 74
89188 99827 -57 -58
46806 32612 -98 74
97910 68513 -82 37
12198 63256 -51 -80
14166 84173 -21 -39
13189 2571 -43 45
57983 52366 -99 54
19818 92898 68 55
45821 25043 2 49
51381 69773 72 -54
99414 67786 -13 -19
78772 76724 94 97
5620 17323 5 30
56646 22594 94 -96
12038 79292 -22 95
46488 41113 48 -84
45424 18123 -64 80
52972 92298 13 -47
93917 72403 49 70
44336 97931 77 -41
29964 69289 -67 59
51090 14346 43 62
35237 67739 -8 94
63876 49956 -35 38
77352 13981 59 -39
38737 22657 92 70
31038 65366 88 -40
82769 25142 42 47
19699 84200 -100 -95
44425 55211 59 -16
2964 13636 25 -93
28957 3474 -3 -98
92510 33533 21 75
9490 11301 -83 19
66728 93657 -94 84
65800 29413 -4 61
97142 6156 -95 -51
43424 33558 18 1
61015 94670 14 -63
400 83121 14 90
62496 42979 -22 -96
27549 46397 53 -96
57272 80939 -2 -64
6267 84203 -31 -93
37204 64622 98 -56
49966 23954 -14 46
42506 91261 40 -80
2284 77553 -23 4
28705 74359 -62 8
39579 38777 -2 86
53828 99838 -27 4
41117 4721 89 1
4259 32321 -42 -73
52355 1061 63 0
98324 40764 -65 82
62623 3802 -3 68
74019 97069 -67 -40
87432 3600 -76 -68
28607 65018 -60 27
48874 87836 -25 45
77539 84147 70 -65
984 84460 -96 11
42123 12893 -82 33
86108 19905 20 -26
64280 90596 -93 -60
225 34963 56 71
37703 12705 -8 -45
99233 45681 -29 -15
63333 44756 65 -95
27763 30855 -63 -6
41768 80190 97 73
97172 44333 -17 83
45210 84876 -80 -36
20808 5654 18 -79
13021 94610 83 25
60486 7469 35 91
49968 73412 25 -70
6008 30808 10 41
63248 5287 -66 69
4841 28441 -100 80
59992 85293 -55 51
44921 32190 -56 -37
44579 35727 -97 39
48167 19380 51 7
97596 37716 -63 -67
52640 32586 -89 14
16412 32676 -4 -59
84989 15297 -69 -65
9410 10645 -46 90
78212 91927 -97 5
44745 39542 74 88
18608 65607 19 20
57368 63002 -52 -6
87955 36391 83 45
54396 21054 90 1
36783 97467 -98 -51
79380 80028 -24 -98
64062 99132 12 -84
69454 58614 69 -74
95422 55049 36 62
34878 8753 73 64
94862 17584 -92 -24
62045 41369 55 17
90811 55519 -87 -46
4342 7639 -5 -60
64633 86309 19 97
24909 3385 23 27
69433 72467 47 -82
54327 90650 54 62
21766 93097 -35 90
47916 69853 -12 88
66318 53629 20 39
22679 21321 -17 -75
34957 27205 -93 -92
16740 36279 -90 -2
30227 4056 91 42
69245 47027 -38 -95
16853 33770 27 62
14096 69034 -13 -63
48696 39599 23 2
67360 96455 -4 -82
14269 14240 91 48
98292 10305 67 -47
78029 62592 -52 37
73009 69800 -92 64
62804 2838 -82 -27
22236 22124 -64 100
98740 73187 93 76
33473 1767 -97 -63
91695 39040 -58 -15
74429 11209 -69 27
61326 81020 83 88
94303 55601 38 -17
83469 22468 -36 -75
85700 27565 -17 99
79154 61166 6 -85
88801 77899 60 -90
71171 31757 -33 3
16099 72004 -64 -72
89930 99136 -98 -82
88488 51785 2 -80
21153 19161 -2 -53
3462 54928 0 -36
96415 23082 89 -95
31210 22894 -56 -37
7091 35576 -52 -48
55934 41182 76 -60
50177 42985 -43 49
37773 27389 88 -69
54296 62370 -2 -36
67496 60464 18 31
5626 66204 -24 -83
54027 18974 95 38
87636 74861 14 75
17810 30238 -74 -72
29501 18807 72 58
1461 34966 7 25
87158 34069 -68 -50
41733 37116 17 -22
33004 76720 83 45
41555 54634 -48 -29
67533 26184 -61 31
40051 84439 6 -100
89456 59175 -29 48
92770 30721 90 -12
26859 71852 28 -37
36685 3070 78 72
18032 82094 18 -100
89336 64568 -86 10
31833 6981 -55 -24
24952 73386 43 -62
78321 49880 61 50
54898 26911 11 -35
6842 4835 -74 49
97228 87876 22 -85
1132 67628 37 24
71220 17781 -82 -40
13182 94749 31 83
93614 77130 -20 37
92498 41071 -10 -28
74880 92499 -47 77
70502 33889 79 -29
57901 27422 -46 -98
17548 81574 -79 57
54072 87499 9 -33
32183 80628 72 59
94416 67658 58 11
38785 15143 -99 99
7573 57986 34 -41
12358 42479 87 -11
83857 95197 45 -51
93445 28999 86 83
15054 84831 -69 -55
82873 11838 -28 6
78636 56280 -91 -64
19112 6066 -49 24
42460 75771 22 73
57088 86296 53 13
82196 28127 72 22
78046 46234 -1 -73
12994 5047 -56 23
98395 58496 58 -36
75916 19650 -4 -77
54763 27110 -2 87
13208 43149 69 82
76211 39135 62 9
44125 33218 -88 -16
11381 98605 15 53
59294 37722 45 -85
6078 61339 -85 29
24809 67244 -47 22
47622 21221 -54 -49
67159 26460 72 41
24787 8273 48 -99
24065 82282 75 45
33448 54669 37 -54
78922 81646 -66 16
68126 99891 -73 64
7945 33207 92 -89
42894 55698 -91 76
22154 59107 -38 83
85980 57824 -76 -52
4276 51414 -42 -71
14772 92479 8 85
44576 53077 -69 -76
11627 48734 -100 57
75040 1564 -39 33
55498 64176 73 59
80206 47197 -13 32
52897 34896 60 91
83047 56441 -6 79
62541 50569 -47 87
35449 30331 43 -51
98747 13651 66 85
3773 87472 26 -46
87185 55381 81 68
78688 72244 83 17
39810 64727 -71 99
71846 22238 -78 -90
64615 56703 -93 -80
9872 92585 -1 -75
52871 97676 77 -92
16069 80039 -20 -68
65434 78903 -86 36
34652 28708 36 -97
75718 1999 16 -99
8518 68281 -78 -96
67803 77136 78 -84
3291 73508 97 -89
33266 95441 -44 99
44445 56730 -19 -43
98397 63953 -12 -28
91381 36587 -93 -87
43570 62071 -75 20
56928 19217 -77 88
81990 47381 -36 -5
38979 27664 12 87
8707 58756 57 88
31458 50336 72 -40
26687 59067 22 -99
3470 74318 -5 9
84889 74131 33 -43
43568 88559 -58 46
59751 31717 -55 -58
79137 51284 -95 38
31444 99479 -74 -23
95809 33214 -49 63
