300 1000 10 30 100000
37691 4479 12 60
55306 36914 -44 36
80266 68511 -64 -2
36469 68000 31 -5
44825 51455 35 -81
91299 45560 -77 4
21635 40908 -72 11
7088 43865 -43 10
82716 91642 -50 -69
32277 43365 4 -23
21532 84192 -66 85
80577 87398 -86 17
80660 50061 30 -100
97272 63832 -52 82
6591 72145 57 -67
2 81115 27 -63
78041 83211 69 -11
87043 39265 94 7
88366 82820 -95 7
74388 12911 14 60
73165 58911 -18 -78
75369 83201 -75 -69
2824 13000 11 -86
84047 71989 65 24
87024 87472 -66 -10
69582 38947 41 78
44409 2393 -11 25
46762 51964 32 52
70989 43691 92 71
50741 56442 71 1
57577 59764 93 -74
69866 97034 30 13
46773 98803 89 12
29899 90801 -39 -31
596 66633 -77 -14
12476 50478 46 63
72576 37750 -48 -62
71930 67344 -45 50
94094 22020 21 -35
57713 80439 4 10
17902 71933 41 35
1500 20698 -69 71
13154 44352 41 30
37158 94348 -43 25
69825 3875 -63 84
30165 16762 -98 50
5017 93196 -17 0
1844 31781 55 58
81592 26388 -7 -69
71354 29707 25 28
45288 5497 62 -17
13386 61693 -19 89
44107 74581 72 31
17468 1454 100 83
62188 84859 89 93
37971 73957 -44 7
34692 28391 -62 -2
70160 90626 88 52
75989 55102 -76 -79
46263 18967 -48 -1
87087 41178 41 66
67520 91307 87 -92
33615 16520 62 -48
90245 97228 61 36
17359 29961 98 -11
12842 49437 40 -89
75792 84827 -12 -65
16078 73499 53 58
11743 41458 41 -39
63667 39326 71 79
23282 22076 -78 19
43574 67574 73 -70
98350 26761 -58 -100
77629 15135 -27 91
60520 23013 94 -67
93395 22770 -16 22
12295 71440 -93 59
1226 87330 -32 -16
25968 69173 -94 -49
55856 56968 43 -94
21776 10194 -29 86
99682 57363 -59 49
77028 80731 42 -59
54292 12630 -69 88
72447 75074 61 -80
88962 11443 29 12
93636 9894 67 3
5549 87100 -9 -81
95801 69680 -42 51
89609 75699 -8 -71
45307 88010 8 -35
73113 64591 42 30
83195 93138 51 -41
21731 69856 70 -62
78791 92311 -36 -55
2011 59088 -30 -36
61808 23167 -76 61
64837 27336 19 7
39707 56049 66 20
15224 9444 -71 -28
11012 68736 90 47
79026 69568 28 -80
4541 61977 -26 89
75641 3407 63 25
94909 50101 -14 -26
60969 62830 -69 58
91893 58888 53 -43
56011 39898 38 -41
80407 22253 99 -58
15088 33976 -91 84
12152 35227 -82 -67
56488 3722 26 -63
49657 53314 -7 -41
98490 2963 83 -69
27617 44925 -38 48
67116 46784 35 -64
55945 144 -59 19
10626 45234 -7 27
11194 98695 90 -48
30611 68513 0 0
5090 60145 -1 -89
78927 35572 10 74
5310 46823 -82 -17
38358 98554 19 38
54029 60721 -73 -34
87939 67896 81 6
73456 28732 -49 -96
29326 73866 67 84
85695 86449 -1 0
47665 71219 -40 -22
78007 5581 -37 89
58090 63451 47 25
62347 891 64 60
49014 84890 29 -44
38454 54391 -41 76
90045 27618 21 -2
5762 49241 -48 -40
42007 55260 -1 39
85950 50449 59 -77
75314 47303 -18 75
59709 4175 95 -68
80989 19033 -59 -43
43718 44490 24 -95
29411 57288 78 -53
94325 88024 -74 45
85876 93864 93 43
29502 93855 -20 9
12222 21465 38 19
99265 41566 -99 -49
77716 31533 -43 69
90999 69462 49 77
70548 47110 3 -76
84672 69146 7 -21
48759 61641 4 -91
59304 27775 14 93
28931 6470 -83 -23
99181 12046 -72 5
81150 10069 -58 20
87734 66223 -52 -77
42328 35805 -33 78
15027 4440 75 -25
45004 33902 -60 14
24404 96510 -98 61
7303 99551 87 -86
66454 31998 56 -60
93530 92532 -51 -72
64776 1589 41 -7
85507 30044 41 0
49125 45246 6 -93
59162 39354 -42 67
46930 65675 33 64
90970 38122 -27 85
67407 66936 -66 76
32870 59458 37 41
17697 28835 80 83
94601 14679 31 -5
26007 3 42 -99
91269 63093 56 82
179 34435 -73 -88
58328 38564 14 54
26867 39116 -14 -21
62621 82173 86 51
5857 88950 -48 -13
65994 58014 -1 47
45800 24 -63 16
70424 37413 -63 78
23576 16312 3 -77
41013 78146 -81 -86
25402 86710 -2 66
97476 58486 -36 -98
20704 42846 -68 31
10556 34319 81 96
30021 78249 15 -51
20881 454 57 7
45867 18719 73 -32
59758 24175 36 -48
13597 18585 8 2
45585 1218 24 -73
78681 59351 66 -75
9746 96236 -76 -25
34034 197 23 -61
7055 48031 -40 48
47170 86930 94 -31
87318 48808 49 -12
61880 70495 44 -20
8880 88944 55 -77
10290 45946 16 67
38228 51268 -68 53
16499 32500 69 -4
57204 74568 18 -24
53236 25168 55 100
23498 48318 -57 6
6202 27390 89 -15
12263 24613 -39 40
99206 13951 -51 -87
7882 26916 -80 -57
58665 30111 -42 83
92428 8818 12 39
55163 84925 -33 -53
45898 13428 16 80
24411 51917 -13 -83
89332 87013 -78 95
42502 29086 -37 -20
7091 63611 74 68
20775 68422 -62 92
32871 96901 -42 -90
46589 7067 -4 82
73201 31212 47 -69
1671 25845 -85 46
32139 86201 -74 -100
9771 43525 -78 87
5557 925 74 84
24660 38517 -21 70
71519 94881 -54 -6
6466 41529 76 -84
75248 1112 -75 -58
86899 70679 -5 61
70984 39919 95 76
45582 48862 -72 90
91419 8309 -66 78
52780 81881 -93 -43
40311 73133 74 -4
18983 47470 73 82
66818 92138 56 33
69759 20659 -25 1
54718 50452 90 33
51289 97845 -69 -53
99874 88618 -35 92
3577 13395 -64 -43
24537 87050 36 57
87636 70714 -57 -55
74102 40900 -13 33
31282 59012 24 97
85175 96062 -56 -52
44289 85261 40 83
79980 11766 2 76
67403 26343 -42 61
48576 12825 66 90
69724 33435 -48 -32
1950 76877 93 28
41742 74565 93 1
94690 54671 -14 -46
25715 75072 100 -58
85621 23059 -41 23
31962 16403 0 -28
90575 92608 82 10
32315 76387 8 99
73981 52868 24 -20
10426 65426 -86 -78
47761 66235 -47 -12
18150 78461 -84 93
84168 94271 17 84
28171 54633 52 61
29599 1785 -76 8
85478 69309 -79 -25
92207 98404 62 -68
13266 40036 -25 -39
84517 22051 -59 69
43356 47351 54 -3
40976 28842 -87 -22
91670 85873 -65 99
38512 89347 -10 -35
84441 6994 68 -73
71745 69837 -60 46
87211 74793 -73 -70
1532 65355 -97 40
32742 65383 77 93
39875 16851 90 -62
87346 11791 88 -73
98397 11936 11 61
18454 81565 98 -16
40693 74803 -46 -47
54662 57691 -85 -5
621 5459 -12 69
31022 44248 92 47
20773 68229 -78 -84
99386 59514 -71 41
22692 71133 -15 -29
19651 27264 -56 -32
10636 86828 -91 -4
