300 1000 10 30 100000
54096 37677 -39 48
33332 83478 -98 71
2373 96028 71 81
47627 79970 -81 -75
7331 47231 -4 71
85479 58493 -93 -72
29299 60188 -36 21
57571 28747 41 98
94287 10851 -80 70
86316 81701 89 -64
39018 49335 83 50
36453 81064 37 -36
90118 76064 20 -38
63242 93856 82 -29
34797 47184 3 -97
4171 91772 63 78
36706 95961 28 20
77343 54505 79 94
11919 84858 69 86
86029 87964 27 -65
24748 4482 -58 81
42067 55612 48 -75
6991 18418 47 -21
22461 89178 -86 90
44136 30154 90 -74
3807 90583 -54 -24
3894 84319 -18 11
99668 18214 -36 16
92443 28928 -34 -31
82890 44615 -20 -93
12658 55289 -93 -28
50308 17161 53 4
81376 19956 -26 -20
63280 31666 7 88
32945 91323 -74 64
21741 40935 13 41
7602 87698 15 -4
95717 2021 -87 -87
41284 81959 98 -26
87232 6348 -95 36
59419 57952 -81 -17
80247 91843 -58 -88
31994 13843 53 87
55369 87772 38 81
89230 29435 30 79
95791 31036 -26 -77
18606 76256 71 -48
7230 46404 -36 65
89428 51673 -97 95
13035 25467 -83 -51
94654 62865 82 51
76359 66109 -25 31
59746 79680 -7 -23
81708 2433 84 -59
72923 125 46 -12
24467 2960 48 -7
46484 1021 -100 21
8820 60119 -52 -74
97017 82779 95 79
55562 40368 32 37
44304 9465 -26 32
27282 5223 -47 -67
54385 38082 74 87
4284 49260 85 -93
41214 30552 94 -37
55972 72772 53 37
68527 28714 52 72
2543 28318 -41 -99
70556 43699 59 88
81394 50556 67 85
57930 31842 70 79
1174 45528 -82 7
8953 36659 42 42
6846 76644 -11 -11
31015 43142 17 -99
16504 83232 87 35
6651 60414 85 22
21212 28122 18 26
17599 48903 -62 -50
97036 6716 -69 -57
54631 75206 19 96
49421 13918 -93 25
56208 33418 73 -17
81381 76817 -29 68
7511 18989 19 13
70132 35032 56 59
63466 94812 -33 59
13684 28656 -61 -66
4217 14595 58 72
29366 81306 93 39
11300 16865 29 -84
77756 61721 -25 89
88229 19617 -19 27
80762 82851 -40 -85
36080 99690 -66 56
55161 68393 -70 88
50325 39608 -83 35
60581 5034 32 49
39365 39227 24 95
87531 71251 -97 17
30187 63444 -30 82
68494 14607 60 95
55506 63438 -94 42
55127 625 50 31
22653 54139 59 2
27885 58446 -70 -44
8575 3981 49 61
65188 40296 70 16
63766 9366 -13 96
92622 87044 51 -7
93167 8707 -2 -78
58981 49756 -98 87
98967 82215 24 -83
88661 54137 58 -7
61276 12604 50 -44
4092 35195 -95 72
50097 76309 -5 -51
75895 90278 82 67
21713 45188 -46 -72
67378 74755 -95 35
12064 36421 -7 -60
43821 63651 81 -72
85796 42034 36 50
57724 95758 47 43
33051 49232 18 -71
88046 50168 -53 59
61550 91385 -84 -64
4106 6587 -75 -28
46227 25852 47 76
45086 43325 -4 23
72812 50373 -89 7
12604 69184 -29 -26
5365 31499 76 -49
5669 66774 19 28
47802 70945 -28 -15
72423 79545 -23 -43
546 40891 2 54
54277 98960 -77 5
21125 50522 -90 -67
26318 20051 73 40
73045 70001 15 -71
17952 96179 52 22
86431 21080 15 72
36959 39016 -98 2
16031 21104 59 32
12431 62812 69 26
74863 92063 4 55
82144 94503 96 -96
97777 12280 80 9
41128 34146 30 49
51244 42825 -43 70
61897 55935 -13 -27
34879 6360 81 -93
14132 15368 -69 -39
18056 79490 -55 -38
42542 28157 37 22
3948 65579 51 -57
76213 88750 99 31
57505 60745 -2 -3
29644 29937 -100 62
48488 75412 4 96
27111 12684 -53 68
92068 22366 63 -23
83217 14622 54 69
27583 31400 9 -3
47386 75795 27 11
56679 81219 -40 -35
89347 26063 20 91
33731 56986 -36 -31
11722 51319 -35 -14
39385 42965 -4 63
36117 78732 -38 66
25071 85342 18 -86
87056 96408 2 59
91940 49950 35 64
99378 52109 -27 -99
39710 93646 52 -81
27968 30838 45 86
92174 37281 -78 78
11533 80244 94 16
68932 19500 -43 51
14674 89244 51 28
93666 79970 6 51
4873 8465 12 -66
66719 51874 4 98
53074 82254 -74 -24
7731 14233 21 -30
80550 81562 92 -93
36620 98387 -42 1
21905 17061 5 38
60060 57622 16 -95
83864 19701 52 92
82714 35106 37 84
74114 65393 34 -16
96078 59856 -40 -96
34157 59597 18 -29
73326 26401 19 13
16130 43860 43 64
2119 64116 -38 64
8210 85595 28 -43
12011 95280 -50 -79
62930 83506 18 -89
58809 97483 -10 -35
52179 56251 31 95
89466 77335 -22 -7
90218 71419 -4 29
98141 83122 40 -30
26528 58122 36 23
97570 69478 99 49
42132 37919 37 -34
83682 24759 -58 -85
75764 56884 94 24
48975 26943 19 -30
95407 92298 -69 6
67592 71818 -23 48
55281 31337 39 88
58377 93178 2 -68
57743 92916 42 -24
9180 19714 -96 -57
50176 96155 -50 -1
91839 98307 -29 20
64758 5633 56 -31
65869 30865 30 -32
57577 93690 27 -65
58730 80358 -47 -31
13221 9115 11 -52
89625 1888 44 -86
97640 95974 42 -53
42349 2546 -64 12
94763 70791 -85 1
15203 74965 -30 -71
38859 16261 -56 10
63909 35830 63 -88
78801 20114 -95 -80
43004 81091 25 64
69570 15425 75 89
31133 97615 17 -43
23431 91987 -26 -16
46003 48290 -46 -45
11161 42331 -52 -63
15703 29839 -60 57
91304 97638 -29 -41
20917 10593 15 -6
86875 67365 50 92
66316 47774 84 25
75781 48761 81 24
52616 49991 -98 -78
42781 72251 -35 10
69423 23980 -40 31
99451 67336 -72 -14
4551 60288 -37 77
63421 23772 0 -14
71031 30819 -42 84
68770 70220 -91 -58
91889 26639 -25 -98
86740 77568 72 2
87764 30683 39 -86
88997 37074 -15 -52
93733 18911 50 -33
94122 23567 -75 -57
97594 75555 52 -62
24984 73339 44 -70
68830 91197 -13 36
51879 50822 72 13
18366 53499 80 -12
88300 14624 2 41
1848 96747 17 -39
71746 8490 -23 -17
49798 42109 -49 -42
60951 64280 -98 39
4541 75038 22 60
21867 45992 85 -44
74266 22425 -58 -1
9919 78480 -42 -92
12452 66843 -68 -10
73516 57463 99 86
8358 13706 45 -26
91929 87873 -59 92
4164 16751 85 48
79682 96287 6 -84
71849 7576 -34 8
222 27643 -43 28
78380 53534 -34 36
72930 21608 68 -67
83562 95708 12 -88
9338 35533 -62 28
48202 99 -70 61
87662 16741 40 -19
3291 43702 -97 42
68893 30995 -31 94
51528 12420 -40 -5
15581 3686 37 54
34507 23251 53 -85
9940 3990 83 46
24789 54849 93 -91
44136 37251 53 93
73968 70616 55 -67
43369 85663 -63 -71
96968 306 71 77
7296 61239 -44 25
