300 1000 10 30 100000
55610 81211 -59 -55
4220 59507 -74 -87
8306 65941 39 -6
85815 85419 -43 -98
20958 81967 4 -34
29387 52860 86 41
1660 18114 -77 8
3791 9986 17 67
41906 91687 94 56
34960 99201 -33 7
37723 24995 1 -83
2713 24309 -60 30
4661 99887 -32 62
39647 46848 -38 97
5991 53895 67 -20
36586 27338 57 -43
30104 18925 -28 12
59752 19116 43 -81
38879 52231 -18 -14
32643 53051 -57 27
92059 9999 62 61
10947 55071 56 86
99884 88556 -18 96
8061 66411 -100 41
78666 25024 -65 48
27559 6714 41 88
8503 59989 -66 -47
88338 27949 30 -63
49134 92297 58 33
22194 2217 85 52
68250 64397 -38 -80
21366 29106 78 67
96933 99871 -65 -57
97182 53276 63 -15
53752 31923 -96 -34
27354 66456 73 6
73584 57190 49 97
12024 42326 46 -71
96238 41204 57 -61
71371 77390 42 -39
438 67289 69 47
45610 90740 30 33
48577 64530 89 -70
46224 69513 37 -89
86957 41790 -30 -89
92700 48633 72 -57
88028 81647 30 14
67337 31177 -97 46
75452 22933 -30 37
25100 96898 6 -52
59209 31435 88 93
35331 46424 -27 -37
70123 22268 91 1
55003 17694 -94 62
59104 40225 -99 62
71971 66379 -2 56
27350 60133 23 8
13563 71578 -91 -70
31664 51571 49 56
30931 58903 -43 -92
51958 72663 -69 37
73124 69399 96 -94
21431 66735 51 23
39651 46934 -68 35
44040 70666 27 -56
80510 59606 -16 -97
32431 2081 23 28
27311 51333 77 -40
45602 27435 42 16
29659 56935 -90 5
90691 96799 31 -53
9642 75141 -53 76
84700 34194 -68 14
18666 27456 -56 74
17823 8370 7 -44
9408 52902 23 23
62962 41890 -65 -19
24509 21091 -32 50
24912 55894 12 91
21999 65918 -49 -30
79622 90259 -15 26
51444 78533 87 -63
94093 62354 70 -93
30584 41987 -8 -27
73436 48796 82 71
15294 34424 51 -77
94354 93504 13 -29
88269 32768 -36 25
40915 4613 -51 -96
58692 9292 34 22
52814 84323 30 98
70656 82447 60 82
89815 61747 94 33
58537 77209 -3 55
84691 25840 -85 14
79758 22461 -82 68
40284 76110 -36 94
77189 10376 -74 -86
15279 14576 82 -41
18732 64884 -58 -45
3729 85085 -67 -17
93976 4387 47 -78
85155 80870 79 -96
99997 45888 14 97
46003 70851 -13 -88
76480 9493 37 0
22448 69700 -45 94
23118 70098 -55 -46
49860 98261 28 -83
88133 92351 88 34
32403 96163 -74 -3
46982 67847 -72 -72
32389 8304 49 50
76319 68229 77 83
24802 69468 12 54
34146 83527 -37 -44
69205 50009 50 22
79877 76762 -90 99
12756 57219 32 62
53251 85320 -62 56
69947 53512 54 -61
84718 30375 -7 59
54899 96815 -97 75
94495 82859 47 46
16862 83273 -58 37
92422 14917 -37 -25
47095 41682 -29 14
89939 95775 -97 60
92708 53892 -26 -87
52098 4380 -27 93
43299 1857 -68 100
75815 74888 -37 -45
31965 81787 85 64
41572 781 -62 91
26459 96925 20 -4
38471 89246 20 55
85807 74774 32 3
91110 62563 -99 77
42630 61932 -84 -27
20480 6772 -35 -36
96686 24330 -30 92
84143 66051 7 26
27078 97176 41 57
25806 52537 29 85
73024 52691 90 56
67793 40018 -84 -13
53062 50092 -67 -26
11940 78718 -22 -67
8133 81344 55 75
30798 20868 -69 -5
91731 9110 83 65
50337 72518 66 73
10553 99768 -27 -9
7859 90815 -25 26
92521 33720 -10 -31
99966 26795 -28 37
20411 48919 -48 72
8404 26654 -47 41
97465 43551 -53 92
66057 75669 42 -4
86432 50749 -7 -76
51851 87006 39 26
73086 43774 -22 50
99600 58559 -36 20
94127 56648 1 -49
81320 67465 -4 40
31710 65732 -69 -76
31574 93349 -99 62
8617 74905 86 69
4354 49521 25 85
56709 26596 56 -69
58483 44983 79 -74
10152 19846 60 56
73990 78896 10 48
51906 48351 66 -8
8933 2109 73 -97
33276 29722 75 15
60196 55198 -38 4
71561 61945 -93 -30
8369 62716 22 -74
85464 84497 17 47
30085 38608 -81 -28
89912 46374 48 46
63389 40887 35 -57
70319 24079 -34 -35
50180 21947 -56 -72
18909 61015 25 100
95101 64200 -78 -58
4244 78976 -50 -11
45357 50230 43 -37
83210 24877 62 43
63572 13246 -95 -56
38428 81678 91 66
37105 89897 -25 28
38169 72097 46 79
65981 3134 -42 -18
76272 98686 -69 -22
90260 76700 26 11
51759 24625 -17 -52
11803 40028 -5 -86
57672 7595 1 -74
60401 56121 62 83
57189 54412 25 -81
88731 67393 -80 -19
23652 45193 7 80
13368 9410 -3 -16
97014 2606 64 -45
64186 71676 94 28
46155 23569 -97 -35
60273 89037 -57 64
16544 57310 27 20
80400 50181 -48 -35
88517 12232 -76 -23
14181 76122 65 66
1808 94086 41 -67
15628 41624 -59 48
9442 48505 -57 69
75814 11957 8 -41
81396 26507 -9 -51
84445 98482 -2 93
49210 82362 -20 -93
26787 72966 -24 -99
94787 26361 -90 -37
1180 26655 -65 -11
23865 49132 79 -53
67174 47763 88 28
65609 29281 -28 -23
10372 8962 -22 57
83377 83663 -47 14
8467 44959 -58 73
59124 76970 -37 15
33629 77116 66 -74
10706 56458 -61 -19
92169 94548 85 46
93864 10524 -67 45
79762 77905 5 68
30541 61608 -75 18
49768 20674 -37 -39
24153 50668 -33 -37
57592 57083 -60 -76
41553 27916 86 38
76914 20354 0 9
66065 89714 25 -69
25175 46590 11 38
71457 59116 92 87
62462 49497 -89 15
81103 3320 -37 91
77962 90479 27 32
62336 54735 21 1
83673 9810 13 -75
44247 86402 26 12
35063 25384 -20 53
58728 75931 -76 -17
56935 79689 93 75
7562 21476 54 -34
27515 6813 66 48
99939 69424 61 -68
77617 88847 4 30
63040 46647 22 54
30512 2948 -24 -70
70352 68080 12 80
60939 16570 48 -73
75947 73247 -59 46
37886 85692 96 11
56738 1194 -25 -19
68608 76673 -16 99
95688 11839 -82 -31
33535 77586 -30 42
64157 40266 -29 -74
62952 76016 -60 8
28237 22200 -47 17
45021 46507 91 -69
59496 22742 93 -51
34912 20064 -75 -34
14117 86549 73 -11
96664 51237 -18 -15
93208 9506 -100 22
27345 52599 5 53
50605 97157 -36 53
27776 80193 91 16
24285 174 54 43
52919 7415 61 -8
55621 55531 73 -74
64860 80304 -70 80
26842 32354 -42 -13
12188 2738 -47 -45
74900 94374 -80 81
29592 58306 -11 73
68337 4810 -80 -44
48579 86599 27 -11
99450 76735 52 -93
52178 57120 97 -47
43712 88975 29 35
69225 83408 -28 -71
801 88758 96 86
70520 30519 19 -33
13791 82648 36 41
48255 81917 74 -24
19502 64449 46 17
78847 53702 -84 85
