300 1000 10 30 100000
33203 96029 -2 25
26855 60938 -3 -57
31258 57818 42 -39
83103 46872 -79 -64
12318 27948 -44 18
57266 59831 52 80
29545 22380 -63 20
42586 97155 -98 -58
58312 27040 -43 -26
45572 75955 -43 76
76618 80964 43 -56
59420 23453 -26 -12
44331 51280 -20 -58
34786 34679 94 32
9186 84043 -62 -26
98368 20110 51 -82
6931 68996 -91 27
7261 20962 72 -40
51862 53283 82 -23
86559 70903 3 -94
84462 4749 25 -68
1046 46845 69 -71
26514 60137 -5 -45
60347 84757 -28 8
46140 87072 -35 -74
32309 93602 -57 15
63289 1876 -86 97
60874 80165 -4 -49
33136 39158 60 89
96817 33043 77 35
30426 78249 -62 -96
69942 20230 -47 -84
14716 6814 -78 -55
4972 21586 20 51
49821 25435 -71 -17
97700 66346 -30 17
97618 62222 -65 -62
86197 48786 -63 -74
7795 9101 -20 -45
45931 85193 -13 41
82123 32473 31 -95
56666 46320 31 -59
23533 22933 -86 17
52631 1299 45 -3
77877 38197 32 -3
2077 4418 -6 -13
16593 91518 -73 19
19016 93579 57 66
12754 27892 80 -71
10362 24155 -71 -30
42519 26434 -78 -93
18184 93268 -56 50
97500 13843 -19 12
91212 660 -80 76
95628 51625 -44 -63
95177 94155 -5 82
66820 48592 49 -15
81580 54446 -92 49
86621 66032 -98 -70
92956 84233 96 -19
97495 38320 -84 7
51013 85925 80 14
49850 34354 -39 -15
812 19733 -31 -61
31141 49883 61 -81
10174 3020 36 32
55670 9590 64 22
22489 62840 19 62
78550 29315 -65 89
4984 66378 100 -81
47960 10591 93 -69
10184 75909 -5 6
89092 51079 -61 -65
87002 8909 24 -87
21875 18529 -57 55
70034 14038 -54 78
63703 67819 -36 31
58521 78975 18 7
776 38016 -7 -42
7680 55816 46 60
41928 33867 65 97
18464 59394 -12 44
58179 85524 36 60
53349 5611 84 35
58808 76039 38 100
75888 96503 70 24
7923 67829 -47 84
75030 46394 28 -30
86789 44536 -54 68
5178 43414 37 -79
65530 53145 -19 63
98653 94742 9 -38
6924 27184 39 18
13591 99627 -70 -99
95923 82624 -88 -72
54348 9738 -10 2
30608 13910 33 72
3273 59073 -72 -4
40463 20941 56 -41
86149 72017 -32 89
67951 98866 -47 65
15241 94248 44 -30
46151 80206 63 31
65151 77244 26 7
19660 50575 4 -81
91885 64283 82 19
61880 44443 26 54
39669 51880 65 91
17161 51315 -77 -97
54962 27736 81 -28
15863 80157 52 -71
36937 26895 -59 -35
28927 31201 -98 -71
67900 13055 -77 89
46134 24619 -18 96
22775 13369 -15 -12
91014 34355 -31 66
42659 65171 -8 -18
97643 46417 1 -76
90283 15155 34 -75
47632 6199 90 -8
5733 31253 -1 -12
69629 60004 -33 96
10248 78145 -51 -63
93980 4658 92 -32
41857 36919 44 20
91880 67804 76 27
47009 90046 97 77
99022 98194 -81 -9
34319 28120 90 -7
88454 34621 24 0
93605 73386 81 70
41285 72402 -8 33
19479 81991 -78 -66
58880 13086 69 -7
4542 70151 39 -17
99313 66341 -84 51
95119 87410 -79 60
25655 60940 5 21
13531 45140 -22 -65
90733 98885 -43 -24
95832 43773 1 -59
57672 66002 -56 -25
30229 98199 -9 -31
83324 3403 -85 -92
91719 73663 -20 -26
78585 67414 4 70
65180 81633 37 95
17200 8235 34 13
5478 86807 51 -22
96282 32366 85 8
92043 41203 6 -26
40482 46656 -34 -10
90108 55630 59 -70
91850 77714 14 3
1835 51216 -95 -50
29951 12667 17 -39
66612 90465 59 95
42522 39867 -6 -18
85043 80801 50 -55
20708 19891 62 -9
1631 92647 0 -87
76340 14763 60 73
26383 55493 89 -51
22170 56501 38 62
30383 46188 93 -11
7394 87515 4 -85
94301 62011 25 25
43203 50702 -1 -31
20073 81954 32 1
35828 91455 -94 0
28172 3837 -48 -95
57198 77887 -4 -98
70790 10475 -40 -58
57751 43516 94 -24
31127 19119 -4 87
29788 43348 4 -72
10846 35269 -81 -64
85150 27842 -20 71
29704 81383 57 95
36971 28936 41 -87
42698 18649 26 -65
9311 62395 31 10
18043 94352 -48 29
64693 96652 81 18
89200 17504 20 27
69568 74385 18 31
66575 8866 0 74
75022 77251 -1 100
87970 96405 50 58
81698 18985 -32 39
89857 28242 -23 33
32666 97978 21 -20
77514 24551 -29 -52
76412 94688 -43 -31
37550 45824 -88 -61
11750 61733 -52 -35
37182 78196 -1 -6
22227 45818 69 -64
6998 71546 -72 -28
75041 76993 -98 34
85422 36145 34 64
25069 14293 -14 56
25534 66156 92 46
81335 33114 -34 -3
5984 89881 19 98
15604 54628 45 -41
73464 61465 10 87
17884 83834 85 -79
64512 90125 76 1
42483 4663 -42 -93
49486 45030 -2 -20
5351 14718 -95 27
48780 36266 21 -57
18211 72298 9 42
53546 83284 100 95
31259 84877 -10 -96
95971 16032 -8 5
36801 2713 13 25
89882 524 -56 -44
29240 25636 -19 14
58714 17044 67 50
66422 44740 64 36
3712 75847 14 57
15483 76497 -66 -29
30819 78235 -80 -95
56187 60821 7 63
72446 56651 58 8
71314 76558 0 79
12483 62684 14 24
43657 66060 -53 95
90723 42163 14 65
78165 51733 68 98
51836 84463 -89 -98
26087 3820 -30 47
48484 15858 -75 -2
57858 18676 40 15
55431 61060 80 68
95074 43034 -71 -99
16973 93208 -66 -21
5329 30124 26 -74
79447 62486 77 27
46045 44737 -48 -1
83409 46115 -94 -44
30101 55553 17 -97
69536 76574 78 -93
4525 60323 57 17
99074 64940 -49 49
60305 56966 66 21
80681 65313 22 -77
65342 29752 84 45
94141 87601 45 7
1574 16659 -9 43
18352 79083 -64 -45
72831 6451 6 92
42624 97104 -23 0
53696 8028 86 82
47693 56638 -67 -11
62100 67240 -14 -87
19114 39706 -15 -69
42948 75486 100 36
227 44171 -65 -8
6040 49870 -49 -29
54342 69114 32 86
98293 46057 97 24
11710 55981 -15 -46
15538 64838 -1 26
84354 11312 56 27
96253 88936 90 49
73054 15253 50 -68
567 2821 100 -27
55437 67041 49 -16
82897 18537 34 25
53186 95670 41 78
78109 66997 -91 100
59554 38269 78 -35
95551 39197 93 -49
3235 72301 -84 -62
86942 71534 18 68
45634 69728 8 45
63456 83495 -50 -18
55522 42827 32 -12
15708 80894 15 -54
63887 67990 -28 -66
4825 53450 -57 -60
50973 59641 59 37
65371 37322 34 -100
11280 36153 -34 -77
16041 30094 47 9
14912 80832 -3 -86
14193 35578 -19 57
71334 42155 -94 29
51420 81551 -3 -33
55406 52525 79 22
29713 28523 -43 -77
89574 79807 -23 -80
86724 91642 65 -54
98966 17084 91 53
33661 9496 -23 -26
31628 93175 83 -75
