300 1000 10 30 100000
72959 13101 -84 80
16417 49532 22 94
58564 99457 -86 -28
19899 38750 88 86
38909 56519 97 -68
65745 60849 -17 16
51465 29071 -46 -39
55111 32090 -88 84
36795 79944 67 89
75111 93801 -93 -53
63212 14771 34 -95
40784 7568 46 -31
35552 59268 -95 -61
89231 6568 51 -66
34053 25748 -82 -70
48079 45274 5 -90
28260 23675 -17 -40
68388 25220 72 -89
4031 31747 -57 62
61814 55785 -61 -40
63968 68305 32 25
71475 2622 -82 -68
12564 67649 11 41
63097 19237 -36 88
74233 47359 -24 75
86404 50412 -1 15
16329 55965 55 80
21552 45689 -67 67
75525 15604 6 -57
30068 30919 -65 -87
21949 35355 63 95
88560 67104 40 -93
9715 14302 -92 91
13677 98016 -67 -23
85666 96641 94 -9
21686 31587 -41 -6
31950 72293 68 24
14556 63786 -63 14
40620 65059 -15 1
7156 3740 38 34
69691 84702 58 -27
8650 36666 69 13
48020 64945 39 5
1891 71929 -3 -25
95881 22443 -77 67
52075 36993 -76 31
44334 3490 -27 84
73696 33204 -60 -74
23984 29379 35 87
82246 79329 7 -37
67588 24662 63 17
15367 47000 -6 -13
11278 12315 49 -18
51901 46177 59 -13
67518 1511 -16 24
31109 67102 83 -87
61775 62960 -11 -35
6331 84729 6 74
7130 88474 68 79
53253 45586 -98 -7
82641 23732 -4 66
65465 76949 74 57
34155 73007 -70 -77
13904 18290 66 -84
28820 88729 -65 17
5641 90109 -93 9
93739 89346 93 -53
23585 75187 73 -27
18270 29670 -23 -44
51835 47858 -41 30
96499 7394 16 -86
60375 81802 -64 -98
44380 5665 -70 44
59581 73773 -81 73
57617 46402 68 74
57138 41824 55 -88
73432 27615 28 -86
73974 43312 61 -22
93589 59903 86 11
4856 76402 82 -45
52473 28177 -46 4
83383 31990 17 -17
76260 85543 27 42
85323 1260 19 23
16003 16970 -33 50
70970 44780 -77 59
70127 31868 -62 20
18631 69450 25 5
95659 77948 5 -15
64055 51026 -30 48
96915 48357 22 -6
9595 69338 95 13
54800 41342 -75 -10
72543 8648 -26 41
2699 17058 -67 -45
37371 78059 -82 -8
54384 35986 62 -9
69687 26825 -22 -64
12492 37337 -45 73
30590 87560 37 -95
33836 3240 0 -58
78407 55867 37 -65
51231 50519 -37 -64
4682 30523 54 77
72785 72444 -85 49
79693 53641 68 -97
5720 49219 -66 -100
45944 58197 27 69
82782 70073 13 -12
1484 65278 33 -8
17847 71233 22 41
38733 24340 63 74
53487 53348 47 91
34690 77981 -18 -67
58747 59388 -62 96
74187 72578 -25 -49
82824 18358 100 -23
75225 34102 10 -13
97823 57220 -39 -21
43350 52235 -9 -89
89781 69014 33 -87
32067 16486 -27 36
9915 66298 -7 91
61635 72351 28 21
71978 84707 44 -4
84959 39146 -49 24
91192 33457 85 25
48710 95178 -96 -18
67761 22718 -53 2
7664 7829 -13 50
49812 82568 28 71
19435 61021 23 -17
91101 4000 -1 -78
26428 95659 63 19
65558 68867 52 49
18380 4765 98 48
60464 66357 -21 93
60104 95539 60 -78
40912 67479 -79 -78
2291 11921 -67 -83
77088 30327 -30 -75
54181 35320 -28 2
8143 3611 -52 47
89968 82972 66 -14
71422 82533 43 -67
66195 3525 -96 -29
1612 91870 -87 5
58826 10384 60 -88
48910 60805 34 67
23605 64777 81 33
38946 1820 -27 45
83762 99063 -36 -74
50493 64451 -24 -67
79693 72637 69 31
93547 89460 -25 63
10213 61300 66 -4
38096 92881 -67 87
61926 72963 -90 71
80982 87959 -87 39
75406 17123 -5 -25
23344 24115 -85 66
28004 27619 -52 3
25169 5424 73 -31
67593 91656 -70 -70
64915 15193 78 12
81940 30071 -61 -64
74044 27933 -40 -16
9822 64443 6 -25
85193 33261 12 -3
89331 80917 54 57
44909 72621 96 -30
92554 39533 30 -97
98938 36871 -57 96
48154 78975 82 76
49775 56559 70 -99
91879 96949 -16 89
66143 51449 -54 -42
2918 32016 -86 76
99270 13323 -76 -61
46881 41811 -35 -20
16499 63276 3 -2
66189 78359 12 83
79843 37140 87 -60
855 579 89 -81
35879 91986 -34 -17
73330 34576 7 -14
75624 96160 29 -57
44708 12794 42 99
99558 41577 -91 -56
48232 99995 53 -34
46731 41740 -18 -33
77240 11919 -92 30
15095 18213 -91 -95
9712 88688 -39 12
94722 13072 89 -38
97649 42548 -35 49
10218 81620 -2 -81
83378 95683 80 83
65228 63382 -52 51
81774 89889 -87 23
12860 16193 -93 -82
76129 34009 -13 -25
2858 51875 81 53
98644 2252 -16 -17
36042 17335 54 -66
39601 71660 26 55
68975 51337 -78 75
4490 40527 34 -49
99217 52976 2 74
10656 69957 56 -90
17957 91922 -71 59
79894 80939 -100 78
23975 2296 64 33
68911 27958 61 76
51731 61902 -13 20
87072 56342 -6 -5
18513 69579 -71 -61
86298 87911 24 -58
94751 51521 90 8
51215 2071 97 89
54962 53351 -53 -58
63298 50978 -19 32
48884 27297 -19 -4
90893 21903 -72 -63
25012 43808 59 -13
74051 72316 66 -74
80713 71015 65 93
72092 32785 15 100
50952 59254 0 18
12783 70941 -91 -72
89855 97181 7 58
55799 8789 81 -17
82167 35805 99 -72
23880 47600 3 95
63099 37422 -7 -40
76401 52024 85 47
9323 71974 -47 29
49114 54565 -49 1
99145 6564 60 45
39365 20369 93 -45
69201 3397 -55 23
83985 48319 63 85
67980 48654 75 -46
28199 52879 -44 36
75127 50468 -23 -97
60965 83922 36 1
14144 43793 -17 12
67091 71997 71 87
66243 10422 -16 31
88281 44647 -30 -30
49744 24316 36 22
59385 91095 -7 92
68260 42401 -96 71
35556 99945 -22 23
10951 70635 -23 -48
12485 11550 48 16
61108 54865 88 -48
31228 6300 25 28
9688 56669 56 14
6954 16389 -38 92
27207 98710 48 38
69116 82217 -95 -7
64533 65177 -48 -86
50664 97602 -14 10
43208 94022 -5 -19
51393 49629 43 97
72462 88845 12 -97
43659 35149 77 -71
31256 55631 28 -14
95260 46423 33 -9
8679 34190 47 -9
75600 56933 -3 35
68868 16012 -36 -71
31284 53651 6 64
22685 63904 20 -32
41203 3887 80 -70
12732 21839 88 56
4599 36059 -5 66
8929 51947 -29 16
5286 42748 -47 36
95400 75174 5 -27
61818 11149 -73 -50
48853 23265 4 81
88783 68764 30 32
83094 31528 -33 -71
74703 67821 49 2
93108 78996 -87 61
45723 19965 80 40
82012 759 86 73
19964 5171 32 -95
4031 19222 -95 -72
925 58707 -42 50
1013 37191 39 10
99398 84462 -49 48
61653 51831 -57 -71
92986 6662 23 88
80216 81041 91 16
54244 37658 -77 95
67572 35904 86 -7
66916 19377 92 26
