300 1000 10 30 100000
71251 27531 82 -91
91228 70366 39 78
17994 55065 36 -65
80744 28139 -57 24
49727 83141 98 -17
17511 9310 -77 14
76265 3988 97 -82
41973 86624 -81 20
827 84404 -63 12
91502 10027 -18 9
31702 99760 17 77
34537 37617 88 0
59416 5120 68 -42
9564 82753 -59 -16
40835 79913 -61 -14
67429 80546 -21 -64
83087 83394 57 -17
44919 62596 16 39
1841 8275 -94 18
94029 99613 44 -92
93885 11628 41 -7
77191 45086 -55 36
84251 19619 -12 49
66506 29922 -99 49
65796 30852 1 50
82461 46708 31 99
83948 66484 74 85
23753 71027 -52 -90
19430 93432 92 -44
75774 85790 -21 41
86978 55187 40 22
75183 93101 43 9
86980 47894 -14 -76
41156 21261 -11 52
60318 21731 -36 -59
17723 72337 -61 86
88692 2941 -64 64
37003 58162 75 58
86536 50338 -20 -64
3378 30437 -59 -12
15721 94715 27 -59
31363 42667 86 -32
87550 97843 36 82
77280 180 -47 11
29411 85446 -8 -65
93912 83201 -100 -41
81370 38325 35 64
20121 96079 85 -87
5942 67416 -61 84
21228 4854 68 60
90809 55155 42 36
58218 76332 44 -73
12449 51011 90 94
8213 41320 -97 64
77903 2487 -73 65
91349 38709 82 -97
80612 11263 -32 -57
95334 45489 -18 18
66514 95928 26 50
36038 56686 -57 69
62624 16086 -23 -93
6740 20091 -57 21
1294 5169 -46 23
78085 74873 -85 78
94698 63992 20 -20
56039 75228 -28 82
1478 75027 3 -75
87929 16845 57 96
89390 54439 -12 31
42526 72412 -95 -37
76501 39344 -32 98
22151 23271 76 7
88957 22055 87 -66
75973 55381 -54 44
86870 48349 -95 22
56789 26066 65 52
37331 8171 89 -49
47058 66784 31 2
30038 21991 52 73
96287 24377 -74 -47
29877 1296 74 -47
29975 92181 78 17
6606 53716 24 -13
67052 19687 39 40
50763 42966 62 -63
52625 85123 -9 25
28933 53664 44 52
17943 37716 73 65
64909 33934 80 88
74394 76913 10 19
81053 39112 38 38
16724 36594 2 -25
54085 50554 -20 15
60530 72608 -54 -63
8895 49998 -86 -26
75246 44016 43 -21
71988 67365 -3 82
32930 7521 -10 47
17672 16885 -2 -32
24750 45289 30 99
55852 7026 26 -12
17218 42593 -65 -54
7465 64414 37 -90
85971 3821 -75 -63
2581 84567 56 -91
6011 6359 -93 -79
80092 69944 -88 78
4204 74589 85 97
42671 94858 -17 8
30975 9771 7 73
50523 24129 -90 -77
11664 43952 47 38
64256 34583 -88 93
80882 75425 -77 97
97164 18860 58 54
23027 68903 -63 56
45127 87587 28 -38
47983 43572 -94 -23
4810 52653 -55 -59
78706 22843 -18 -72
10298 48749 -10 -80
31971 23770 61 -32
12344 27332 98 -80
41289 16207 -71 69
45472 48822 76 69
93047 54345 -2 47
9407 49625 -56 -18
30911 76968 56 99
39547 77601 2 -71
20349 57075 -46 84
40931 69842 39 86
55092 12947 -64 -64
95329 50921 -93 9
91538 2280 88 89
89371 80620 -44 14
86779 31994 -93 5
97412 21613 51 -13
44889 60207 9 -19
16220 76250 52 25
18095 70061 72 42
76829 67110 -4 -84
65253 50319 40 2
87736 70448 -13 -80
72777 40094 -75 68
60135 58901 -43 69
46885 14555 38 78
87034 19845 -33 -77
82063 86893 2 -12
26492 33260 78 -35
29049 84909 -73 48
86891 3920 -46 -60
38807 8535 -89 -85
35461 74557 87 77
73641 78621 -90 -74
55925 67305 -77 92
47693 37218 79 7
52786 81846 42 23
23955 77171 -45 29
36947 97704 72 86
82783 27196 -9 4
4540 60359 -39 -78
88423 58189 -94 -70
30170 23267 -30 -46
50265 35379 -50 -7
63391 11875 -33 -9
45526 2072 -59 14
40002 43257 -94 52
70073 46683 75 81
42486 6890 39 -48
64052 92846 71 16
52839 42432 37 49
62669 61336 -90 29
72121 75386 -7 -42
23853 56794 49 94
52523 50402 86 -9
57570 45598 88 -29
9276 75765 69 59
26896 88088 -37 -42
84664 30364 -96 -82
44723 79766 56 -98
76741 55518 -29 70
25310 96906 -1 -40
39269 71997 -96 19
67328 34176 -34 -79
18873 99194 0 -76
43120 22603 -44 -3
79249 43259 89 63
22105 45375 -64 -65
93322 94611 86 -89
89813 67263 47 -98
64623 85872 17 83
83515 36956 -51 -65
21599 80784 31 23
28969 67160 -80 -4
76343 38508 0 51
50807 86291 -33 47
43092 92852 87 -88
94680 25408 -54 17
29369 83070 -58 73
44685 7500 -57 -84
70662 68892 -5 26
43803 71694 -3 -29
41328 45037 96 4
55570 49504 -88 -13
41481 41185 -23 -36
14253 56730 32 95
43869 7563 -71 89
40945 83860 -51 22
18381 34168 -55 82
59737 9055 -56 45
11428 86895 -74 47
93566 27237 61 -90
10085 37542 -89 -65
21700 26542 -56 33
79939 29655 -19 -91
94162 81099 -27 97
3137 36351 36 73
87876 44859 -17 -23
88247 28541 -93 35
74663 7585 14 -17
95665 11213 18 -53
26371 19809 -59 67
58131 28252 10 79
19520 1229 -24 52
97930 32420 58 80
34154 56995 -79 5
92058 8439 -27 67
35915 71468 39 -87
85868 37801 -98 -18
29040 42078 -47 -18
51269 89902 -9 -18
22468 84062 -82 -84
42770 36682 0 -99
82703 39378 -75 -22
94069 33339 -7 -10
95395 25490 -1 47
72931 56606 2 3
87850 25568 77 72
35918 46617 68 53
25910 90151 -81 42
65585 54726 -44 -84
33838 98800 14 -62
79321 42808 6 34
14735 61843 2 -12
17140 90942 -17 54
14169 10793 47 89
34519 25573 32 -76
13664 30596 -43 -91
37199 52427 -36 75
15709 70770 -97 48
71633 61279 82 86
61546 93221 -82 61
17115 41021 -8 -100
18181 58159 -44 -8
50447 433 89 82
92449 67367 -39 92
84827 86430 99 -96
68224 55431 -49 -41
6869 87711 90 88
68111 66460 -71 16
9914 52054 -82 -17
60481 58302 17 87
84381 36759 37 39
16446 53612 -52 -86
83804 10766 19 89
34786 72165 -65 -51
95961 90274 -82 3
48577 83670 96 -14
16487 35980 -65 -25
21437 64716 4 -73
89430 82052 94 28
59207 24809 -36 57
14658 73542 56 -1
53743 53521 -92 -85
62069 99606 -99 24
17448 39268 -42 36
58553 38435 3 94
7247 37266 7 47
22575 77135 6 89
5727 58810 -80 -7
5642 99169 95 12
17465 85430 -22 -35
86935 12823 -70 27
16652 30569 -66 41
27694 86144 38 30
82483 57261 3 68
50228 79341 -50 -93
4643 14027 -64 -90
12172 8903 90 92
26067 7144 25 29
7193 41874 88 -88
75171 65581 -63 -81
49058 55113 -46 -15
12227 95885 -42 13
66759 47078 43 61
62813 53565 14 36
56533 28667 -37 97
41706 14007 -91 89
55837 46556 34 57
791 1572 15 23
