300 1000 10 30 100000
21223 53717 30 99
55634 12712 17 22
52941 77696 -50 43
91922 49969 73 -92
1982 68108 35 -29
11823 73576 72 73
65049 13023 86 12
643 99649 8 -66
34061 80464 -63 18
80765 72883 1 24
3661 50858 -2 -33
20174 48537 -95 75
95159 30841 -37 82
84853 82620 -73 99
67183 54459 67 -16
84190 73507 -20 86
53604 97150 45 45
8796 1172 68 36
27356 53786 -30 44
62583 13746 -47 -73
84406 2073 39 69
80966 44872 -63 -40
70548 39186 -95 6
27703 50752 74 8
50729 97751 -44 87
26244 2607 53 -54
90098 22484 -81 -52
39260 1449 -17 -54
54532 5167 -50 100
77769 74865 -59 59
31657 79218 95 -68
58472 81474 83 79
54238 70368 -87 -68
61735 1250 -44 -95
64328 52990 -52 44
82688 10437 -8 -95
80336 22200 58 12
54755 26975 -69 52
64207 49676 65 83
51814 54217 55 65
68215 46630 -80 30
27645 78481 -84 -98
85187 92728 67 76
45955 78497 -47 -68
90609 90295 62 -87
11626 72541 -57 -15
8308 15319 -1 -72
54006 62722 75 -57
73176 27940 -44 57
24926 35760 78 -89
15786 98977 -66 -67
86403 8999 -39 -85
68384 69493 -68 87
29522 54531 -62 -37
76148 67430 26 -66
21291 32045 -48 -11
75543 74516 71 13
33750 13706 -74 34
42244 67152 61 74
1300 51392 -78 31
71561 53331 32 -21
69338 32361 89 2
7959 71719 35 90
30488 55505 -29 50
43813 28332 72 -72
43551 48251 91 64
19044 11059 12 57
46550 86258 -90 72
44332 72150 -91 -78
46290 35337 55 -25
76013 73698 -32 10
27072 53910 71 -82
5837 36082 24 87
14834 18103 31 -97
78661 14903 -97 -84
71051 7035 28 22
68037 39131 -78 36
19747 80998 -64 -50
77518 43300 -81 47
31877 57559 83 -83
43630 16152 76 -21
55904 89015 1 -3
52842 99713 -44 -36
73937 94246 -13 -53
64553 65740 68 13
59538 53636 -62 -78
88530 24564 -68 33
54469 65298 39 -96
898 27631 49 49
14637 54889 -19 98
87706 19461 -67 -61
42400 15648 -53 67
69965 32109 27 -25
43034 21969 -6 -59
62001 82536 -92 -21
88906 56189 -44 -59
40143 45668 -95 -44
16277 60972 2 -11
1760 87810 -83 33
68341 77666 -49 -75
42042 88729 -32 54
65572 28554 65 77
91966 26194 -84 -32
94455 71692 -54 18
68944 19718 25 55
48213 75772 72 99
9009 16489 -13 39
75896 23409 91 75
82108 5181 -24 45
98383 93188 10 61
46017 23672 -78 98
32858 77829 85 -44
53683 74303 -4 95
33462 47990 25 -42
42592 56135 -16 -34
89087 49090 -30 75
76694 24343 -69 68
78168 87597 -37 98
11490 13382 -1 88
17934 98911 -43 92
83181 304 -47 31
22231 13356 -71 88
84389 79615 55 86
59955 42085 87 -14
3653 89820 -36 -97
97195 55875 -41 66
30602 43769 7 -49
86484 34002 -41 13
39610 5804 87 -68
22336 13904 -27 44
27519 56161 -59 -62
18277 35103 -7 63
78574 30291 75 83
73907 85366 64 -39
67112 59868 17 -37
46091 93073 43 78
2568 5626 40 55
1259 86057 -92 -70
33210 16122 91 67
51374 29844 -33 27
86205 10415 -100 -83
37020 70454 30 -90
95784 77804 93 -30
35288 67154 -40 49
22163 9284 59 -87
31525 27591 -21 17
76169 97729 59 34
82186 74494 -28 19
19167 4528 75 25
73992 30091 39 -92
3845 31598 -66 -55
60750 8225 51 -20
82540 37139 -55 30
48132 77576 -27 -86
16301 45092 32 -79
23135 88033 41 -95
82711 55325 4 -36
21565 70492 49 13
63240 78257 -19 -78
82810 40801 -79 96
89578 71713 10 -36
2571 78387 -59 7
81782 74082 -89 -83
54701 38471 49 -59
22829 72660 28 11
94596 75368 88 -99
11874 13133 88 51
7471 63722 -89 -61
77751 67318 -99 35
29945 75695 26 -79
6857 1013 73 -31
19589 33822 -38 28
56438 83226 54 45
1712 42383 -89 -25
3044 14482 -33 -50
16442 63159 50 -11
84716 22599 -82 97
77527 58883 -66 70
31275 56442 -43 32
40536 55577 -47 -63
49399 67772 98 -96
39690 37219 -6 86
82114 42834 98 59
7073 45988 53 -12
8863 35465 30 -65
10399 20620 7 -23
90286 99377 29 70
29765 99202 -71 17
66683 17389 96 -69
69817 54118 48 -53
74605 47530 -32 1
87174 39630 -20 7
65245 47655 77 85
20437 63572 -27 43
8915 48305 32 32
25889 97420 -99 -72
39318 16806 -37 -17
10276 55580 -68 59
59422 85798 64 95
16155 22131 -13 -57
49232 75691 66 -47
41645 5514 29 90
86389 66996 44 77
82272 6067 -23 55
4946 15304 47 93
78905 40521 -65 67
79047 15117 -32 73
48356 73090 34 -39
94273 90710 3 -60
15676 13964 -55 -23
91948 40847 -100 73
99650 7925 61 -91
39318 66085 87 45
66432 13619 -71 -42
15952 25006 -33 -18
34016 28014 86 -21
33503 15002 12 45
56851 52634 -35 -57
9926 57056 -99 -69
55807 48834 -54 64
5700 84316 -29 -72
63049 95050 -17 -62
29022 93429 31 -25
42240 26206 -46 -7
28538 31556 96 -23
47551 10011 -81 -50
56709 85851 -28 -29
93083 87111 -40 92
99878 28539 76 -70
36618 28497 69 -73
70687 94377 -23 75
14649 26697 -44 -30
24474 4017 87 97
55521 14312 -44 -27
39662 80250 11 36
20568 81503 -36 56
24168 31564 -34 16
13406 79511 -41 -63
20904 73319 -81 -46
35089 71301 -8 -62
48838 92748 2 -44
92914 3755 22 97
43520 91404 -49 55
66213 7899 28 -19
49985 97941 -86 -80
50320 76241 18 33
37920 36069 -93 10
64450 71010 16 12
87336 8977 96 79
98065 15038 -57 -10
60429 36864 -43 3
29722 40819 -44 -48
12850 44182 68 -6
15342 60131 13 -76
5539 40590 17 -77
99050 31642 69 -16
7231 93230 29 84
48103 22930 -60 37
17735 81149 -84 10
78605 17663 -74 91
81383 7403 -59 -46
85372 21192 86 -12
79077 28305 57 -10
5117 9880 39 13
83442 66702 62 45
2566 58249 38 -81
78958 34695 42 58
90222 48322 -86 66
25593 15290 16 -61
72290 94188 -13 -86
32572 37876 -10 11
31866 21964 70 -90
74285 37513 -3 14
99811 51786 -88 26
70264 51934 19 -82
80162 74286 44 -19
28745 21758 -33 91
13640 85411 39 89
26835 3031 -31 -83
16735 89407 -48 91
13265 24509 -36 -85
23120 51815 15 -8
77362 32894 -80 -18
62331 50999 -28 -4
57421 1161 -35 30
21628 70881 -65 78
68018 26732 47 19
97799 30700 -62 -64
77902 5275 33 -68
37820 28189 31 63
18705 88445 82 86
30488 16772 -100 57
72191 20225 60 -90
80698 8234 12 14
4011 85720 -47 5
91149 23425 78 50
94449 41387 -76 36
41829 22866 93 50
71604 16158 0 31
27573 191 32 45
