300 1000 10 30 100000
49801 4259 -19 -7
9115 1153 19 54
4839 59957 -26 22
54657 76899 97 -46
35927 79207 -46 -25
54562 20335 -73 84
92675 79711 -68 74
47738 33222 28 -99
16880 57421 43 -22
72653 79484 -4 6
17257 10817 -65 9
80097 87664 -63 32
76847 28432 25 38
59564 9926 61 -12
23548 62776 44 -39
9660 89956 66 -40
49570 76888 12 92
16826 82749 26 63
9245 33308 32 -7
9811 53719 96 -14
29167 73180 1 -46
97606 23070 -80 71
85286 3399 46 7
45177 87148 50 49
72960 19643 -46 -70
76683 37447 -81 -94
46005 91536 -82 89
59709 1330 56 -84
76435 89036 -90 -45
61490 70636 -85 48
17497 74738 88 1
65486 76935 -90 38
82826 87425 -93 84
98814 3908 78 52
41397 35701 48 45
49692 80972 93 -18
63809 71263 -66 -40
70298 81194 37 52
4171 14481 86 -1
76719 81924 72 -45
16007 23050 40 -77
27705 68832 97 -100
7229 72605 93 63
25768 429 -1 -10
2122 26842 47 -68
2162 91493 71 -86
89893 27007 24 -71
81525 18283 -33 89
57855 42064 -18 -34
41237 19029 -95 61
3694 57651 53 91
66726 38231 -89 -83
13558 57583 83 -53
50273 80573 52 38
18156 8576 43 -71
21909 48066 46 -84
75606 34598 -48 -33
19499 84174 42 -1
53041 85275 22 -92
13726 68638 34 61
71029 92569 -72 62
56781 71057 -40 -68
72263 26823 83 18
85178 53148 9 -76
27543 25177 48 -80
14378 48462 -30 78
83142 76492 -50 -76
80663 31249 -41 -77
94276 13228 -28 23
89263 85529 77 -21
63692 65283 -33 -84
2525 39417 92 -47
68480 58481 94 87
44706 35493 -73 -6
10526 80182 -20 6
31128 50825 -33 -37
38000 66128 64 59
82040 55782 -10 -86
275 36450 -60 28
19887 35495 5 -43
39818 51637 -100 -74
96768 98217 1 3
71816 26296 -73 -27
35422 58914 27 -99
56431 59599 75 -88
94532 57838 -28 73
52028 23423 -39 -31
67397 81444 -64 20
83884 65863 -57 98
89839 51120 9 52
54764 84555 18 41
64734 84956 -88 5
96987 55704 -54 65
12971 11682 -36 -18
22368 77200 54 -84
44730 19139 70 -84
6185 64687 75 82
76377 61381 -9 26
13005 75937 76 -92
84957 86251 -11 -47
3525 17929 -85 -80
27412 93912 77 -92
14126 96995 -45 87
95016 56516 -25 -57
81979 39408 -59 89
85196 59843 -13 -40
92549 85282 78 67
3890 70585 -2 -35
87150 63326 -22 -69
41866 63683 -36 -73
67448 75136 -89 100
29077 32425 81 -98
5460 2644 -53 74
27353 9252 75 20
78323 66548 -51 -80
77809 18453 -84 -92
46290 65853 11 36
75837 74216 -21 54
78836 44402 30 84
36368 51322 -64 -4
83862 97072 -77 53
56798 93184 -36 100
29689 58150 52 12
11196 68916 -86 -44
99450 5801 57 -25
81880 29332 -35 -83
47020 45080 -50 78
3164 76377 -91 -81
28546 62222 97 -82
20413 81019 -30 -58
57818 42899 75 55
33479 81216 -27 -96
30615 81490 -100 -43
17207 2528 -29 -67
17310 64281 -18 32
90629 43395 -51 -80
97725 42725 -65 31
76768 30812 8 -86
4841 46402 72 -9
95357 35931 15 -84
30998 52134 -89 36
30719 12911 -65 3
55416 36677 51 -98
49265 52320 54 0
26621 40932 50 -52
4424 52872 74 85
58909 40796 -15 11
23970 48376 -30 -97
76149 19363 -84 -45
46195 27017 84 64
76026 54514 -12 -2
67203 98891 -88 -60
86679 54836 54 -81
65029 72733 -85 40
20398 54071 -4 92
18474 45704 27 32
6191 99772 49 -54
88731 30009 19 30
64079 29176 78 -15
28936 2529 -62 -61
14624 50102 20 44
60208 47303 -97 -83
54299 87537 89 -92
31629 58254 -11 92
89692 69687 8 24
58351 67986 -8 -50
90682 54694 -2 65
63532 42279 -51 35
30623 13931 28 -70
46381 66740 -3 32
61964 36006 98 -76
80528 55088 -83 -96
15747 27121 -95 -4
20865 22565 50 -74
73858 6764 -98 -17
58713 28204 81 22
68492 50623 1 15
21122 59479 -44 45
33590 65514 30 77
3450 99351 -74 -96
27920 24819 -34 -22
87292 71140 -87 -73
23732 29562 39 -42
27609 78651 -43 -88
76171 94822 52 -38
44439 89196 -32 -18
41352 61970 -4 0
39979 19553 91 49
79193 74099 38 -17
75778 12110 32 -52
41683 9240 -44 -49
75394 38476 1 -94
58780 13055 -29 61
7259 62339 72 -25
25161 62125 -35 71
86307 28122 -93 -24
74834 53460 -22 -68
15833 96858 35 56
43522 10242 -48 13
17785 67887 -75 -17
92348 20763 -20 -83
89465 27526 29 39
11832 1424 25 -14
39975 68241 82 -44
94699 29260 55 7
8483 75497 97 -86
80319 8418 61 32
76674 30934 -16 -24
33996 56717 19 -12
23474 309 97 -16
32814 88078 80 13
67541 89624 55 -57
19800 26154 -82 89
49292 66376 -11 12
1170 99039 18 81
88326 54393 73 24
99946 89869 15 -28
37715 72199 37 62
69705 47106 45 59
68806 18757 75 60
71408 90669 77 -67
19772 79230 -88 43
16423 59981 12 -39
62205 48687 -72 -61
10428 63718 -96 31
33907 78556 64 90
38909 95596 -46 -44
6764 7291 28 60
95830 534 32 -26
28999 28321 67 -92
64320 51662 -90 63
87544 84775 -56 -36
31825 67721 34 57
96715 66454 -79 23
72335 10758 42 26
29498 43480 -34 78
8118 94608 -60 91
88039 37606 9 -58
67564 76580 -86 -41
33076 52195 76 -98
93314 34229 -69 -67
55409 93373 -39 -68
50306 42178 -59 48
5018 97128 -31 -60
55947 57097 -39 15
38841 84883 65 -100
11782 33920 -20 -29
58591 28885 50 -25
48847 38794 -69 88
48941 84156 39 26
13351 23408 -88 -24
57049 5641 38 -55
94244 95212 56 -26
60204 17951 -35 86
85098 67711 95 8
72207 62582 90 -60
85178 99098 -100 66
95725 74233 -58 47
75307 79412 97 -34
49819 41491 84 83
58972 43967 75 30
41567 59583 -88 -19
15309 21296 83 -11
59791 78246 30 15
70929 32244 -28 -90
12611 31830 15 -43
4417 25431 50 39
3144 31761 45 9
79099 96879 -21 17
44167 23599 15 67
55119 64359 30 81
80317 20373 -41 -46
53889 38839 84 -35
40550 80053 10 0
22293 14392 -62 -45
62757 20384 62 65
38689 58914 -36 91
49970 29302 -69 -85
31181 40904 45 36
73917 97219 -24 42
7783 385 -28 5
80144 37024 -24 56
65447 42097 -95 59
62781 19473 49 -68
48844 63132 -24 92
48713 63631 91 70
67367 84483 9 -19
7052 90120 100 90
37081 69068 39 33
43347 83091 -92 88
2713 80024 83 26
73777 8347 -4 -30
72922 25405 -15 59
1623 19457 87 -55
41548 29854 -46 1
45148 97166 -25 64
92924 13176 -8 14
60781 52149 35 -24
62736 39120 54 62
9971 94625 -14 26
