300 1000 10 30 100000
83987 62653 -18 -28
48897 45159 64 -78
10147 91705 100 47
12945 38524 28 53
80716 78427 -47 39
58763 70663 -83 35
98923 50634 88 19
70049 83108 -95 98
23692 15307 45 -82
6285 16169 81 24
31178 10248 -81 96
39389 18498 -76 44
18637 76557 -53 16
22791 36562 39 14
96149 87955 61 43
19787 54405 68 -73
46487 17310 -8 -25
35633 84875 -29 5
58711 5924 41 -29
30631 19084 -23 97
35871 21949 59 20
2506 16800 -25 -85
83220 40090 -56 -28
80639 94924 -17 83
46104 59194 91 80
87734 35513 90 69
20027 22857 -42 85
93048 22345 0 -39
47400 88655 13 -58
25131 76969 11 76
47441 60803 89 23
94693 21166 32 -76
23568 7821 -28 -17
38498 47552 -87 55
63018 73155 -3 -96
81233 32559 34 -59
11763 68405 70 -74
29166 31080 64 -67
87675 42094 46 27
49713 10228 -50 23
14249 88162 40 6
25154 30558 77 0
93176 94096 -74 -84
30102 81928 -98 22
90342 39362 3 8
65714 32023 -23 -39
53925 94517 -70 -13
83259 4890 90 54
29759 65532 56 -47
22894 99603 -74 74
95193 86033 70 63
49500 48180 -33 9
47288 22377 -6 32
86918 60462 61 -14
15280 77202 -76 -36
80798 69929 91 73
21456 75691 4 -24
31247 81772 -14 71
23321 74022 -93 -88
95134 51642 35 51
55251 60071 18 17
30933 55421 70 -85
64450 12039 -95 30
87195 69118 -21 52
31336 59145 -19 63
35062 64077 -77 -94
9126 70234 -73 69
26888 37629 -74 -13
50982 63796 -70 13
75241 52555 -35 2
40157 58969 96 56
25228 61275 0 12
69548 24952 -68 11
40280 79255 -49 97
66847 6645 -68 -83
9973 23743 -62 31
19441 25976 1 -81
7269 57008 -59 3
83604 52404 44 -70
95168 1593 5 -44
10098 22413 8 19
67481 73540 69 -45
45358 263 16 -70
63573 22016 -41 -57
29342 27618 -95 10
52834 82541 44 -44
46961 25241 -13 28
71621 11421 -21 -2
37690 91894 47 -6
94784 9791 -48 -89
43171 4433 -98 -47
2540 27600 25 -50
2908 54260 55 -73
59542 96617 70 61
61891 13253 66 45
16 88868 0 -53
23331 50568 54 81
40561 59826 -76 98
59481 38678 -37 -32
78779 50237 83 -64
84721 14029 45 -39
69214 22587 -12 90
80933 21839 -84 51
24300 54308 -68 -93
16709 72573 -32 -65
75075 92438 -36 32
74638 5155 41 94
34547 43673 -100 34
63355 93285 15 -62
19433 27839 -53 4
91752 86012 -74 26
12321 75062 -58 -96
41724 55808 58 -54
77393 12197 -40 90
39991 23079 -28 -94
27661 13907 -21 63
8721 28987 -69 -83
27479 8783 80 -29
86870 18118 -91 56
70118 14376 -91 -45
32037 84510 -66 -27
34059 86601 -48 70
51095 85862 13 41
55507 63089 -27 -6
25368 89396 25 -93
70292 31639 43 97
74142 18205 39 -19
30267 95741 93 -26
81629 50948 8 12
2950 65008 20 15
15612 66582 -98 40
21648 52877 -63 -61
96686 10802 69 -85
38578 10458 -53 -69
10832 94806 -52 23
95937 44856 69 -45
61936 62148 51 -80
27810 77466 -11 28
82177 84500 -28 5
45648 45136 54 -52
39014 22776 -70 -23
34775 20403 42 -29
37729 1953 17 96
73356 8895 -76 -17
63429 9000 -62 55
44988 44078 -97 28
64402 45264 7 85
29644 57445 35 -94
4739 80652 -19 -51
31894 26750 51 91
30692 13909 -30 -66
2768 67924 40 95
15395 378 77 41
31230 83126 71 41
54079 1331 -90 57
67110 65624 -88 73
77311 22075 45 84
56536 53707 -4 -14
97263 64748 39 -72
53391 8240 18 -38
20826 15763 -18 66
23664 59919 -3 -91
66729 31428 92 -84
32359 66647 -35 89
15597 76146 5 -30
25515 76278 -11 -65
74869 77103 -17 24
45459 85021 76 -2
26782 18202 39 -91
46836 88875 -86 -76
43325 48403 5 -52
65759 98693 -90 -92
11493 93383 22 -74
93752 599 88 -34
8236 34115 65 5
25411 60272 20 -50
78080 82924 -13 -93
72062 83040 4 10
60098 46091 -34 -51
47175 64746 98 99
57503 62235 -17 0
61130 96955 37 69
52087 91811 -4 -93
88479 99446 0 -93
84318 76238 -36 -88
70283 57034 55 -67
65228 38389 44 94
85304 58355 51 6
7248 86143 40 -20
92814 17998 -51 -45
23251 31935 -100 89
44299 13801 -13 -63
45849 77303 -92 27
35197 32699 43 -2
45806 91742 10 -54
94967 36349 -15 -56
40345 69346 81 13
78579 42501 -7 97
84314 45085 82 40
34907 95846 -13 -26
89836 62937 56 -64
67115 10832 40 7
73751 15328 38 -53
51430 23037 -62 -27
53846 33593 -5 14
39317 79636 -72 -56
41499 36661 -8 6
95387 46296 -15 -48
26338 12236 65 -21
87018 79284 -18 94
58514 29725 -23 77
87521 78214 -22 -69
2704 52098 -14 53
15873 18816 85 87
13755 1151 89 10
48096 16846 53 -49
18280 64884 39 -51
20587 5850 94 -97
73098 38827 0 -97
56315 84298 47 -4
71186 52750 39 -22
18171 46189 -68 74
8673 9450 57 -55
62974 4461 28 -6
75311 63267 98 -36
84091 88522 11 25
67598 50454 -78 -58
77484 96176 -71 31
56631 78718 -61 32
13819 42255 45 20
4214 53797 63 25
3346 5769 78 -21
86552 84318 46 70
35703 31764 -55 -44
33437 27387 44 -68
76169 40054 -92 -8
59301 59669 -80 27
96084 67155 11 18
55723 56380 29 24
67512 71463 70 -66
34393 34990 29 -36
59036 56752 -11 48
33554 58983 45 55
34722 23702 3 75
68453 22468 -6 73
13595 99079 -99 -66
78562 6735 -53 98
11799 41557 57 83
11501 66709 -72 -21
37178 47807 -9 -92
34810 70831 31 53
65289 92512 91 9
78398 83259 -90 59
2501 56262 -88 -33
39910 96693 -19 -84
28004 99562 29 62
67933 97351 -98 60
67458 74078 41 -76
49203 67915 61 -72
35668 99041 -29 29
57338 7256 59 44
9737 26143 7 -35
32564 11660 20 -90
12551 89617 42 53
59878 35723 -81 71
57267 62367 -22 -35
36036 73850 -69 84
40386 64852 77 -68
31569 55945 57 -12
41661 44668 29 -22
16657 45781 99 89
90952 34595 75 -31
63097 84294 99 58
24998 52120 53 66
59998 93570 -85 -87
56115 60569 27 7
35762 15351 -69 -12
86370 66636 5 20
97362 65330 75 -89
86793 36270 4 10
12990 31874 -97 -49
24744 63425 -32 -11
90502 58738 67 -32
49195 1974 -3 -93
4330 17680 -81 67
56600 94862 64 -77
29982 73578 -46 33
3338 6484 -41 87
26630 71222 -98 -12
32491 72163 78 94
10239 65353 -97 -85
204 13546 -84 -15
44751 30971 -96 46
30463 26197 24 -88
66568 10030 -31 -89
47679 93936 54 -55
29913 60714 47 -20
61928 53087 -7 -41
16763 79851 -66 59
72803 76285 -11 -43
