300 1000 10 30 100000
85973 32296 -7 -27
10091 77744 -20 81
38264 69704 -26 -27
35621 55927 13 -81
13129 331 -67 54
27298 68966 -44 -67
68418 75837 -77 -20
32830 8596 -12 72
83852 27655 -58 84
9060 81894 -8 -69
42855 95422 -36 -92
56678 16470 -58 -80
82351 27945 70 78
57521 68305 -83 -70
34087 12941 68 -86
39120 59145 58 -33
34471 33437 9 30
79514 48305 78 -4
16362 26046 75 -46
22176 59920 -21 20
16310 84200 41 49
1922 6238 -19 18
32063 11409 -91 87
51696 30850 -10 30
60356 5671 91 12
79247 67688 26 25
66805 5810 97 54
87189 19423 10 48
78938 25800 -81 -83
82905 49900 -3 53
29370 41291 -77 58
75899 75724 -58 40
68530 96717 -22 -88
84398 57641 36 -65
7277 29556 -7 46
41812 39779 -21 -81
62241 75039 61 91
81053 45994 -16 -99
69338 22276 11 19
8069 26589 -33 38
85817 92596 23 -63
95248 6501 -41 -64
40791 66097 71 4
23616 69916 35 -96
23620 53080 76 36
92118 94735 -38 91
79832 22379 -82 67
55714 46958 -6 -35
51287 38161 32 -36
1287 99542 -85 -68
40986 19176 -84 39
69739 43045 99 -28
45280 23919 -44 73
52038 83002 66 25
84587 31608 60 -23
19422 25857 -98 -12
10360 93080 -73 -66
90310 43190 -38 26
26119 26985 62 -67
19206 96362 -79 95
11685 20623 -12 43
22003 66297 -3 -36
90670 99625 24 31
54997 1173 30 29
94179 59987 -28 -69
23815 72928 41 -44
17248 67779 71 -12
74575 98706 36 -27
59930 45537 -45 31
49268 61387 71 15
32147 80741 66 21
46882 19656 13 32
39856 98252 80 -73
27429 92513 -63 78
84616 16318 -5 48
1045 20433 -22 -49
38384 19816 76 84
22768 50288 -63 18
54332 66996 67 85
21708 55623 11 -9
85101 97849 60 -65
17013 86628 33 55
26786 6706 -84 19
61714 35302 19 14
30993 58277 9 81
54538 98376 -53 -5
4239 22588 -65 83
58818 95136 -59 -39
67203 17502 -28 -1
88693 47472 -72 -52
88300 18394 -63 -27
44789 76084 -31 13
35607 21157 38 30
93338 8620 77 -29
19975 51302 -70 -41
78587 56285 -3 48
13154 428 -11 -28
96471 33345 -58 60
74571 98970 -15 -40
53110 28599 -50 25
62004 69769 -27 -4
34278 49547 -32 8
39257 41624 -94 -15
48081 59842 -5 -28
55114 55185 -23 83
92311 8704 70 73
9001 50009 11 -84
25001 11737 -32 98
484 5762 -79 -67
45200 24125 -39 24
74851 7133 -21 56
54901 55690 18 48
2774 76057 73 61
82297 5296 -95 42
3457 23657 27 -71
30048 45988 -92 -100
88324 74891 -65 -7
63524 23084 15 -38
87962 75218 46 -26
31541 67861 58 36
81945 79438 -66 2
69694 58107 89 21
54474 57617 -52 -82
13405 22939 97 73
91736 65919 -56 -65
15173 69138 12 -75
28839 45109 99 -77
96209 62976 7 17
97808 70679 8 43
72498 84312 -72 -97
10823 95083 -70 -77
66307 20376 -13 4
24056 7558 -39 59
80589 83144 -62 -99
36221 80840 -67 -51
62673 55805 -8 -43
9735 31108 7 -71
90620 89084 -12 -90
53888 67283 17 -50
41060 80321 91 12
41977 49931 -75 -39
32099 86525 -45 14
83728 71985 73 62
23171 37197 -80 -75
97856 60205 42 -17
81498 5774 52 -77
77240 89326 -99 84
69321 29854 -33 42
29243 27264 -80 -81
43245 45850 -94 -6
80786 15852 68 -68
92246 65953 -59 62
83320 86401 25 -48
48231 26748 89 -33
71327 66735 -74 60
51269 12484 18 -18
34595 54699 44 -84
86386 58398 -47 -20
18259 93493 -56 -16
54009 32811 -65 -44
8044 57012 -98 100
26121 72763 37 99
67012 87324 53 -70
37152 55570 24 10
51644 21058 85 -66
87083 49101 -24 -29
24527 16495 42 43
82049 65394 -67 3
39366 82139 -11 -48
33385 95535 76 47
44609 29353 62 7
98165 23951 79 -82
95544 45221 -10 3
22353 79199 40 84
92005 57837 -6 -13
88670 20277 22 -46
65905 88564 -72 5
8140 71186 9 -38
83696 74086 15 -31
29421 99250 -91 -89
14780 52702 -32 -26
30937 92871 16 6
57472 99523 -50 65
47923 98837 50 22
49983 34961 14 -35
4706 3109 47 61
65953 54205 45 29
80283 97041 -67 -100
6434 52551 -72 59
52463 74363 37 -43
30454 97299 74 89
21306 56851 74 19
53503 11227 55 -92
60569 55645 -43 -98
20747 14294 24 93
27107 55867 84 -30
15169 44836 58 -62
75325 10703 -26 -52
77197 73350 76 79
28930 41239 -88 79
72546 87597 -65 44
7695 27530 -94 -72
67996 81047 6 80
42301 23263 39 -64
78332 73257 -44 85
1073 1513 90 59
99639 63651 -55 -69
22326 73390 43 58
2948 22332 -89 -37
70400 8046 -20 -11
16372 84396 -23 99
3780 6333 -8 84
83497 36954 77 -65
69908 26373 -39 85
80429 5974 76 -91
18181 55853 -29 52
31000 21095 -1 -27
169 77083 38 -82
20902 49376 79 37
65324 85391 -28 -35
24063 50144 60 26
24891 68649 75 33
62671 74331 -98 48
33102 57695 -50 -68
87384 17538 -41 -55
7747 20065 -83 16
23860 3948 -17 -20
19235 16194 22 -66
66370 92341 5 77
47055 30834 47 53
41057 7258 -30 28
32093 21309 67 78
36692 33767 44 -79
3372 5389 -62 -98
43841 30179 -35 29
55659 25177 -57 -64
66397 25864 30 -15
26794 58204 90 -19
3169 25071 93 85
52955 51075 37 -41
60205 23547 -75 86
204 19800 65 -85
90157 53482 -22 -28
81260 31211 -5 68
92627 29397 -44 3
82161 55270 78 -48
51491 55294 28 33
65776 655 -14 85
54163 52546 69 49
66519 21098 -35 8
88885 55120 38 -98
89411 37017 92 -50
36909 27585 -62 -41
7733 17611 -91 -96
34581 57487 -56 -100
96895 86628 76 58
12490 88769 18 41
72615 14011 55 -5
70569 75070 -9 -7
69134 35424 -41 -64
1912 87405 -79 18
66529 21318 94 96
32947 97704 -61 78
98727 11219 62 26
49138 24557 35 -68
419 40182 81 -19
64854 62262 -34 34
27388 2494 -50 30
40460 41260 -43 31
57463 70715 88 77
79202 56949 -53 51
53075 3529 95 43
4295 88251 -42 90
17206 75174 91 88
81727 44543 -20 -92
14197 5700 -89 -70
68313 95655 23 -75
43721 73756 100 -52
15764 69399 26 55
8799 58658 37 -26
19790 18706 53 -16
18990 16749 -13 -30
68039 61589 16 70
85107 7720 -79 -69
80309 64855 -21 -14
81408 60042 99 19
83653 50988 -56 37
89384 58820 12 39
67102 81826 56 36
92562 42714 -68 -79
87495 42569 24 25
53553 63754 21 31
51547 31001 -16 73
29050 59879 -52 13
87019 18128 -3 52
16002 30435 45 4
65796 59493 25 -68
71647 54825 -66 -56
32339 74565 90 -73
23883 54689 -56 21
