300 1000 10 30 100000
62679 73843 5 -82
42434 30153 -49 58
6993 91387 -21 16
6062 45233 64 52
23792 37750 -77 -5
76135 70140 -92 -13
88203 50625 -29 -36
16743 6712 79 -99
53645 55825 -61 -45
37195 91713 37 13
36190 85472 10 100
58856 98443 69 -50
20850 90070 66 -45
89273 57860 -60 -58
53804 80829 -25 -24
95242 88427 4 74
61634 37593 6 -96
64877 13924 -29 -70
7870 27310 75 53
57246 72894 -2 84
268 77793 -32 23
74723 92674 35 -93
18629 83491 26 -43
56407 79806 -63 -32
57053 81137 -5 -50
95001 32283 -50 91
2977 65442 31 78
11207 87188 30 15
37928 54612 13 82
42827 23752 -57 55
90308 3025 32 68
3743 6486 63 45
61184 21210 1 9
71637 1046 -69 -58
95504 74124 -56 -18
27270 99293 1 -63
18033 3877 44 -65
3803 7015 -68 -66
89046 67900 14 -92
10511 96426 61 -46
33417 72261 -31 43
49845 84335 -92 -70
63281 62983 -78 19
36279 51531 38 3
66413 67777 -82 62
4949 20077 -9 -82
2058 21925 -29 -20
60570 10785 64 37
33144 28447 88 66
17402 35951 -52 -6
58641 56258 -92 -95
26803 62409 15 53
80974 32223 -17 -18
67283 41015 -46 -89
10762 47045 57 69
49519 8489 62 -84
33089 24211 -14 36
28099 85191 42 -40
41896 64937 46 -47
34293 60690 -31 -37
67587 90305 -9 -68
8199 84316 90 -97
81377 6133 58 56
51608 15866 22 -68
67097 55836 -90 75
71486 57899 12 -92
18369 68602 81 -45
4645 98823 27 88
38560 67977 -81 -52
62531 65103 -49 -8
80772 77559 -5 44
12310 38589 41 -27
80773 26890 -92 -28
65033 95604 -94 70
50167 24502 50 -31
79833 19745 87 -55
65738 52096 -2 0
34873 81363 91 -63
38854 36923 81 96
22559 79728 36 75
91025 65878 -41 -29
6192 20431 -71 73
24418 83407 13 -11
29503 62911 67 -2
43615 22494 7 -55
46618 62921 4 -58
61153 77850 -96 -57
71873 6093 69 60
87297 46824 32 24
58569 36506 -75 21
43332 59734 31 -81
59556 91511 10 79
18099 72977 -41 74
94117 59792 -10 74
8636 92975 -68 -20
53188 47641 19 -85
43165 41312 -34 74
72104 76267 -15 -77
93789 71750 -34 14
10933 31197 64 -86
50994 63888 -20 -83
18909 80443 27 22
28618 88193 -85 -61
82111 21209 64 -84
33347 91694 97 -9
13150 38358 67 -42
42998 6722 100 -40
60604 10714 80 19
24508 83465 -40 2
89776 94404 45 58
85762 47888 -32 -54
23349 14181 -33 72
96846 64605 42 68
48353 68734 -8 -11
47094 79660 4 33
93688 20700 67 -87
90457 65815 71 27
10472 22232 -10 -1
99046 45442 -43 0
69956 46330 -65 90
57541 27932 -2 -34
83029 97046 58 76
92319 37792 24 -50
66274 16814 87 73
90199 37490 -9 5
15715 3981 10 -1
65404 54635 -12 -26
17723 2763 69 -31
65889 60351 -71 -86
94955 38272 54 62
36432 40518 92 33
42031 89170 -85 -9
4350 52370 47 34
51425 44539 -45 0
75081 74434 19 -60
36834 71308 23 -32
1241 85680 -40 -32
70086 41845 60 -67
97739 40972 90 -2
41237 64091 -32 89
15843 50286 78 18
86171 24666 -8 -18
72257 91818 93 42
68325 68728 -89 -74
25765 32651 -87 37
92344 8901 42 55
13791 11598 -90 99
78689 77233 27 41
34229 98225 -19 50
28686 74514 96 -78
60611 34336 18 85
4495 57386 85 55
89561 20671 55 -22
59274 78155 -56 -37
87567 28575 -51 -7
8087 87264 15 9
81699 79853 -4 84
35702 2531 -41 -10
56336 53775 5 -24
4456 13973 88 69
98510 4270 15 89
77349 63314 68 -100
64159 37650 73 64
75596 20438 15 -51
12239 20266 -47 -13
82458 63072 -51 43
8434 97487 -89 82
48710 39964 13 80
56127 32752 -58 -49
25971 50920 -58 -88
84481 46375 -59 75
97589 39799 92 67
12643 77726 -85 -68
58510 89785 17 -11
46195 99670 -42 -28
27603 47407 -68 -18
30893 92658 -35 -72
55221 35556 8 81
81898 90275 -25 -34
53997 85333 -46 -77
56771 27182 -41 75
9668 621 -33 49
48398 59728 76 57
46113 4702 -73 98
23355 52614 53 52
26656 24172 84 1
39886 50010 -90 -28
67901 27365 65 -43
20599 76617 -23 -5
81068 43291 0 64
33721 10638 97 -55
67051 51229 61 83
62083 13467 97 -71
33786 37307 -61 -78
32527 18295 0 53
51254 56106 99 -23
65532 59929 -98 -73
15634 57115 -80 -86
87620 74997 4 -25
11384 42498 77 -3
6608 83582 -91 -73
95349 79 -72 73
52014 5657 -54 17
23452 53873 -92 36
51102 52378 26 -22
48721 15017 -48 -67
87695 2138 74 85
21180 42711 47 -93
2306 31039 65 21
99588 9995 1 -49
80363 69678 52 53
16818 90811 56 48
67871 41632 -9 15
92953 87574 33 62
64129 89666 91 44
90367 81036 -88 -53
46927 16210 94 -89
55288 99961 28 56
65164 92185 -95 85
13488 82193 66 -49
50684 66543 93 93
70478 66820 -54 70
90921 38712 25 -75
31133 49507 72 -84
66285 65118 23 79
2701 46012 -45 -38
12910 50027 22 71
1178 68131 1 54
47034 30185 8 -14
17049 91585 52 -73
38627 24832 -28 37
39390 35819 -95 -100
95210 41156 -83 -54
74044 98359 -71 88
71389 11605 43 -67
65675 22717 97 -16
22609 62096 -47 38
43918 9377 -93 -47
47870 60196 -89 76
72510 27210 97 -44
27111 20201 -21 85
88748 69401 -9 28
90815 86174 85 -96
45604 50055 25 93
68144 72241 -74 -34
59322 71347 92 57
35597 27149 3 95
61373 76714 -47 10
23604 5029 55 -26
87338 55189 -21 -84
15660 52615 84 32
5960 41018 -63 -70
19265 16743 -40 7
40837 33055 -72 51
21043 94203 50 86
8426 95173 41 -27
33029 63352 -29 90
27058 47870 -17 -99
63047 33966 38 69
18053 38382 -5 61
86723 38303 -20 57
86470 9845 57 -69
27724 72110 -18 98
31384 10836 0 20
15714 31018 33 -4
59381 5927 -54 74
29244 17130 89 50
56268 77841 96 -27
45636 80587 27 -25
80110 72216 81 -21
55357 70018 98 67
54071 15174 82 80
7546 94986 -1 -97
68536 3250 -61 89
1049 56868 67 53
25890 29571 -65 16
59885 29039 -54 -95
43822 32909 -37 -60
94989 31665 87 -53
53455 38270 -33 -47
38369 30418 -7 89
72749 19118 -96 52
40617 51621 -19 6
29144 68559 -69 16
54361 18363 43 88
48855 44599 -80 -38
1530 34739 77 19
43806 58062 -15 4
3746 91369 -14 -30
34250 15111 -72 79
86614 69333 -78 24
94371 3303 79 59
25889 31149 33 52
70751 40637 -30 65
19653 49128 -2 -95
27325 68484 -69 27
22656 92809 -3 -4
16936 57095 94 71
52240 76322 68 28
9537 35403 -2 -21
