300 1000 10 30 100000
97648 87118 -56 -14
49284 35435 13 -97
42826 52694 62 -71
51042 68860 49 -64
57376 22233 96 -10
84390 16183 -76 7
41138 59001 82 35
49964 44598 -55 -39
51615 8899 32 78
21440 85629 -51 15
9362 78581 32 29
41574 42377 -11 -91
93936 7379 20 19
56848 11432 -76 33
57568 74723 8 69
81220 76290 83 -64
5143 16568 13 -96
72098 30229 -49 -97
3587 49950 -84 74
2057 89389 -81 -31
90594 28762 85 -53
64918 70286 -41 -46
33206 99201 -56 -77
16819 13468 17 1
6333 81786 61 67
23613 28462 87 -58
48606 94155 -88 86
21831 59213 -97 -35
37494 4011 34 -39
62104 61071 -90 83
35405 20309 96 -35
13210 43202 -18 72
71913 77921 91 -13
21663 64425 8 -51
98589 30903 -81 85
99010 10001 -69 63
17561 9292 -28 20
73985 30242 -83 13
6945 26775 65 12
87517 68070 -5 98
89465 54527 10 63
50543 57622 100 -16
92762 48228 20 -97
51403 5816 9 3
65664 74231 -63 10
90970 46066 -11 -77
87452 87513 -53 70
87201 27975 83 51
75805 13811 -24 -73
26644 23594 44 -50
47528 86394 68 80
49331 68439 6 -16
25191 83540 88 63
76503 94888 -17 -6
50267 20861 -34 35
59964 85987 6 9
25687 76559 66 73
1170 40911 -54 54
27028 61202 -90 19
29101 53236 -50 87
21629 48593 3 -1
56126 17443 -87 -33
96637 39354 78 -40
27857 84428 -41 90
51379 39712 -63 -48
66209 74926 -49 -57
27279 61650 -89 45
84461 80254 -9 -41
92517 49702 70 -36
6588 46416 -20 51
7135 44002 -30 -35
81999 19321 88 64
8398 51988 91 -50
39855 52196 19 -65
63882 13403 3 -61
61421 65043 -95 -48
59407 18910 16 -68
91110 84224 -28 18
77433 89051 50 -63
82171 85403 -93 -94
47613 48970 -91 -23
27565 80352 -8 -20
24871 21106 75 24
31585 89675 98 48
33693 29221 -28 41
52792 29285 -62 -8
50042 88650 28 85
20003 77395 60 -42
77183 97156 96 46
32775 22800 -10 2
34329 65225 -88 9
52950 69637 -77 -8
80006 63805 -19 -90
97453 90005 51 72
97935 44853 -51 98
41971 24750 92 59
89768 3217 77 -63
67693 30023 40 25
57650 14277 17 24
55383 72418 -78 88
47529 82717 -100 72
7263 47483 -21 -59
55774 66662 -62 -87
68667 22085 38 76
89471 29060 67 54
33613 51052 17 -89
82042 53517 83 -70
25131 93931 -5 -43
8924 35925 78 63
71767 99803 67 87
77039 31254 95 54
63830 44339 91 -56
54785 38964 -89 -48
77248 51180 -57 -60
82847 70965 -3 -95
97945 86867 -16 -5
80524 9410 2 -90
15410 84047 58 53
66084 31781 -41 -26
90873 20474 28 -15
17687 54125 -51 69
95004 2547 2 -47
61221 77774 -91 38
82495 325 -68 46
51742 42814 -98 -54
15606 606 53 72
28182 66893 91 82
2522 69719 0 100
18793 18575 22 -80
63272 33308 -28 12
79325 171 88 -98
99898 11502 -91 64
49642 23472 91 65
90624 33251 -57 69
45920 41437 -10 -8
75625 34374 -89 96
16844 18924 97 81
40911 61633 -65 61
97613 15802 47 -61
68801 37285 -52 -59
62830 1508 85 -84
53295 63733 76 -28
30737 93470 -50 15
57477 23183 90 59
28567 39989 17 28
64443 98405 77 24
39343 83562 80 -73
10168 6295 12 44
16906 4121 57 -84
55911 47207 98 100
61724 999 50 52
3662 30322 -70 -47
81351 52611 -88 -86
55060 32012 63 -41
28977 54443 -35 -2
88770 72931 -13 72
60784 55573 -47 71
5116 98383 -65 33
77737 80612 33 -84
3331 21687 -13 -89
34417 63194 -59 38
32568 2669 2 39
60363 25679 -30 55
59070 28341 -48 -81
21269 85925 23 59
75959 82934 -46 51
7523 13271 -67 -12
72565 62228 -54 -28
43364 49907 25 -21
16457 72990 39 59
11648 88864 -76 99
37608 28118 27 99
35977 57174 -60 -56
81617 82741 -98 -95
1034 41126 80 43
59766 11327 17 -7
79307 8437 81 -33
98962 23128 8 -38
16186 81737 -65 66
61624 77779 -48 -40
14430 45566 85 -24
91490 56837 -90 79
3518 1301 22 -60
18369 47895 88 -31
15996 46881 68 30
98212 10542 -100 19
68797 79634 -8 67
682 3109 40 -88
19430 21161 64 1
41043 47698 -49 92
63125 7177 -62 -61
5813 6709 -76 22
34288 68825 -76 -1
41668 19315 32 94
84884 31011 -30 6
21045 8573 83 31
93293 49102 58 -3
8461 17511 -36 0
71986 72385 -43 23
70904 73431 -77 -15
36681 65067 -63 13
93909 86189 94 93
78855 28927 23 49
82040 59076 94 -70
26076 84658 39 83
87702 32448 -36 8
77171 18717 84 -11
71353 54250 -71 -65
75290 65433 -84 -59
26081 17640 97 34
65661 48791 14 -81
17288 11279 -20 -66
83291 56718 -79 42
88794 21775 -27 45
83966 44736 -1 -56
10816 86087 -80 44
76914 30818 74 -60
57396 26158 -13 -12
98586 16666 63 59
2520 59142 54 -46
95276 87916 -75 88
19281 12899 92 16
97498 25427 100 -44
69646 50284 -51 13
74655 698 -39 78
1242 57901 27 18
11895 24726 -87 49
34622 74534 -20 -35
24081 20681 -98 52
18229 17945 85 -54
81172 68586 53 73
68654 50998 19 46
62476 39620 99 -97
76184 4975 -56 17
92837 49242 78 -16
14733 37024 -4 90
77452 48609 -53 -92
79803 48147 40 -62
94188 30782 -36 57
95868 40199 53 -91
76664 48231 99 47
25533 23214 -14 99
74020 41177 38 -85
79154 89935 11 -93
2483 36041 -51 19
667 14035 78 -72
29445 72076 87 -23
16233 51938 -44 -82
29913 11706 -22 -67
18861 37578 81 -60
17947 74655 20 15
14151 85282 84 89
97404 33358 -62 26
63905 28153 -75 66
19297 98868 -86 -5
57750 14384 3 -44
34895 72316 42 74
80127 76798 -37 90
26145 98635 99 12
22276 53111 -94 -14
60556 78505 -59 9
26345 30420 -57 -57
38943 58613 -21 -24
8917 73773 -92 47
48374 16823 -74 49
35380 5305 69 69
26731 25633 37 -89
83855 33362 31 -98
69646 82861 -36 68
27633 92606 5 -84
61733 34560 81 92
71401 34351 92 24
33996 85640 -96 24
31383 94135 74 98
70256 58897 40 75
52672 43984 86 -93
21746 31587 -28 39
24442 35162 -20 -44
12767 11477 -4 -24
20566 52799 56 49
62829 45122 -44 -35
10171 69412 -10 76
62833 49323 -40 -56
49672 71652 -80 -65
57605 52816 -7 -97
52321 5793 -58 -93
33285 97961 -52 -84
56692 8114 12 66
14932 91710 55 97
67087 14115 46 66
13768 75938 93 -50
31154 30667 22 -36
22954 35572 -99 100
67350 75440 -33 24
22010 46188 86 62
9689 85578 45 61
49477 79457 63 -39
96647 63294 44 36
87350 88424 25 -57
41721 5298 -96 -68
