300 1000 10 30 100000
55684 92514 3 -65
58984 78851 -64 -74
9969 12319 -62 -32
89509 66743 23 -51
93432 52966 38 22
18056 78995 60 -12
11286 56114 49 -48
69140 52998 -98 7
57294 20634 46 -25
3481 31685 -44 -38
77048 81990 20 10
26952 72393 30 -71
12617 9748 4 -77
37596 57463 15 -8
81208 92857 73 95
35879 63495 -38 85
4467 89981 58 32
24349 99533 -24 -1
35262 43346 -86 76
32775 68828 -99 -75
23430 27459 2 76
23672 23758 44 35
28942 38358 -100 46
84040 40562 50 67
28767 2015 26 -22
88717 34450 -22 -62
6571 662 -60 68
49584 8789 -35 -45
16584 94636 41 -62
47665 79316 35 71
99415 90719 -7 -37
83725 6073 -85 86
74571 92703 -83 -19
36405 12828 64 100
2608 40397 12 91
75573 34555 -56 -20
22817 71858 -100 70
87785 24463 -3 -85
46735 71825 -87 -35
12165 47368 -76 -100
77324 29970 -27 -42
31528 96517 -14 66
3649 16780 81 44
23234 55101 -38 64
13513 20698 4 10
40406 28862 -65 52
69726 59666 -19 -33
64467 95199 -34 -4
22010 90955 8 -91
4385 82315 16 59
42506 67500 76 -24
28020 9562 87 -47
23323 31452 -24 -89
15859 79744 -2 -2
2061 64217 -4 -41
88259 65821 23 77
96335 53841 -88 42
80658 64512 55 22
22295 25313 1 -60
21357 68794 -88 -33
196 72036 -80 -14
39258 90448 -7 -97
10125 63226 -8 -36
38438 50593 66 -33
75793 21412 18 18
9627 92453 -15 55
78166 73241 -20 21
3897 51424 52 -96
69962 53721 55 -82
872 68759 82 -32
14418 77255 -86 -73
1425 2874 -32 -29
85909 62561 -41 -15
31709 57956 76 -61
25879 32820 42 50
18753 21969 23 37
33970 81408 75 -5
50006 94537 -39 -72
85601 81928 -89 42
69883 4227 56 74
32359 63413 -7 -27
3911 7261 -86 -93
8531 57159 -58 -86
33949 17253 4 -15
20999 75354 98 6
49059 31632 67 60
85912 61927 -73 23
26598 24405 45 95
86483 60275 -4 -19
85452 31224 -25 -2
83088 57842 61 -25
7802 75836 -81 -94
65348 15662 -82 7
4957 7956 -50 -92
77975 45874 81 -65
40791 20224 77 -2
40815 56372 96 51
39214 3804 66 -81
5374 48755 15 -64
36462 6822 -45 -40
47401 88672 -68 -3
6895 25413 -88 71
26226 97251 41 57
17938 41839 -15 -80
14093 21010 -82 51
8289 58682 -73 19
72564 68626 -58 84
82531 66567 -37 12
37220 9089 51 -65
49989 36234 11 -17
86201 15741 -12 25
7400 36042 96 17
18357 34424 87 35
33167 64391 86 97
47817 68089 -42 -64
40857 61268 -33 -99
19615 80117 69 67
24126 15488 -18 35
23929 10815 -15 -45
9756 19846 92 -84
44284 68077 -81 96
47838 88190 -26 66
90035 11397 -53 -32
36569 67374 20 -18
98762 71930 74 11
18905 16368 -61 27
45839 36869 25 43
44836 304 8 -52
39677 66579 -42 -41
50714 62110 -66 2
35380 68291 -48 -35
40184 39325 60 -7
51577 65032 -1 72
18330 29446 -12 46
79693 49129 77 10
72364 73046 95 19
66668 72607 39 64
55320 87341 -57 -20
62609 10298 -47 31
64124 7590 -55 83
11504 72464 74 -4
78048 75968 43 68
85408 79568 -20 -41
19544 32743 -64 63
55946 52250 42 0
24247 5216 -29 74
49054 51166 32 60
19164 26582 -96 -27
79694 48672 100 8
87504 32773 -59 34
76009 54010 1 -55
92325 58015 47 -39
93019 3669 -60 8
27877 39915 85 -100
15294 58275 9 38
8042 21727 3 -44
61358 72783 -79 82
19193 88477 91 -97
92057 31811 48 72
26288 37222 -54 -99
62306 33938 48 -69
44614 46594 -77 98
43593 56988 -75 12
38890 81840 51 -10
9340 2369 -93 76
68090 72799 -83 -45
36796 72690 37 -53
65708 6414 -61 -51
6092 2787 92 32
30592 36339 -44 75
92533 27902 -31 -4
48360 65447 -99 -80
8270 62680 93 10
32099 72089 -58 51
22090 22815 -55 93
93991 68569 34 67
20615 25208 22 19
56585 37849 35 23
84874 93378 -80 -17
58681 15513 -96 -35
35105 72728 35 88
84237 65352 -3 -27
80809 67936 -5 53
25969 33353 15 -38
54316 79512 -89 89
83259 2071 -22 -49
96681 65368 88 -79
87110 78085 -77 77
15957 44845 17 16
88476 6128 10 -41
73795 45556 -83 -2
41146 3720 57 -44
99967 1913 1 -62
45127 66202 -15 88
91662 55859 -42 -72
28246 77766 -36 87
68319 86850 -91 -38
81356 31188 45 -89
73339 29170 -54 -36
88899 15123 57 -31
65430 25843 -63 -76
10150 49908 63 -17
64345 66647 -2 -46
25879 89417 78 21
13967 36517 82 -5
5928 55434 -60 37
27100 92778 0 -17
26965 79366 73 -13
51392 21166 -85 -9
50456 51369 -60 49
17415 31498 -78 54
36979 72111 38 -95
94618 91950 10 -34
30402 75206 78 74
15718 20414 84 38
67768 22107 -35 -85
17651 4146 -16 -8
64997 73642 69 57
49944 1238 74 77
5488 39006 -29 32
75523 45595 84 80
49983 53715 -44 74
20830 69288 -70 -67
13078 42869 -70 -57
72200 57316 82 -19
22793 46382 58 -23
12125 49689 64 -96
81390 52682 -25 -25
58761 21221 -19 -24
88209 75425 -41 40
10367 41806 52 1
81735 21251 20 72
75368 6139 68 60
22134 61179 -32 -87
96130 22076 93 -37
64914 59062 60 83
87410 7764 89 81
3628 41958 -61 -97
86996 26565 32 -94
58824 57819 -36 19
63727 95035 -94 67
32262 60470 -87 -74
40585 9443 -53 67
14375 26603 30 -87
82214 67640 -14 53
69385 35551 -75 95
50504 85441 -47 -83
78026 18513 -30 -4
52953 35869 -92 -66
10602 50751 -97 -59
68415 73626 -19 30
44376 39879 77 -53
92206 88996 64 93
35071 87568 69 0
63662 32257 43 25
47565 30775 -93 -32
32958 3413 44 -97
86991 61167 80 -67
52598 66986 78 71
33451 70776 99 -2
50034 34457 46 15
43640 734 77 96
87789 9522 4 -41
41357 66789 98 31
40487 4071 -36 55
38717 44387 -76 -59
64092 20925 8 96
52678 11050 61 -18
85453 96912 -77 40
53776 17219 -48 86
11181 99218 0 66
35319 35619 20 -40
59325 9896 -65 9
43059 30263 6 -69
29222 553 -78 -3
73870 85968 -52 -53
80639 94740 67 68
81083 72797 12 13
18603 30016 -98 -59
43053 38362 -29 85
71893 30530 87 -6
79219 34975 -89 -19
40197 85484 20 3
27702 49161 -74 -25
11825 10874 -44 12
60627 75247 -30 -96
74136 3193 -10 41
22336 92205 16 -99
71441 64104 -80 -93
19932 260 56 -32
56704 44111 -15 -59
54827 3798 17 7
47495 81039 -55 -46
66752 40262 9 90
79145 94072 60 56
13402 7962 -96 93
95305 6154 -29 -12
73808 26864 21 17
11735 74526 -31 -54
58363 62488 70 17
