300 1000 10 30 100000
5097 23704 72 -24
79176 56068 80 -66
41620 49686 -53 98
41340 77194 -31 96
96397 57736 79 -27
64977 42237 86 -43
18805 75418 7 13
857 54247 -91 7
80635 31680 -22 -16
70932 93135 38 76
50087 96686 -39 75
19043 61432 33 -9
87123 32453 8 -12
62492 17708 34 80
99746 2410 20 29
14694 80295 18 -62
34971 51215 -56 12
54734 10525 51 11
31848 13889 -3 99
89524 35987 19 -68
13383 90623 46 -25
88792 31347 91 -66
21310 82494 -50 63
69200 82849 21 -10
32594 91143 -70 -3
4274 607 65 49
81313 99701 -56 22
45668 81099 62 -83
27803 46287 28 74
97563 75284 -54 1
60634 45943 -45 17
13288 76929 -91 -51
66066 82853 -36 0
33379 15920 -1 -33
19784 90284 88 -24
13213 25757 88 -56
92661 5437 2 66
19567 32462 48 -65
18087 56797 -91 63
81234 37229 -90 87
84948 66221 -5 -50
58728 17254 9 69
33324 27857 -43 -14
58222 99314 47 61
53131 99100 -77 45
45735 99467 -18 -28
27859 76842 77 -19
93462 84632 -56 17
7420 69954 -16 -100
71792 68452 -98 36
78138 36255 51 -71
94467 83850 77 -84
62150 29716 -32 52
90848 93575 46 -69
61883 99618 18 100
45321 55337 -12 -17
22618 6501 16 -86
26643 30083 39 -25
27971 69492 34 -11
58740 1399 -49 12
78054 31315 71 25
30963 46590 -20 -27
15901 81622 -77 -65
43288 3980 -100 -86
69469 85973 61 -66
3349 71352 45 -34
68436 60475 -5 60
89259 33346 -19 -15
86717 7433 32 43
8710 79541 5 -33
93414 87669 -40 -78
31073 9451 59 -45
35430 38693 8 -11
89042 51265 59 -23
90722 17924 84 -56
5060 68203 -84 -8
37635 58602 -24 30
49030 52171 63 16
61846 23294 74 -26
43205 93987 2 80
21013 65774 -74 30
807 86343 -60 -31
64647 92582 94 -33
13780 31118 -75 56
82315 65547 -42 27
99637 3143 79 79
9894 54046 20 -71
51920 50590 -11 -69
77366 69328 -45 5
82406 92989 -31 71
42398 2572 -78 34
79234 80156 57 -35
98908 62657 29 -65
18701 41416 32 7
1258 3447 -50 -30
92881 26228 -81 -44
36465 62033 -33 92
58029 11056 5 24
54665 44551 -81 -73
93617 19964 19 69
55574 27122 76 -47
15273 99640 -96 -80
93110 51462 44 52
39483 28181 47 -92
76860 10791 36 -86
2118 68421 -51 30
56949 42010 -48 6
31297 31601 74 40
20435 43690 -70 20
6903 92845 14 -70
85065 93834 -90 -49
75600 34901 83 19
37188 59942 -34 -43
10691 2603 -35 -58
91496 63690 18 38
45634 64167 -96 14
78719 95819 78 -21
32010 51310 -8 -49
90942 16206 -24 -10
98021 61517 20 -60
82576 19266 88 79
90399 657 -87 6
63761 51712 3 -94
73011 25317 -100 -2
6106 58488 -72 68
75304 13864 -65 6
21196 90346 -75 -62
69652 16263 -1 85
89309 43945 -53 58
53528 13238 39 -68
52876 97127 -24 -2
13219 92906 8 -1
10057 97077 0 -22
18263 32583 48 -19
31776 79188 -22 90
72829 99147 -24 -61
29392 9267 78 64
28946 36848 -47 -79
886 72911 24 59
34742 98116 -42 -16
42047 13190 -41 8
1165 1130 42 34
76914 61905 -18 -4
21356 20954 -54 61
97750 9416 -24 35
46831 44706 -71 -37
75288 43703 -38 -26
46183 28315 43 79
43477 51848 -88 -75
59367 56330 -5 19
18273 78887 36 42
54895 64575 7 85
56640 52978 -83 87
88471 17152 47 -62
7769 11152 97 -59
72908 23776 6 -6
20354 76879 -63 -28
26142 86947 89 39
30996 86299 70 -30
93662 4333 -71 88
57970 65248 70 17
22003 37082 95 50
62345 72418 3 63
66577 42409 -2 -18
66225 65216 -87 -68
9454 56186 -95 9
61872 30247 -96 -94
76264 51369 49 -83
60201 98048 -62 -99
86983 62970 -1 63
30266 46462 -67 -65
48618 95087 80 -70
21419 89523 61 -46
66245 77342 77 1
7233 34220 -27 -86
73745 90872 -59 7
71221 68287 78 -53
23536 39807 -93 -20
72251 41763 55 23
66524 38689 -27 37
11264 18038 -47 54
83081 15108 -68 -45
4042 93467 54 -10
68269 96049 72 23
46549 49085 -77 -31
76853 59310 15 -86
78905 14575 75 7
86711 72662 -29 0
52566 72112 -88 13
29302 12192 -19 -30
98649 99757 -59 10
37109 97640 -91 5
54299 91083 43 -61
80635 69065 -15 -1
45433 84687 4 -82
40707 76269 -59 34
45896 17231 50 -45
18542 91880 -90 -17
70979 30699 -67 -39
72072 46715 -92 43
93403 9699 -73 85
73284 2486 37 40
67826 59254 65 -7
86992 30342 57 89
39349 57612 -11 65
81935 67574 62 -13
43194 75176 31 40
87848 2835 96 -74
49225 72326 -9 50
47559 41433 70 28
31358 89349 56 90
86196 70694 -28 71
7167 90207 29 -92
80684 26025 -85 43
99507 72626 -58 92
22170 20185 87 100
58600 42013 6 30
95331 99402 -39 100
44044 69991 -98 58
10646 1817 40 -29
16227 11491 55 -42
73751 64778 -75 -61
41253 30325 -94 30
18595 26603 92 -27
2224 16566 -64 -21
68220 90534 -22 -30
23796 97858 -40 64
67434 45993 41 18
37234 27324 80 -28
6285 47775 60 -98
6167 12120 -100 -89
53748 26505 96 60
76254 45729 -86 -45
87571 28126 82 -95
6807 47144 35 60
84668 28060 -87 -72
94753 78448 94 28
97149 54097 -3 93
12990 10449 5 10
94169 31065 52 99
21824 73606 67 -9
22534 7423 33 2
17992 1655 45 45
51440 49915 -21 -72
90292 79781 90 -85
21791 5978 -53 100
5382 76196 2 -65
14519 82955 98 -30
17903 53765 -97 -24
3287 95717 -52 -26
28780 32602 7 98
51729 97807 -27 29
93509 30498 -96 -36
4956 79972 57 5
7956 43856 -66 19
88304 65959 4 -45
87171 19464 -80 -24
8482 98902 -81 76
44551 19207 -31 -20
31747 98941 -32 -36
30828 8115 58 65
40344 74279 63 -70
92349 19540 -83 -21
39231 36349 -76 -75
43919 30898 -18 6
2088 58409 -25 -19
32148 26543 -43 62
37524 3400 23 -73
60157 41406 -86 31
7543 34337 0 -61
12580 62857 44 90
33486 78119 -60 91
67125 9438 -19 -10
97474 28187 -30 17
58641 3441 59 62
31621 22916 28 -95
32247 26727 93 33
25574 94698 40 -29
7225 93427 19 74
65341 6295 56 94
34579 65283 93 -23
70341 46466 5 -75
64939 91882 80 -83
62620 98897 -5 92
24405 83827 43 65
43740 26575 4 -73
72694 92887 22 1
54963 11224 -72 57
41435 71541 -69 72
5630 93146 34 32
64364 43210 62 72
5371 93742 -59 53
67396 34916 -48 -37
25935 73400 -9 26
78027 90139 -2 68
76607 34224 85 93
64741 54689 -74 -54
63464 56000 99 -78
65169 30145 -94 11
30171 78195 98 -16
