300 1000 10 30 100000
81647 12560 86 19
44277 72330 -34 -36
12910 82603 -29 64
29425 69282 94 -77
71164 75073 -17 -24
98208 27739 -93 -85
87693 33076 27 -14
57272 17542 87 4
41921 91223 5 64
6866 6114 -12 47
35539 30817 96 48
32456 63049 -37 7
29334 82685 -88 -9
15430 45064 74 -72
53648 20488 24 11
70208 52900 -38 95
71552 62461 -41 88
24814 26830 22 -60
36758 28927 33 38
45176 88355 -71 80
97840 84101 65 90
34433 88102 88 36
22969 20512 -82 77
30490 83258 -65 9
59882 73860 69 -5
30374 8791 90 -34
29916 87430 61 -71
23985 46151 33 -93
49291 33717 44 42
74411 66087 -79 29
37707 70556 76 -92
28660 95045 98 -78
85401 87694 90 39
4329 97698 -100 66
64551 92088 13 -22
23358 46911 46 79
62996 97049 2 -14
97579 37540 -96 -58
37627 95049 43 25
67676 80146 97 -12
2611 5693 68 -83
57353 10838 -80 -53
62240 87070 -95 -70
18268 32114 -13 -66
61552 62140 -39 -5
99808 87122 -41 -48
83684 53499 -8 2
35619 11659 -10 -57
54413 43151 -33 -34
82741 78221 -64 -98
8506 61865 -64 23
54714 89313 -68 97
40935 19793 94 78
40345 95362 -57 -51
76696 87665 -58 -33
1276 96278 -35 -48
33166 54092 3 -86
48533 35180 63 -43
16749 51178 67 -49
44683 93065 83 27
70142 61450 -59 55
18478 34891 -9 -63
23890 76314 -37 -68
89009 91566 -86 -41
743 86836 -28 98
75229 62556 25 43
32908 14811 -31 89
51856 63865 44 11
98765 36886 -17 59
25520 87720 44 1
53860 69415 -10 -65
67229 60585 -52 -50
64993 57978 74 -53
84994 96234 -77 -95
92287 18265 81 -44
8947 46469 36 -41
88365 2502 43 -33
58891 93422 -66 40
87223 7042 -75 98
71071 17759 -46 4
31570 62246 -41 -20
55241 63860 -78 -84
62932 44743 -45 -81
98793 29351 30 -67
69147 59551 63 -47
11333 66103 45 -8
82304 42009 -92 -96
19873 76320 -71 -34
72057 71322 9 -12
74103 72796 -62 -64
40748 48758 90 32
56593 85084 -44 -6
85301 75081 -10 8
44739 744 -75 -96
64972 37158 89 20
58099 26640 -22 -13
11920 243 71 -87
56853 28013 30 52
49452 35510 -1 19
29324 24067 -52 -38
54658 74200 -50 -51
5392 1729 -73 15
67083 17855 43 100
41464 83284 -14 -27
14547 8123 77 -28
9880 15709 -14 -51
37205 43429 14 40
35991 22320 -90 -52
36955 39644 2 -40
9405 51177 -81 -66
31628 70963 51 68
61953 64921 -54 -82
95063 2268 8 -83
12036 6540 -11 -37
22775 4909 -27 -27
61717 77352 65 9
88359 90426 61 -7
81701 49255 -6 -25
8884 12777 25 -64
77798 63052 78 -48
99393 24997 47 -20
42153 56272 25 56
29065 16116 30 -37
36276 1510 -96 98
11236 54320 -81 -25
98641 74149 -89 -32
88120 21299 3 97
91516 12352 -40 30
98641 32512 -47 13
49851 8828 20 -91
52876 61508 51 83
69509 2300 -55 10
52301 72402 -45 -56
43848 86942 33 -58
64568 75151 80 -100
62922 80539 66 -26
63039 96666 31 -2
27510 82544 -98 -46
98708 29415 -98 4
12681 12758 4 10
13952 42197 7 57
78444 14177 85 26
82345 21851 51 -54
3353 63285 49 0
34595 52460 34 44
59988 83505 26 68
20870 44275 13 97
50919 70066 -75 -42
71469 23721 8 -19
9941 69572 92 -78
38228 3547 9 -9
63465 57378 -37 30
20588 7688 8 -36
24255 69454 -53 82
35812 674 -68 -14
21303 34253 60 -75
88232 686 17 58
13425 18289 40 80
33776 13642 79 -8
99581 18865 73 28
70508 44443 -87 46
11292 6027 26 60
23369 80624 45 -67
13310 88523 24 -29
75456 95420 45 -95
66375 45716 -25 38
70681 19652 -84 -96
71278 86258 77 -42
15688 92577 -47 70
73910 5195 -54 -21
52376 36243 48 -46
36089 29715 -78 -85
70419 98163 7 -88
23270 82022 -57 48
17824 65232 -60 44
34007 78620 59 -65
79432 69242 -72 56
75265 38533 -94 56
41278 49315 -62 -46
20213 33321 -85 -53
74884 62420 81 16
63425 33447 -44 -61
90599 7066 -84 77
75483 80303 51 -82
75715 47943 -66 -87
33854 64786 -26 29
27280 64722 -44 18
58515 55595 15 96
12414 84013 -33 -30
11146 54259 -58 15
93347 17550 -7 -62
46781 35097 83 21
21635 26011 -63 63
48826 6488 -56 21
4211 57741 -2 -47
47728 91345 -38 -46
91123 46537 13 93
5577 68236 25 -43
25578 78746 27 83
91135 53495 87 -81
64215 5320 -32 -91
14827 65837 46 97
68845 33789 81 91
47771 93165 75 -57
838 72311 62 -44
74048 1143 -82 67
523 48905 -7 -60
817 55231 -98 78
58454 16187 55 23
17854 26231 25 -33
9282 22647 -86 -25
66910 20933 74 -76
13787 91433 -59 -24
24911 59695 -90 -8
17798 44369 13 97
89376 70602 -15 14
23664 57698 -84 56
61819 44337 30 65
12167 25245 14 94
46372 16704 -44 -31
4418 28789 -55 12
90678 26067 44 -87
2349 69875 -7 -33
80321 80136 65 49
60680 29678 33 -81
81708 14564 -49 68
42504 16838 -65 87
98211 50975 -7 96
66144 25111 -8 61
4146 85384 -42 27
77029 16386 -83 -72
95268 70113 44 -7
49187 35559 -47 14
54778 47480 13 41
3465 11530 0 -39
54956 82701 -45 -45
69995 37324 -62 -38
4962 12914 56 74
37826 30721 -32 31
69139 92482 -9 -50
8175 12409 -36 -74
57590 1330 4 69
71076 41928 2 -39
15265 64370 49 -54
62499 71150 10 -39
25345 60703 -64 -63
60794 98803 -30 -60
77629 6103 -46 -70
20901 93543 -87 -36
45211 23375 -43 19
70929 56434 41 54
38100 47958 90 12
53238 75176 -74 -81
28547 14144 -10 -64
87468 88700 57 94
45298 3207 -60 -60
64024 91805 84 -83
32624 73957 28 -65
61746 44304 -21 -5
23910 74257 -5 -36
54111 42039 92 31
64120 10750 -16 -85
42547 89292 65 5
4045 7423 -58 57
3718 1976 97 46
65547 65857 56 -71
32080 59715 -77 -100
73567 11593 16 0
86295 8483 -64 49
61470 88796 26 -78
97514 74496 -54 91
61762 9611 56 21
44906 84740 71 -3
5662 42206 81 -20
53946 26305 57 -90
36800 34033 31 80
21677 8430 99 -99
88099 78352 -98 38
27573 78105 48 20
31300 7684 90 -46
70934 55916 -40 -65
46875 11037 5 99
67668 99141 71 33
1928 73728 -63 -82
20833 24960 25 -70
16575 75684 27 -37
73165 40012 -60 80
23169 66416 70 92
18912 1997 -26 -97
83279 28806 96 -25
33465 77092 25 20
25208 12670 -40 53
30664 90749 -100 8
46876 71595 -46 -21
28942 1698 -95 4
60847 20267 53 45
12559 7058 50 -7
86409 63659 24 -78
34851 71222 100 -26
12052 6137 72 -26
