300 1000 10 30 100000
18722 95971 96 -83
79445 8645 16 -6
10208 2241 -40 51
93242 32823 4 86
52454 85486 -29 37
66987 69198 29 16
32676 79649 -75 -76
55164 1536 63 48
67229 71498 13 23
39781 99526 -61 -27
47381 83580 84 -20
22507 15862 -23 -98
70234 17513 72 43
39875 29443 41 9
42915 58471 -5 95
99768 54849 -45 17
89925 60278 98 66
33908 66506 13 -86
14586 99300 -22 18
52542 96647 22 -70
55464 54926 -17 99
37476 87572 -4 82
29134 22657 33 -97
10174 62340 -15 51
21960 10622 -30 28
31831 51385 -18 63
61719 54038 67 -95
11099 44173 58 97
68983 75364 -99 34
82186 56565 -82 50
92394 50332 45 92
54497 61339 59 69
92375 7347 -38 -11
31015 71916 -41 -21
45887 93628 15 -52
86177 97418 44 81
8243 97323 -66 40
83498 28356 34 18
86991 28412 67 89
72185 34295 -70 -90
64809 37246 49 88
44411 35260 8 91
85012 16922 60 47
32416 34913 -34 79
640 36934 23 95
80002 48393 -55 66
44018 29967 -25 56
13649 35115 45 19
21412 94487 38 43
13687 40869 -66 75
90406 60974 -93 69
53319 5526 -70 29
76842 85502 14 -10
89667 81041 -91 -47
54829 91938 48 1
51560 31187 -9 -96
66602 85141 -6 -2
94362 9571 -77 59
40967 70621 36 83
13473 49401 -63 86
28330 89578 34 98
63322 34969 50 -7
99775 34692 100 18
54483 63805 25 63
56800 59038 51 -99
51622 40287 -78 54
19095 64102 -57 -53
86811 71733 30 3
29525 74002 17 -45
41708 21716 -97 95
84520 89490 -40 6
29520 19561 -66 71
41073 60663 -14 19
60007 99452 48 -77
10827 51775 -14 -57
1430 6433 14 96
52502 18450 2 -8
38170 78055 1 13
31920 97452 55 29
14156 83352 -2 -82
51927 46786 -33 26
42024 39474 -17 -71
88147 76016 8 -27
15905 69836 -1 -11
56536 96038 38 27
19487 91201 -47 55
76920 39524 34 90
88799 52508 49 47
6908 26408 87 -10
34745 59596 -83 61
57906 11282 41 -37
61408 35737 82 -89
66339 77667 -86 -55
51472 82907 23 -59
70735 34269 -43 -55
48183 9017 85 9
63006 62268 -39 57
71404 76788 23 38
14721 24753 8 -60
49176 79973 -76 -74
65105 20701 -94 41
54572 12582 60 -70
44101 69578 -93 -43
99934 50450 80 48
89195 30111 -33 -85
23085 48364 22 96
11483 30501 59 -96
13516 28075 -56 -71
98813 66322 41 -4
64412 26047 -97 -40
90581 6840 -1 -17
75033 13023 78 -66
1806 27054 4 18
58447 33972 -44 29
3993 11505 -22 24
30167 12145 1 13
28061 15129 -19 45
5679 77496 24 68
60096 45742 19 -89
50762 15101 -76 50
80390 94820 -79 92
56263 13341 -1 40
60046 7946 2 -31
21032 19244 89 -31
13603 94965 -92 -4
82056 30226 80 -63
45384 4731 -20 75
96356 78276 48 94
17017 89832 34 -82
83764 37888 40 58
85926 48923 -51 13
42 19959 96 92
89535 56025 -19 -36
16900 26299 30 87
56916 19560 37 49
83378 48851 -72 -35
98871 68522 37 -94
39088 60511 44 45
9558 309 -5 -75
68564 41502 95 -24
25566 30435 -96 96
30146 76935 8 84
97825 36276 -91 -29
36981 92781 -86 69
95949 72562 -61 -15
35206 96646 88 -62
52029 41828 27 -29
5215 10946 -13 59
97170 40833 10 55
44747 24231 -58 -46
69389 54341 92 22
76716 56136 54 8
14050 38704 -69 -87
971 39321 -69 24
58335 20167 85 -55
95876 33251 -93 -74
19543 56337 -5 20
76113 39251 20 -38
4193 9824 -25 89
86392 97316 10 -92
81754 7296 73 28
38597 86398 18 -73
83308 76318 -18 -10
35988 89114 2 24
18459 74804 58 -58
93427 62836 99 -27
18709 69926 -34 -71
31851 85229 42 13
97241 56522 -29 -23
73210 85143 94 98
64119 26563 -50 -27
44600 27453 -53 15
47196 77724 -41 -80
29927 73843 20 63
58622 3366 -98 -64
16322 99253 7 -66
18860 7167 -45 81
79231 51772 45 -45
8583 691 -89 -27
31151 26058 -88 39
9349 32991 -41 62
22359 38545 -18 -11
20301 14615 -87 4
62499 11969 -89 -70
99949 40061 -34 -65
34619 54038 2 43
96002 98829 -1 29
47242 52129 30 -53
90339 62166 28 -56
74772 14911 79 13
25776 25472 -19 -39
64821 26515 25 100
36696 73619 1 -77
9478 44143 -42 -48
14768 97672 62 97
57501 96943 -63 23
6269 72945 -66 88
18455 74263 -27 38
40475 96268 100 20
85260 48182 92 -69
8285 38592 20 -64
5211 97456 56 -90
18029 55749 34 -17
84123 93319 10 67
73150 47509 42 75
23469 56485 82 -96
34851 42433 -66 78
30334 22093 46 -33
95977 68108 -39 81
80323 43441 -33 -47
38801 92313 59 85
71186 64599 87 -62
86125 24934 98 20
95739 68558 -88 -29
38396 74803 -25 79
71737 39729 -88 -44
79916 71887 66 30
78686 61747 -93 39
73784 42860 -61 -64
71767 80541 27 7
40714 26944 -79 -37
42244 37882 -58 -93
89720 3027 -11 9
67112 12737 -54 -56
55916 47853 32 72
22607 9100 88 30
44817 29118 -5 -52
50457 14112 57 -11
20384 3741 72 -80
43245 60723 35 -42
14386 1914 -35 54
4702 30297 -55 0
99386 10245 -43 80
39792 14979 21 21
26184 76828 -63 -33
9750 60143 68 75
98285 53863 44 -13
11648 1500 -18 7
21791 44482 -16 77
12118 19052 -35 51
28067 64168 29 62
74583 98403 -97 15
96465 1766 35 99
57554 65540 -20 -81
94410 37808 63 -89
71313 78395 86 15
63426 65137 53 -33
7405 71385 35 -72
18807 11472 -32 -49
61303 97073 84 -51
20648 71945 45 91
33525 46942 -71 -2
73652 45085 -73 -92
78444 82980 62 -58
6309 68771 49 46
21602 25813 98 56
7133 18307 -37 -26
70677 79760 -59 -66
43010 44087 -14 65
57447 12442 99 -52
70196 10153 -49 87
98454 18685 66 -37
34423 74287 62 28
21807 9181 1 7
833 55262 -94 -49
51071 52756 -37 -9
51363 52097 78 -19
32207 5384 91 99
21957 74329 -27 85
98848 45067 -39 52
53896 73223 -17 85
77896 69800 82 -16
30250 9108 -53 86
52012 48013 57 95
67604 99505 -10 48
43201 32971 24 -73
41344 12665 91 16
55318 55197 -79 22
51813 12839 -45 -67
10804 23345 87 -58
20226 7702 -70 47
27751 63534 -14 50
38156 83985 -12 13
68146 16444 62 73
28434 27225 -76 80
64896 13047 38 -18
95476 46897 83 -56
98625 62111 -78 75
96001 77615 -25 53
50470 98484 16 7
14704 21051 -58 -60
5960 68598 14 38
92693 69292 27 -22
41383 99411 88 -36
45126 19648 -53 -78
49692 79577 8 51
20445 48507 -62 -11
22853 6536 -98 78
51494 83892 -2 -7
96445 84007 -35 -50
