300 1000 10 30 100000
2089 60554 -77 81
2008 32818 16 -35
19058 58737 98 -7
19776 17437 52 78
48724 84420 -8 29
81359 74826 -16 -82
69168 33044 -9 92
73595 1343 -41 7
50981 53103 -37 -90
10695 60598 -28 5
12984 34753 89 1
79574 15022 -4 52
29684 41889 65 14
84546 57029 16 58
62453 66968 -36 13
13575 89204 42 10
37210 52643 -80 -97
92998 39382 -48 89
99079 48986 24 -45
25045 30616 -9 62
23436 6989 13 -7
22192 28010 -54 94
82708 29949 37 -61
14537 95169 85 14
18103 45484 36 75
36577 95003 -67 -10
18558 36714 -20 -66
83836 77147 7 -11
58847 96164 73 -32
77145 96799 68 -20
98624 50023 16 23
16539 7670 -47 5
32773 7046 40 -58
85260 24701 68 -27
24454 80250 43 -44
44822 482 -59 -17
70614 80496 77 36
70264 87948 -33 37
80985 53925 -54 -40
70281 76240 14 4
23324 18740 -72 8
96476 77100 50 -76
66065 45371 -93 -51
83289 39385 10 34
68225 43354 43 98
3713 4704 82 0
44215 7896 48 -4
17305 40387 32 -75
89701 31687 19 67
13489 62095 -3 -61
16017 83840 35 45
58321 79748 8 -69
68781 66842 -9 -55
79360 10810 38 -49
69014 53340 54 -28
13473 23239 38 26
46770 97982 52 19
48272 51261 -92 -29
88016 4958 100 -90
31603 43787 96 -31
85643 94443 99 74
40592 70135 -37 6
59676 15784 11 -47
88418 43991 77 -58
35792 32475 -20 -4
9691 88209 17 18
69336 80000 -63 -80
16011 54769 85 -83
97481 6023 79 -16
73545 7523 -81 84
31499 5310 -40 -6
43856 76653 24 -65
46847 72764 42 1
62871 71438 -48 82
8895 61534 -32 -59
11894 79222 56 -19
13998 58545 87 -51
4992 35582 -71 -38
54105 40300 64 7
76191 73301 -34 -46
45709 40822 -71 -27
62410 82306 -54 27
40142 66029 95 -25
1509 2658 -52 -45
92539 90952 -31 -94
21936 12553 1 68
87752 91709 -28 6
26436 47935 77 99
67731 26138 55 92
41922 11875 -86 -79
27217 29045 -41 -51
96716 38475 73 76
67731 28693 -20 8
7546 99903 22 60
23127 59445 -86 58
84873 81615 -32 11
83083 21916 3 43
13229 70160 -55 -47
77389 64508 -1 12
25737 42181 38 26
81933 46990 -1 55
5492 30841 59 19
54018 91536 -23 5
38351 14151 82 20
11651 68715 46 84
39101 69538 61 34
4834 2021 -64 -31
46269 42439 -54 20
33280 37070 -78 58
46169 85003 -93 94
31938 18051 12 75
91735 14536 24 -42
22159 56644 87 6
75468 84743 84 -37
94419 29155 24 -26
57738 842 47 25
43180 77838 57 95
67246 19612 -25 -39
36100 85229 -40 77
33835 55465 7 19
37505 41529 11 -15
13324 82598 38 41
12096 7798 43 13
29392 94195 31 -78
73846 61227 63 96
44120 87651 70 93
76647 94667 59 -42
98209 72758 69 94
11552 95448 -33 -39
94356 49986 44 44
12152 30205 69 90
20568 15262 -49 -33
38318 73995 -84 54
78733 38053 10 5
59775 33181 40 -20
13936 18657 81 99
3582 73859 -100 37
24087 23970 66 78
92827 38206 -29 -63
38141 93452 42 -6
32131 85323 -43 -70
41585 63050 -34 -91
63120 84792 68 88
90167 34258 -49 54
30300 27236 2 21
18878 1297 44 -67
86289 49306 57 36
52149 89663 -41 59
36677 45322 -75 -11
51821 36088 -7 15
30348 65877 16 -54
60917 34563 84 -16
61747 68186 15 7
5712 87647 69 -67
53086 84491 58 11
76356 87910 84 -71
89829 5573 -96 -37
9071 74241 -52 57
55742 37106 60 86
48775 72884 9 34
40402 68577 -7 22
96058 63328 -86 32
89718 63161 -8 -100
96128 40649 24 -94
47100 9284 -37 84
67699 35614 6 29
93512 35423 35 -92
75627 28986 -48 -37
80333 94151 28 75
15709 68150 57 19
4532 84746 -14 80
68028 25654 13 -90
10744 716 -57 42
69246 11597 57 -98
69278 45879 -56 69
47356 16708 41 -82
27399 97902 -86 -2
58688 81396 54 -36
94200 89232 58 38
71126 40016 -85 -50
61375 78791 -66 -51
80164 45883 69 -61
381 10696 -49 -61
34936 85832 65 -2
305 15536 -99 -22
98082 89459 -35 -23
49358 42708 -6 -71
40127 88592 29 30
48521 16765 -95 -4
91197 24621 -55 -46
69592 4939 16 -28
26097 16652 71 -86
53728 59603 70 -68
28042 52920 -29 -41
20271 51018 68 -41
15993 28908 -85 -95
78250 40071 34 -40
75518 33769 -77 36
5624 55461 -15 -35
27998 17576 -31 24
17663 19203 98 82
85211 60849 41 -18
35337 36703 -62 17
65513 69376 -69 -84
98814 22956 -58 -83
77928 68458 36 96
46574 92503 -65 0
2707 59735 1 20
25976 44846 90 -9
34341 91733 -37 -49
14420 85032 63 68
37934 3214 -97 88
2901 67246 8 50
68678 27803 -62 -73
61557 83363 -90 -31
30438 32829 13 -48
56081 67712 54 -11
72009 76423 -46 97
56362 30076 -8 -46
50989 53297 -10 -50
42254 73652 -76 81
17616 60524 55 -79
30016 19731 9 -38
94695 76832 -25 -8
57571 10251 33 -36
71229 80321 68 29
42220 50456 -24 61
27165 39170 -96 44
63275 57523 38 45
84225 6534 54 9
91289 98778 -79 2
3700 15490 -90 -1
52943 23937 48 57
67817 56949 14 62
81098 29489 -7 -13
91800 23264 96 -68
38720 91061 -48 -19
71463 34784 -20 -92
90279 57816 -66 91
94580 5831 91 -70
32038 54747 -66 -76
17179 21987 61 -98
97530 32984 -69 -50
81093 20591 53 49
62253 6635 63 15
49345 92115 7 -29
50417 92656 91 88
23839 26231 -98 12
28589 80511 15 90
6800 50267 -32 -12
9350 61662 12 100
82461 10793 -23 -28
32971 93164 29 67
55506 18606 -1 -40
23781 47019 -83 53
23388 81968 43 -9
32678 97169 -6 6
49357 88794 -55 91
96308 10094 5 -33
30917 26096 -66 79
48694 72122 36 4
29704 29107 12 79
45886 27839 35 -7
88850 13895 31 -28
1892 1260 4 76
98965 94950 19 64
70327 16708 -83 12
40730 5237 15 88
55765 31202 82 -16
79395 9599 1 97
75766 17835 89 -85
69576 46446 5 82
40026 33167 -15 -47
87269 13001 94 -49
68420 34194 19 16
83026 12211 -53 -94
98317 40318 1 -76
14425 70055 93 10
39137 29363 -27 -86
48904 4251 74 92
8249 25647 -16 6
78586 51713 74 4
64352 99883 -72 -24
20814 23199 0 33
75481 77812 -99 -38
5095 75577 -13 -28
57369 45664 -64 87
74430 12379 65 -60
23807 25053 75 -16
45003 92850 43 -61
91430 29262 -83 -36
57815 53992 -13 51
33437 76018 36 53
34076 46226 -62 87
84497 62648 36 88
54861 11623 -11 94
27789 77903 10 -56
77476 98374 -13 8
61953 20728 -63 -9
97337 23536 91 38
