300 1000 10 30 100000
16974 43784 -23 36
67230 17666 -9 -48
46457 94438 39 -82
33394 15033 -6 21
87271 49339 -10 -32
631 40903 -29 22
26547 12822 -98 10
76920 38020 -46 -85
38266 40312 53 -42
81785 1053 76 -39
17444 54493 -99 -19
18529 20695 -87 49
93316 68967 69 -36
46641 65057 32 78
1636 93417 27 34
27263 84923 -33 71
85116 24000 1 40
73747 58798 6 96
7029 47583 65 -78
97762 43787 0 20
10881 52766 63 51
70834 89407 -2 -31
21781 71818 -71 -54
60852 23674 34 -83
45035 62919 -53 83
53396 90386 -83 -27
31806 90632 -4 -85
32286 93254 40 -43
44468 38675 11 59
32841 89040 -36 87
75125 83996 47 -78
25847 97385 -23 64
7677 54374 -54 -62
82660 63645 -83 46
5995 7052 -95 61
77735 20203 53 89
86807 97805 -52 35
48167 66768 76 73
7872 94758 32 47
75506 28808 96 -95
80556 66429 36 -24
81240 81259 59 -66
2830 27573 -89 51
21146 41101 67 81
84523 29366 -37 4
6070 32741 -91 99
93806 24891 54 -88
17758 77383 -15 82
82782 25158 26 -50
87922 5830 -97 -21
1975 20447 32 -17
79074 81881 13 -97
51929 952 72 92
61789 30816 -92 35
74263 58531 62 -16
95330 64034 -34 -19
36017 74695 58 -33
2377 91222 53 49
71127 16089 -72 -96
45877 52795 -32 -100
97661 42090 -78 67
50874 27122 68 87
82373 11901 -55 77
10787 21724 54 -91
2167 72764 12 30
77385 13313 -38 -16
64454 40624 -48 -45
15151 81 -70 53
80385 19396 -54 -38
44360 69277 -92 14
18802 79330 47 -36
87300 49262 83 -12
61996 63662 21 -26
98305 55795 52 13
72676 72773 69 -38
32991 42717 36 14
43028 23559 64 -74
32626 40081 20 -59
82228 34459 45 46
34727 22105 63 -80
2589 86523 -34 91
59453 91414 65 17
49351 20608 -94 -26
22583 86497 -73 -73
16864 49942 -42 -63
45720 25716 60 -57
27374 34265 -90 46
54116 8440 -19 0
89903 67650 38 38
11289 19681 28 -17
80982 38890 25 -54
79160 82428 -45 -80
55160 71521 -70 -1
62967 92792 87 -4
763 3683 -31 -25
71344 28678 77 -18
42985 80383 11 -68
59084 43163 -87 -64
99270 67720 -13 29
44878 53654 68 89
24912 39692 -64 14
72627 19490 -13 -53
23781 39837 -76 -88
26173 52757 18 -1
72150 98975 61 77
42475 25379 81 -39
53124 22326 76 -6
50874 73352 -76 -31
23822 21978 -72 34
46794 84075 15 72
72861 47494 -19 77
11635 24187 68 37
16250 8512 -37 67
62728 32378 93 -76
74053 79454 97 -91
96117 49065 -64 73
68670 83997 -68 -20
68267 10744 13 4
20057 37090 -12 -10
56788 626 -95 95
25126 6273 19 36
90500 62396 -74 66
14492 81115 52 -44
83975 88223 38 83
29996 9242 27 -48
66887 2313 10 1
44782 44481 50 -40
25729 60304 80 -81
76839 20753 -70 4
27480 66858 65 72
15522 3230 -16 -56
77678 70153 -45 65
23595 988 -79 25
65900 88948 -69 8
69881 69078 -47 -23
43911 40760 -47 -3
24005 91212 -13 -77
40061 71395 -85 -87
54199 31047 23 -48
42171 1903 5 -5
24919 65824 -49 -39
39315 25932 49 -72
54704 86031 96 -40
74374 64628 90 44
32737 33625 -88 6
21520 31948 8 -12
48699 81646 -61 -68
76625 47480 -66 75
48289 5459 -45 50
65792 67054 -87 20
43159 23373 -15 -65
31484 61702 -58 16
9158 21434 50 72
88834 85720 -84 -17
3673 84156 87 -56
33738 51403 -48 -79
77614 15057 51 -96
58205 89149 54 -7
70945 70527 33 -38
5438 96638 -52 90
54672 95615 92 66
18725 85547 -17 -22
14723 14808 30 23
65445 47854 -64 -11
93756 48981 -1 47
68345 5550 -97 47
25832 54007 71 68
73603 16270 -68 -10
74518 98573 -90 76
30524 83928 -29 -30
99042 69255 2 18
71276 77611 32 28
35238 67682 54 81
20597 26456 -81 -22
65764 32752 -80 -2
18254 38560 90 23
63726 31888 -17 -37
33062 88153 34 15
65501 85907 -78 -53
53519 77508 -21 -21
12322 4583 -60 -51
97212 72210 -8 44
39127 34386 58 -98
5802 87846 -1 -39
65383 93486 -24 -21
50921 91212 -70 96
53367 34625 38 -27
57821 87178 14 76
61922 39199 56 -11
57509 24313 -100 68
45614 82926 -75 -23
52583 3711 29 25
53187 60320 86 -6
76040 5987 33 14
91306 54780 -32 -38
80426 12160 -46 64
70956 89395 -86 -92
81447 85659 68 -61
43212 45755 -67 80
4611 33908 52 -18
51262 56914 19 -89
60095 38684 76 -39
50457 21817 -50 -27
88898 16340 86 -85
99874 43694 44 91
11739 2942 -8 1
19458 33669 -78 9
45409 47883 48 -78
2978 50005 65 61
6791 99749 -55 -77
27816 70930 92 -43
24052 86230 -85 98
77312 39261 -91 -54
33899 17064 -73 11
47673 45029 -36 79
21893 62571 64 -60
12947 66634 -30 -72
70151 67077 69 81
44706 67415 -82 0
92970 24468 72 -13
17000 17191 -20 -25
6828 5487 -58 75
43104 46939 92 4
32151 52629 -61 64
39610 15174 27 43
27992 88604 -84 71
24388 95966 17 29
68391 83490 -99 38
82642 55984 -3 38
94347 78485 82 87
60898 34370 -11 15
11087 19707 -31 90
32191 68536 94 -81
10931 23525 67 8
58084 43242 -59 25
22539 31525 27 -49
22470 84182 35 -96
10311 84821 -13 15
53355 94637 -99 68
3987 56618 72 -3
77883 84750 55 23
43908 89483 21 63
33181 39977 39 32
29543 36221 3 26
55513 69797 92 62
17805 65115 100 -66
15787 3256 93 17
53893 49648 -17 -21
39254 57998 38 -85
91565 80073 -43 -42
55867 55807 -96 54
63583 3724 12 33
5166 98404 32 86
7205 62696 -29 -58
67545 64768 51 39
29547 52840 -15 55
80127 77114 2 9
89340 25549 82 -27
20704 41625 -100 80
62289 77978 56 -86
94486 61200 -23 71
51532 33476 -27 83
34516 86797 14 87
98412 1264 -23 -86
70641 75663 -38 -10
60725 68835 -34 15
63832 19079 52 58
66660 49922 71 -27
17370 45746 -61 -41
1578 38390 -62 -72
51114 61903 72 4
38595 62624 74 14
85355 45517 42 -59
33988 93189 -71 12
5250 8979 -99 66
46342 52714 -33 21
98377 42020 44 -91
69993 14690 71 -86
6816 76713 -3 86
75981 2039 -45 60
36053 13293 10 -93
4562 7111 26 19
47270 38203 -79 -82
1406 11575 76 2
24228 98968 -13 -49
49080 59465 81 87
52468 68071 52 -51
65703 95859 41 -15
34502 1015 33 98
94933 43640 -22 5
67517 43942 95 84
25896 69896 -34 -42
83995 66310 12 -44
86537 39925 67 96
12982 67712 68 -30
66383 33284 -62 81
90209 56748 63 34
89492 3820 -24 47
4020 32895 -47 8
60549 15975 66 33
