300 1000 10 30 100000
18333 8393 41 -99
49283 42053 -54 58
92453 39036 -80 47
88198 44988 16 60
62593 89937 41 94
62824 27021 -12 61
79214 34804 28 89
59248 397 40 71
44673 73394 -39 -67
27553 36470 -90 34
19629 10495 -60 -40
68269 28140 26 -3
5936 6205 -91 -2
69446 28304 -21 -39
3372 17508 12 -93
21320 16431 -84 -51
61418 79773 -43 -59
94339 77584 30 75
59207 14786 54 56
18639 71918 -10 68
14660 79182 78 -43
97047 56535 32 24
19760 91158 94 45
76965 32076 15 67
17303 48016 -32 28
88283 21823 -34 -33
94758 41157 -93 20
86344 99501 -51 23
88100 79776 -53 -25
94057 30102 -69 -13
24262 2355 -48 46
681 81294 27 -29
35787 77901 77 73
6816 33787 -63 41
17525 47087 50 -4
75056 16051 -45 93
40776 20588 -96 69
63385 18864 -54 -56
68732 85895 31 -11
30570 66169 -4 1
16337 68301 42 -46
8312 55199 97 -14
37468 659 -23 -96
83257 6794 77 -20
86660 71844 25 -46
62069 97259 74 -94
50040 95744 59 96
12642 8818 -46 -47
15969 2759 91 -16
75537 93897 5 35
47125 26372 -16 -30
61471 82096 78 86
35321 28800 -4 -53
66869 74673 -31 22
49627 29294 -9 -27
44298 57159 -100 57
87468 98985 -70 76
83323 5106 61 20
18559 54380 82 78
18828 49625 -39 77
78678 72713 93 -90
24156 9867 -69 -62
38794 21680 -34 -94
31553 7866 -29 -3
4589 84556 -93 67
62308 86694 43 -60
36355 42430 -6 39
90086 10821 -92 86
50299 82449 -46 41
1865 14424 -5 25
52726 36004 78 38
26280 4833 -65 9
45782 24018 40 -56
44106 47404 41 -81
69240 53839 -7 -75
50334 54338 -76 4
59468 84793 27 4
34736 92904 1 -42
19241 70027 79 -86
66975 47826 -3 -82
13663 87912 86 90
17810 85811 34 -7
49480 14460 49 67
72710 24463 -100 42
58576 47492 45 -18
48568 83695 0 22
40282 89595 37 -66
31958 56213 -73 -14
31656 73853 -25 20
86939 83325 -81 51
48 81177 -15 55
82145 12113 -72 -12
21291 43910 95 61
30401 78389 99 46
84768 82383 -6 -69
34792 32325 93 5
22918 50498 33 -69
22775 24585 -64 76
79887 92741 68 -8
29642 77732 -84 21
31532 41030 26 -24
43170 75689 25 -32
93788 91256 32 72
54025 96001 -100 92
82856 10673 28 -2
42030 46405 88 -35
91467 86122 -19 94
66253 78221 90 4
60294 38152 61 -77
73021 21658 1 37
45353 82985 -93 76
86141 63457 15 94
60987 62994 89 87
81921 7540 -1 -11
22917 19012 -91 -61
28742 87289 -32 -2
65286 8101 -80 -67
76407 78667 -50 -73
58175 28055 -37 4
41123 1110 -68 -35
45045 36259 36 20
25732 17539 -93 -93
31097 90063 55 -9
69566 14139 -77 29
83180 25468 -89 -51
10690 3705 -38 2
31011 15304 96 -65
44698 25274 -96 -38
16634 27410 70 73
48570 10826 58 28
10410 95632 -18 -40
81954 66816 -32 -56
57039 14432 95 70
36392 77079 9 47
1001 6571 -21 -63
26101 60002 56 -70
321 18000 80 -71
34797 90417 -55 44
14566 77949 94 24
41905 46761 73 47
49800 30324 23 -49
24038 80528 -49 52
27105 51881 -89 -6
2292 64030 -23 27
76795 22232 -10 -53
74036 88786 6 26
70765 38505 74 73
88507 23824 -79 -97
89058 4928 -54 -95
41342 65207 28 52
1912 77144 54 -62
33374 76526 -7 57
56525 36024 81 -16
23841 40646 -31 -88
50503 84296 70 -90
30128 24706 -22 59
48887 9850 -79 70
25543 70325 78 -24
50322 57982 13 37
52157 57700 98 -72
76061 13321 27 48
5021 17188 89 84
7810 29760 92 -91
46685 94817 -40 -10
36452 5743 -3 -71
44753 61973 9 -80
89074 18118 -5 -92
61514 11302 100 32
29990 40841 60 -74
9937 37840 -55 -20
76973 8950 92 -80
44159 7977 -62 -73
73592 17288 -100 40
21438 85375 -5 -90
18977 71718 -89 23
26771 67210 47 27
14722 99102 -98 -27
1874 21349 90 -23
43952 93205 -83 -27
28284 99139 15 97
64096 9599 80 12
72912 65982 11 95
73792 1359 1 -83
94048 38549 55 -28
70638 64139 79 -45
49078 34952 -34 -38
18959 35368 -1 20
91669 1492 17 91
45949 85630 -38 83
30404 52005 76 -62
73405 20682 -46 59
83061 754 21 -95
21868 26795 -82 78
20607 3944 50 -43
64694 34030 -78 -79
44234 38825 -63 -16
40041 24005 -33 -91
16309 27379 3 40
15501 88696 -16 -39
1475 38660 -10 -37
12210 65672 -78 -9
20012 81159 17 95
40872 48966 -30 32
67907 87323 -17 -98
81959 97757 -81 -21
53989 43536 -1 -32
30652 92417 86 64
46417 89060 56 -19
79682 75767 -78 72
3527 5967 -78 -69
87636 83262 -46 9
81459 18953 -51 46
12047 86276 50 -92
79787 99744 -93 -82
43898 13246 -4 99
67982 86325 -72 -84
28614 45196 -36 36
18760 60626 0 -85
43040 70918 -68 83
45173 50105 -86 -73
30109 71272 72 4
692 83955 -35 -35
99627 46880 -90 51
43392 19673 -55 52
92304 94293 13 50
24377 29114 39 -92
8328 15239 -45 -94
24195 94521 78 -10
33555 19749 15 14
62183 36554 26 42
88342 43582 -28 12
30066 19279 -4 92
18400 31374 -46 -20
75619 50936 74 51
1304 34832 -94 47
1734 39447 30 73
74048 47526 92 33
68406 97673 85 42
12734 78687 12 -53
14236 56143 -27 -4
47754 27307 51 82
78626 75544 52 20
32142 44741 -45 48
45391 44559 -62 11
81227 67643 -18 -55
5211 39917 89 61
2138 94450 44 -19
41529 24612 -64 -80
6670 16865 66 -31
50916 11787 -4 93
77160 19244 96 35
855 10850 14 -35
63689 19821 82 52
49031 4436 -7 -62
54793 17900 84 78
68511 50717 44 66
9716 14054 -99 43
22871 78504 -50 -54
33443 10267 25 69
16314 44273 -51 -1
12018 2152 -67 67
50735 4983 -96 -90
89024 45137 34 -81
65208 76474 -78 -63
56518 27127 47 53
56338 60693 36 41
73422 74751 -10 -50
54318 52254 26 61
42325 59963 -58 45
66252 63728 54 72
81393 89534 94 22
7087 28252 49 -33
9152 53449 -40 63
98268 54381 75 -20
29697 64408 -77 -5
37993 26214 66 -41
92893 48463 -72 54
79267 74790 -14 97
49482 5680 -44 -90
34655 47270 0 86
57057 83218 -66 3
78655 80454 71 24
28886 63817 -42 -33
43573 96649 -7 -64
90494 34705 -87 -36
59180 21714 -87 73
9859 50420 1 19
87348 39280 5 -65
26911 25422 -47 -19
7814 37152 -62 15
40759 5272 -9 17
72732 74374 -45 73
73705 47632 -11 32
52808 54467 19 45
32468 56936 -60 87
54654 55742 37 -61
71339 3049 93 21
85208 31508 -20 -73
25232 67661 83 -93
97649 14944 -22 37
