300 1000 10 30 100000
21011 61302 -35 -13
79095 55116 74 87
88134 3902 -85 60
28684 72582 -75 -25
53270 38692 -33 79
78271 88917 89 -72
94859 73526 -41 -24
7747 47781 -35 84
68317 88519 -5 -78
97362 56174 -85 59
39636 53242 -23 63
99391 78294 97 -87
58129 24116 -100 -8
38132 37804 21 24
3724 72500 -26 15
40265 94837 -74 45
3232 11572 -4 -25
97776 13961 31 -4
50699 64295 55 5
21184 3555 -29 -5
41284 69988 28 24
49406 80419 0 -89
40044 93097 32 28
94283 21363 -78 14
4544 14199 -73 -24
57317 36829 -5 -85
48125 13797 -73 -21
58377 6946 34 98
671 45549 63 -38
26674 44733 -37 18
40325 99656 -74 -16
55766 32983 -68 -15
29121 97192 84 -82
92737 66841 50 98
79941 11679 -22 57
6489 76640 -67 90
44485 20240 -59 19
37289 21330 -26 27
31322 35965 1 53
32226 86730 71 54
97663 96400 -9 19
36189 97305 -32 -4
58877 90752 75 21
55379 87718 45 -78
93458 56812 81 78
88997 81199 48 85
2335 98963 29 97
55328 66559 0 38
20712 63269 -80 88
86628 79708 -100 -60
20088 5046 45 4
8577 49611 -53 -26
41424 66363 -54 -97
36891 80227 -51 -48
36557 55086 -24 -30
84770 71573 -63 -57
46528 83789 40 98
60633 24802 73 -18
99435 80505 -59 34
85502 40318 96 0
46395 98199 17 16
22897 90511 -26 73
57727 74819 4 94
54124 95831 -29 -13
60353 32763 -36 5
65694 76679 -21 -43
3227 5959 -81 -50
89847 49361 -81 8
2663 65032 52 48
83802 32530 61 96
62757 67342 95 -88
6757 59206 -28 13
1314 77775 -33 -97
41516 80967 41 -28
23674 63762 -10 36
3590 84752 14 -99
88110 44387 -99 81
89573 16541 -96 -47
83922 78955 51 46
96547 43174 -90 67
13200 15201 -70 -65
61746 91732 -18 -82
86059 13563 48 -83
88074 30438 89 -21
11587 90605 -14 -69
17029 95481 17 -83
93260 91831 31 10
71555 65852 -13 87
45799 58774 88 -49
15281 37374 -46 -44
31862 82273 16 43
94915 79070 11 -82
49510 64032 -48 100
22983 93161 53 5
31904 76163 16 -16
70507 49520 58 46
66715 71093 -59 13
93650 4300 48 -35
78134 14238 22 87
3882 33780 -3 29
74609 99330 45 -80
71337 45794 -21 79
31415 57212 -17 4
3657 41261 38 87
29922 17974 11 -6
6791 40131 47 35
82321 94538 -25 -42
58589 22874 -86 -78
92922 96636 69 9
22104 6725 79 23
21054 21637 96 99
66037 60317 -23 -76
70285 33357 -8 -81
58428 75356 -46 20
33178 48856 35 -59
72947 39303 -68 -76
19198 5413 44 -70
46976 51247 -57 -49
60560 15985 32 -70
25220 46235 92 71
75494 81516 -23 -62
81085 75536 -58 89
12251 55673 27 89
41110 87846 -72 -86
53251 1222 -25 89
99807 5750 80 -80
77550 28886 -63 78
94885 19183 99 64
22551 36224 25 -96
28290 76192 61 20
94061 55803 73 82
18928 80993 -10 45
93803 77158 85 25
41873 23319 -75 -26
57707 69367 75 -5
88011 33464 -27 46
40105 39484 23 -90
34942 83630 2 88
40767 31482 6 80
34189 3862 -15 10
8277 49204 -32 -29
62314 76786 -71 -26
79998 26037 9 41
78949 5782 39 20
84815 83938 1 72
83678 27003 -70 57
16898 11828 38 4
49426 77370 -19 -40
63673 25636 6 -22
81756 29748 -22 -57
17453 42380 72 99
37915 65528 23 -74
44991 26235 -72 7
25386 4113 -46 52
85659 55371 65 27
78175 29046 67 -1
4101 73609 24 14
62879 7720 97 -3
24592 9195 -40 -48
69586 84971 54 -59
93129 66645 81 -89
60865 50662 -100 7
76524 60517 49 9
59848 66931 71 74
66860 83314 -11 -24
84179 60280 23 48
60164 72215 -64 -74
99297 43162 -84 -98
59931 9882 -43 86
70327 14388 35 -45
39335 16503 -22 -96
52871 6559 38 30
36656 28299 45 53
85609 23607 -54 35
2825 98872 -10 -16
33017 8748 80 -30
15663 67070 25 35
7809 21213 90 -23
40719 47218 -92 -49
12506 21868 3 55
52940 65974 -85 -41
72799 66939 -87 -4
12066 27345 -86 -14
91829 45698 -69 -67
6066 86266 41 85
58828 94330 7 -86
48234 38100 38 -79
80658 95153 -53 44
54878 94417 21 36
72380 94209 -38 47
83012 23040 60 34
58687 99704 -27 27
24012 34518 -56 95
52430 43416 68 6
36708 12278 -44 -54
26549 15746 -20 -60
3895 18803 -100 -43
42936 90476 -42 23
14129 75088 65 -75
47410 91085 -47 -78
91277 23735 -88 78
86019 34323 -4 -55
50134 2075 -68 85
49406 15926 24 91
38295 70167 -87 58
35201 57731 22 80
47131 66321 -6 1
36710 6990 -41 -31
34736 62927 54 -53
33672 49640 -27 -73
72863 20077 -26 -76
46411 31009 93 -15
81490 75497 91 -88
62862 73974 54 12
13219 70804 55 -98
31676 51594 19 -100
51738 21224 75 95
84475 52507 96 -18
55936 74834 83 64
35547 64869 64 45
40929 59183 -36 53
28601 29603 -15 48
66156 21283 -82 -81
7851 18394 85 67
21337 49318 -59 -62
13237 67263 -67 97
52666 82556 57 1
40399 98745 10 -65
39466 27695 33 64
67618 39465 3 70
80138 63894 -74 32
95483 29899 -6 -42
11145 16296 -40 -81
57607 58610 82 -45
82870 16040 41 25
70611 24004 95 36
32837 57215 -19 30
8018 69828 50 66
96825 15773 -13 -92
58004 88389 80 17
13186 72447 -58 60
35983 93402 -89 99
47110 56695 58 -34
18516 99257 -70 -22
97404 25343 46 -87
5542 91621 67 91
66721 80471 -75 37
55882 46353 3 -54
33709 12423 -60 -84
50995 54820 26 33
33192 99033 -80 -100
78950 82596 47 -64
42150 64508 88 -3
67293 14168 -50 67
14470 89416 -83 -41
12388 58937 -74 89
95899 79075 9 71
68395 39335 20 -54
45712 58306 18 -29
67293 2757 100 3
80954 31067 93 87
89315 93155 34 -25
58311 87744 45 29
29969 26746 -79 -26
99184 29420 -39 -86
41447 4819 -78 73
31196 86318 96 69
58241 53928 -5 -86
82725 18972 -7 -83
83889 19955 49 64
21085 77941 35 88
45264 70737 -21 -99
7728 67556 1 65
70774 6957 -88 50
89108 74658 -39 95
4398 60478 72 89
66612 9142 -58 59
56422 51738 93 -94
78793 40629 -62 -6
58130 98346 31 -3
95871 9764 99 -62
49769 66510 -32 37
11665 1983 -75 -93
20324 74772 87 -10
87791 98060 62 49
23445 94525 40 -70
22870 68852 -56 93
58946 84623 56 99
8738 91225 -2 -23
56245 74638 23 -75
8657 36334 -31 -95
70221 24250 -93 82
744 78999 70 36
99208 12262 40 -58
164 74777 61 23
47085 91302 37 95
64459 70929 -85 -21
98407 70725 -29 -64
7945 58063 -25 -35
30919 54802 -88 -51
