300 1000 10 30 100000
13665 66564 52 69
50167 10708 2 -94
56750 43282 -34 65
56598 99218 -65 -38
57230 53018 -2 -96
65603 42954 70 13
99562 74517 -84 -7
85342 255 -62 -11
79622 51096 -88 7
56729 50841 -36 24
75858 73854 82 9
44737 44273 -89 95
70832 36324 -14 -73
47811 14842 -63 80
56219 45976 -15 9
73074 34329 37 59
75590 63481 92 -18
56446 95843 -80 -85
50793 68206 -80 -61
9864 53608 -63 -10
7031 5675 -98 33
47783 81677 -42 48
4774 65109 44 75
45936 90615 36 -50
94768 28686 13 38
83453 60565 55 -37
15306 65429 -28 -25
74813 16979 -47 -39
9890 83714 90 -64
75205 49539 -79 88
48187 83926 51 3
71860 3840 -61 -7
18032 4082 -63 96
83692 66667 45 33
65737 85712 46 40
43801 16365 -63 -55
36393 63298 -68 -27
87289 92504 -13 -35
13801 24196 8 -18
93542 35281 28 -15
6349 45157 -35 28
54994 54441 -11 -4
52421 63282 16 -91
21017 32621 -10 -11
43856 28181 -31 -79
92383 20657 -70 -11
64746 42427 -72 -81
75949 64715 -1 -91
70493 89429 71 -58
95014 23537 -78 -81
19288 56754 88 -28
57461 4455 9 -55
59226 47459 -83 -76
87490 93425 94 -38
32345 39007 -75 -18
12244 38902 -80 -58
75764 41473 -29 -94
68164 85715 -43 29
67121 9236 19 17
6418 90495 19 -11
21104 32284 -7 -2
67716 32958 -92 -94
71622 17551 90 25
9340 65010 24 23
85600 96592 -40 7
5365 16680 -26 -54
22830 52169 80 46
6020 71893 -87 -30
92709 88362 -80 67
1756 43704 90 -97
81114 39783 93 92
87560 65112 -56 -81
91393 25053 54 42
99423 28180 -8 -3
45923 27857 -9 -68
90483 95272 -98 44
37935 67777 -6 71
37405 52500 47 -99
96041 5435 -16 -37
5482 77145 -2 -4
50364 70402 39 -100
66248 84185 17 -67
51089 32805 49 61
97212 83144 -82 -86
10924 10182 77 79
58458 37464 -19 4
65207 50524 -85 -58
91866 44913 -25 83
85233 89063 6 53
60840 54898 11 11
50445 84268 37 14
8588 44001 -17 -30
37727 14417 20 0
28448 98315 -66 20
55670 40664 -14 -56
23787 84633 25 -51
87638 67149 39 54
95762 71662 39 -24
15793 30982 40 -35
16707 27001 31 -2
8146 39176 19 -47
84979 55068 -40 -27
28374 13306 24 57
49661 69836 19 -54
9601 50696 -68 -1
9828 90269 -85 34
12113 2367 5 81
22583 49904 61 65
75571 21578 -35 19
56758 74706 6 -69
16637 19288 -98 -47
99526 89611 15 -35
10922 20180 40 30
11860 36499 -43 11
3368 60651 -99 -13
61323 89254 45 -72
55596 24571 64 -15
66719 92431 -13 63
50667 34543 -74 -45
5260 62844 -90 4
84186 17587 48 77
57844 29329 -60 -69
10964 75940 37 100
27278 69215 21 -75
98710 9915 -96 -35
66166 89783 53 7
77624 92607 1 -69
87351 57888 -61 87
62567 95296 -73 71
48384 55682 70 -63
63849 66596 71 -27
66452 1240 30 71
96946 43123 -26 77
39900 25598 48 -66
21244 16488 23 -97
46201 84036 -20 -79
33521 63177 -4 54
80984 94717 96 -90
7678 88104 26 70
79066 75433 56 -7
15251 73074 -89 75
11499 68877 49 67
21801 41502 -75 68
39032 73190 43 18
96041 7056 -48 -40
99226 58672 -66 21
50072 93690 -66 -52
37143 47827 -82 84
26751 3869 -74 65
86011 72931 21 64
19618 26234 23 10
92184 84994 -38 -69
96366 32186 44 -43
95466 18223 -48 -1
52804 93036 -13 2
85542 83201 68 -83
18899 53713 -65 -100
33559 9995 -27 -30
28768 66035 8 25
64320 62800 -40 20
69126 83951 92 61
79158 4846 78 8
5775 46742 53 -93
99848 97820 -63 85
46480 8793 -94 -78
54292 13119 75 61
17995 32945 0 34
38815 57633 84 53
5083 97362 -79 84
36717 26954 99 16
2028 90639 46 3
96070 41010 38 -99
58229 54215 0 50
89024 45817 19 27
45007 88106 -74 -39
95047 54348 90 6
2268 68514 -70 25
47212 57807 68 41
11942 62379 -26 78
86452 17646 83 -3
58020 92254 -68 87
12807 89891 -83 97
31533 21618 39 61
94819 93665 22 -90
81242 21203 6 -92
90213 26950 76 77
62823 64214 -7 68
16380 32007 91 -37
316 90503 -50 67
80878 38277 -98 -95
7609 2580 21 39
30395 86506 59 38
34007 61086 -10 69
19454 87684 -56 -1
57101 24510 36 2
42020 18194 -78 -33
11058 22875 95 10
62682 8941 20 57
30706 7280 -71 -74
41054 69504 -5 78
29641 22308 -7 14
35227 68083 70 -19
48400 47312 -13 -64
37362 65695 0 -41
24083 93457 -46 44
14438 13523 46 -36
14 80614 57 -95
3464 42574 91 63
85266 92268 49 -11
54357 50075 39 56
88762 75488 59 -22
16640 86556 -16 -28
73207 35108 63 -16
94282 73174 -59 22
81411 2110 45 60
16738 26959 29 -86
87747 36010 -66 -4
25547 86291 36 63
74976 21379 56 -48
23392 35883 13 -52
8164 91391 18 5
67407 77183 46 -96
19586 10422 11 30
64038 46057 -13 -13
33936 54509 64 -73
27533 61646 -26 -65
48755 49748 -65 31
25396 39937 -58 -41
14602 80407 68 62
13335 88607 -79 46
36970 36390 27 -67
99683 71845 49 -11
41894 27935 -28 -21
78168 18575 43 42
59002 60929 -3 51
43298 45837 -61 -77
29964 76485 -48 15
99621 23794 -29 -6
22500 11086 80 30
64958 70268 -5 18
89123 12075 -30 -49
77551 20844 -52 59
38293 81983 -75 3
313 42124 86 -60
79141 18018 74 93
5240 4768 -35 12
50276 79099 -33 18
4758 70560 66 35
82364 53440 -15 -50
23977 48530 69 71
20755 28101 -88 -23
91617 595 -99 -44
34800 2928 70 73
30255 37306 -26 -29
90430 25219 45 28
68930 30572 -44 -92
10818 92771 47 -28
88823 8110 26 13
6774 16426 -76 22
44017 28823 92 42
45863 993 -6 13
35429 84473 97 -68
30943 46365 69 -78
21309 54510 -46 -94
85272 79701 25 95
74470 20438 -37 56
25189 2880 -83 -97
14494 29584 10 26
84944 50501 -25 -10
60812 3702 2 -65
12710 9890 16 -67
32473 73010 -33 51
99500 55668 -75 -78
90554 20921 -4 83
18385 83375 13 77
21646 8975 -30 82
14452 40080 -38 -26
92589 58806 -27 -41
42131 88796 35 -53
38821 94376 67 55
62064 92169 -41 11
55774 15841 -24 84
56683 38150 -56 92
5005 66063 91 27
7070 69689 -8 15
2922 6547 -81 -85
10998 28018 38 -57
19367 22423 55 60
14606 60956 59 -62
79923 93544 41 -17
85542 85887 4 49
32464 53817 73 72
95733 82538 -98 8
78237 9497 -93 0
20964 82260 -45 0
88944 17813 -92 11
36803 82592 -54 -35
98737 28246 78 -85
884 49678 -41 -56
46595 33023 38 21
