300 1000 10 30 100000
70584 22982 23 55
60389 85429 -25 96
92454 67619 40 37
30699 42326 -25 98
51171 38380 -49 -67
96906 3278 -45 -93
78567 7976 -4 -3
22868 18060 -26 52
68232 92612 -23 74
82021 74578 -46 99
28198 56279 15 56
49836 53947 -29 49
98533 14615 -76 -56
93883 21788 1 -71
36030 10818 -94 96
18715 46756 -42 -33
45692 59665 28 95
62165 52610 -11 18
38063 33070 39 75
77562 99045 24 33
41164 67854 14 -99
40249 46375 67 -59
39525 57128 -49 64
24420 49949 -28 52
10219 78693 -19 -15
14910 89941 -50 -45
43987 86100 76 41
61254 16185 -42 88
60133 72879 -1 -72
93103 89015 -70 -87
87106 40101 28 40
79951 24702 18 27
29928 59843 83 94
70798 47155 -93 71
32994 75673 -13 -2
54856 86361 16 36
68103 83409 45 -49
75658 10983 35 -77
78497 90240 -46 -76
49223 67734 54 28
56450 6636 -50 -21
56094 14623 -91 -88
74101 74661 -66 -29
87224 13074 76 65
41798 59325 -16 -14
64330 27435 12 72
58507 64261 -32 15
77947 40746 -33 96
93398 40996 -17 -95
4248 17643 -84 -80
66504 64129 11 5
14514 56231 -99 -56
15189 13046 -24 -35
8865 55488 -28 0
96509 78373 -18 39
74466 44453 -60 -19
91906 64336 35 25
91013 96406 -11 -97
37020 76822 59 82
69081 69020 82 -34
4324 49779 46 14
61765 39952 -53 74
72840 95779 -29 -27
27158 30234 -37 4
14579 19568 65 -96
49768 85121 53 -2
75424 86453 -80 25
41436 29010 49 -66
11638 19748 56 66
76179 67411 -20 58
68894 25160 -55 59
1122 78274 81 -26
68910 13601 0 -20
15190 84906 -89 -58
9434 52203 83 81
22818 72838 -54 22
3388 13182 76 -89
7639 46324 -6 24
53157 90792 -43 -61
53628 63658 77 -93
99443 78695 17 82
37389 74945 42 20
72008 62508 25 -54
74505 1425 79 -20
95363 52302 34 53
23584 23787 64 9
58180 9798 24 -55
76945 59699 -53 99
55860 21236 19 -69
97504 58299 5 14
8952 15533 -42 69
67091 51994 -75 72
32077 96871 -57 71
93337 78186 52 -28
29147 75959 54 -21
53442 17541 -3 -56
46725 69419 85 -26
29069 17100 -19 -86
32311 47249 -41 -36
27565 67745 14 -63
59076 30354 -78 -16
42502 46948 36 -44
92352 91485 -49 69
2066 39047 -1 -70
87291 76031 -51 91
61348 64398 40 73
87648 23434 -19 -78
4525 10883 -13 -96
22469 54041 -8 50
59752 62009 7 53
61340 96148 -68 -74
94994 20467 92 80
67629 76801 -22 58
90871 4684 46 49
72283 39583 23 100
84031 67000 -50 -76
33720 21231 20 94
57464 39618 -22 -59
22342 49540 -34 51
34457 68201 -51 10
40390 50151 -51 84
88453 82983 -88 61
69618 91678 68 17
95732 58112 -98 19
85951 1387 99 35
50000 87684 -90 78
56723 1174 42 -97
58991 53223 -91 -43
4484 40386 52 -17
16638 53913 -65 55
87948 87435 44 -95
18305 80125 -66 69
81390 25179 -58 -20
81848 86481 11 72
44525 65905 86 100
74124 95830 -23 8
98087 32275 -81 69
77775 63211 -39 19
45484 58815 -10 -35
89915 79626 12 62
22576 737 80 48
78745 49482 46 -52
37126 58310 -64 -16
75302 49580 -95 63
7007 2903 79 95
94406 16675 73 -3
83475 22800 -26 -56
10981 37783 0 61
68899 52030 41 -43
13389 9557 27 -48
92922 78424 -26 -52
68374 83695 23 83
57407 5506 -33 -6
28721 31751 58 -84
74445 78741 -15 90
72803 33458 -36 16
54686 94510 -89 25
6309 47184 96 -80
18780 91121 23 -41
77402 62247 -47 -34
23594 56703 -99 17
30534 66233 81 71
83594 95145 63 33
59924 36755 -3 38
43086 84145 18 -84
64427 52243 -83 30
83067 47251 12 -81
5785 38416 -77 16
45713 22553 11 72
68628 54877 -26 31
58359 39162 -43 92
18450 71697 83 58
92848 3857 79 23
98276 50454 -45 -96
20724 12499 -54 -23
95149 38129 25 -47
3839 79275 50 -95
57896 76779 -28 50
31849 15119 -43 73
315 60616 41 14
49776 71457 30 -44
1537 49172 36 44
93805 38032 5 -87
74958 16467 48 -11
77524 46422 25 -22
34818 80823 -47 -77
21766 6041 10 15
86663 90531 -18 -44
48927 65719 1 67
17077 58216 -1 -69
11134 81390 62 3
35542 80238 61 -51
35490 5660 67 -27
40887 61268 97 57
59213 61853 26 -97
89912 57727 -82 4
83524 62673 72 85
62332 45404 69 -73
82788 32785 62 -96
86350 7198 -66 69
46383 77300 -61 -16
23696 98859 94 -72
28400 23767 22 13
48004 91646 -9 -79
21447 9377 94 62
37519 53087 6 78
32905 56795 -84 26
10254 66297 -76 -84
70841 10815 32 -57
54808 8566 58 68
127 30594 -94 51
63500 92537 22 -46
58697 62302 -23 -54
47661 95766 -67 62
72145 19058 2 11
60816 41456 70 58
50122 6747 47 34
55151 20195 80 -38
39139 27375 34 7
78135 23270 -5 82
14805 89224 72 38
67921 47283 -65 70
45639 3057 -50 68
64117 85165 88 27
62683 57437 97 -48
67248 5989 -27 -28
53207 87543 -67 71
36483 92211 -73 13
62897 98120 51 -47
68898 20590 0 -48
43436 69170 90 -3
23017 86979 -43 -58
42746 84049 23 -49
14458 41868 63 71
15546 83134 -34 -51
840 71473 85 -69
42607 70696 -10 -68
22591 42389 7 -40
51116 28920 -46 69
32089 22898 -82 -3
90581 77321 100 100
24809 57700 42 -42
38106 8745 -36 -48
36059 830 -61 -30
77232 72455 -8 77
44316 86589 -20 -66
40940 97714 12 -5
38540 5727 44 14
84682 10039 47 -46
71666 49372 -89 35
34755 49171 68 -61
52717 20133 96 -41
81781 71257 72 -2
10540 66758 -89 -45
951 45015 -70 -13
53263 59385 53 20
4338 40347 82 76
17291 60439 -45 46
59462 54903 11 4
81968 70791 40 -35
43797 91800 5 96
94279 20048 1 -43
42118 73747 23 76
20131 50735 99 65
9549 83827 -15 0
97179 9040 -81 73
37046 60025 0 32
93780 1726 -24 50
13654 5815 60 39
89943 13170 35 81
46079 95959 85 -29
76228 31140 21 11
68277 48530 24 46
25488 42402 24 -73
11384 95013 87 -44
22481 95584 -59 -10
77510 75479 12 -20
63582 17348 37 97
99734 79656 -13 -95
16133 46311 -79 98
75801 53640 27 88
90163 63514 -55 32
87318 270 55 32
52795 66482 -5 -45
64971 39187 67 -7
5451 97727 -70 96
9826 86744 -1 23
34245 51390 51 53
74392 18886 99 91
38706 76266 71 59
17616 70148 -23 -7
4211 5871 -58 -36
94912 15263 73 79
65741 17662 -63 -70
73155 90948 72 -41
66483 75927 65 -21
18878 85261 87 -96
44558 13808 14 39
63362 42641 94 13
97729 46627 28 37
