300 1000 10 30 100000
1999 88515 -49 79
38670 43052 -67 62
43907 27397 -34 -97
87157 96915 -99 5
56123 14712 27 39
26495 53645 -5 46
41868 41452 -79 -97
92773 25304 65 27
17010 14632 -93 41
28514 53653 -58 -55
93267 52257 62 -13
41091 97716 -47 -36
52084 54406 -29 -31
48572 16431 25 57
66392 96239 13 97
60645 17444 -58 36
81430 40155 24 -4
660 10566 -81 98
22071 58207 -76 -96
70795 2145 -1 -90
96663 67428 84 82
32779 90673 -89 -85
30898 85024 -41 -39
77351 86234 38 89
4298 48814 -73 28
84661 74623 -21 16
37287 92713 -53 82
30687 31382 -77 -35
8579 80257 -49 -62
90204 19762 -31 -70
4303 35455 -42 -29
92780 44750 49 -47
74393 39781 -78 23
7016 38000 81 -23
33520 72395 -99 -98
16741 96609 -6 -79
25284 70014 34 84
33356 38205 12 -3
74412 50205 -92 -16
10838 6336 97 13
12680 42275 -100 -23
67476 7544 31 -75
74929 4747 44 16
88758 27828 -79 87
96293 71644 -61 -14
43876 52483 -14 84
11539 6323 -42 -22
58129 52330 -1 -100
11474 42213 14 97
37808 66293 78 66
40272 16372 65 83
40041 63578 -32 35
24405 61154 51 -9
63120 73937 98 -96
13723 17121 -10 -40
29760 82783 52 9
16238 63462 -14 96
78388 94031 68 -68
63492 24463 -61 -57
23783 52653 68 -41
96921 7357 78 -9
4694 64965 -77 -20
31442 71054 -43 11
90024 4321 31 70
18717 53468 -17 -20
27015 53831 57 27
84110 47567 21 88
31131 77899 2 69
6524 59785 -99 75
55612 3629 94 -61
94663 73225 86 71
8862 93514 -66 25
56820 97423 -37 -39
46549 90216 12 12
53813 67887 -53 58
16372 37393 -21 23
61852 1252 -49 -81
77811 84946 95 18
10860 60284 -71 88
86648 94309 -85 44
76645 15657 57 44
24585 94168 31 -36
7978 39371 9 -59
47190 20609 22 -81
35844 33871 -99 -98
88137 57115 82 -99
82954 62051 21 47
93417 56975 5 65
81594 49716 88 -64
49875 73481 57 -70
40523 13485 75 10
84628 25176 -85 -28
94729 35181 -52 99
86102 53514 77 -61
11846 20016 -40 7
27659 839 38 -30
26707 59744 48 30
96211 89201 13 -66
72000 89008 22 -30
74649 8342 12 -26
16807 17413 -25 -72
86780 98909 51 -10
13216 90463 4 -10
52681 44429 99 -100
79332 66566 -5 45
75457 26467 0 -71
2756 68490 92 55
61700 71979 29 -92
17698 31594 47 100
11728 81852 -34 -100
24052 84667 5 10
90510 85847 17 29
68158 19701 -13 47
66118 83553 97 85
29278 74820 10 -81
14292 15428 -83 12
22417 70150 -2 46
45994 35927 40 100
99935 4255 54 -86
59987 94150 -36 -78
89290 97535 -46 17
24553 58038 -53 80
59187 27961 61 75
91572 92490 -6 -50
76051 91553 -73 87
76615 24503 99 -59
12113 95190 -35 98
81393 2321 -63 14
74542 57826 48 87
8001 83357 79 -29
57600 53777 63 -62
50246 84382 45 -98
12434 72169 -71 37
90040 46367 95 2
2591 44372 96 35
49737 619 24 -100
99796 5716 8 85
7782 92868 -85 3
88751 64483 0 -6
54855 66686 20 -25
91885 96734 58 75
52886 28859 97 -78
35778 39367 7 -25
17362 85304 34 75
35271 12247 40 41
13820 75409 -59 -47
87079 29313 -25 -37
78021 91206 -90 85
79600 70336 -75 56
66358 28497 -5 18
41089 89140 -73 71
22177 59176 -77 40
22709 23484 -96 81
68601 55098 -83 -46
76631 88292 -87 24
57424 91104 -64 -77
56702 33520 -77 -88
77671 97147 25 51
6710 58927 1 -34
12480 9408 -10 86
38409 23014 32 49
4689 2087 85 -46
88857 6642 -18 94
53482 73895 63 63
54338 11951 19 27
90884 12143 0 -61
22175 39478 95 -59
86933 95844 56 -75
89991 3313 -39 47
24211 52412 68 -36
86612 23904 -94 21
73650 15114 -66 -63
86586 56395 -21 37
70109 81285 -2 -28
71514 3188 -6 -35
90665 74029 41 66
4489 73997 45 60
9344 66524 64 7
59676 42254 -21 -32
26567 19242 63 -81
13485 63182 90 35
37773 28702 5 54
83938 57231 82 -16
99093 86830 -100 16
32467 67366 36 43
90261 81588 45 -80
43324 24970 27 51
95961 63239 -61 64
9318 19139 19 -5
77356 73135 9 -40
14090 43490 -20 -67
30733 74490 -8 -36
79485 88707 -55 82
584 83064 -43 14
16055 61202 34 -43
69390 44691 17 49
82810 39812 -43 66
41781 96418 69 -21
73629 31544 -28 62
1441 49107 92 51
5437 92327 5 94
77828 84843 -83 -88
42743 863 64 59
9955 63929 32 12
65085 88654 -100 -63
48828 2173 -71 20
64125 86596 28 -23
82320 55833 15 14
13187 97124 6 58
20517 27007 -57 69
85889 68345 25 48
96798 3886 65 -100
41849 13209 54 31
92552 875 -42 -68
70251 18708 -65 -2
85276 76351 -4 99
77477 78573 -6 -91
96523 83604 37 -15
2341 73549 -1 -21
63739 75646 2 63
3412 43418 29 17
15500 22409 -48 30
58294 48687 97 -54
82720 88393 -62 -5
6232 31841 -35 5
62523 50551 42 62
7632 59188 -18 -40
46234 23070 -13 68
31120 79477 67 71
43280 94032 -61 62
89696 66651 77 69
23943 73941 54 -88
61165 30811 84 8
15597 49325 100 -95
75489 32088 46 -18
63929 91269 44 46
55673 84570 23 88
27746 51336 80 -81
22830 69922 -71 24
5946 33256 -71 -82
49251 88730 99 -27
5970 56660 -3 -45
68980 67911 -17 -5
7556 1870 -92 -48
8066 3470 4 4
73036 1139 17 -47
70280 97121 -89 27
15001 15051 -70 -88
70750 38866 -5 50
52462 9446 5 17
13377 76928 -29 -7
92985 72534 -90 47
15866 94989 -1 -26
23333 29082 56 26
78776 30207 81 80
6016 73610 44 -24
22118 39896 44 -25
97719 47681 45 81
59416 59006 -34 -92
72806 47245 65 -6
63678 62413 92 74
9281 39109 -42 20
71435 9250 -59 64
46691 74604 -42 44
80765 2843 -25 35
80550 3030 59 -37
42417 42011 80 58
60858 18563 -37 -37
25445 14634 77 -41
98428 96950 12 -67
89417 78619 -21 -93
71067 40775 -72 -78
11999 49669 -86 -64
82413 35062 -27 -24
74726 20694 64 97
62020 14386 9 -66
14176 33910 4 21
68582 35271 79 85
30197 30722 80 97
76601 64602 96 42
55261 84567 77 -13
4062 75174 -67 -94
41531 65041 87 86
70124 58496 41 23
79395 96200 -2 6
67599 18328 -92 -100
39612 87357 -30 -92
22932 56726 -33 72
42324 98175 -71 67
51887 58478 19 56
17041 56179 39 2
59701 90210 -76 50
48559 39176 92 -11
42971 56543 -40 15
9046 79465 62 1
28896 19241 49 -43
8023 76777 -7 -99
62294 46720 81 79
51413 6379 -58 48
48853 3599 28 44
