300 1000 10 30 100000
32768 83057 97 -95
34422 77622 4 24
60772 85407 -4 -34
36979 79179 -67 6
65862 69033 83 -49
40597 3937 91 0
93319 58714 -29 94
34663 80201 -3 -92
69758 62355 -62 80
77560 62965 -36 9
14240 13893 56 85
1713 48890 17 89
78568 89403 15 85
32511 67990 93 -79
77777 61208 73 12
90693 6608 -4 -50
47436 96068 -33 62
66658 83911 44 48
48759 73429 -99 14
52592 33347 76 -48
97120 88857 -31 -91
19944 46840 16 -40
79415 79837 33 -98
89777 75012 -94 20
59515 26405 -62 34
71182 10111 -18 51
34289 18056 40 -45
3467 49352 59 32
43849 17919 75 40
68283 20943 83 -75
11277 47847 4 -82
69753 71816 -19 -80
95331 87946 -52 79
84848 24284 -91 32
26956 70782 -72 -24
78039 56886 -13 47
47729 87245 89 9
35392 1606 12 -56
57298 60050 7 -36
37172 57509 -63 42
67847 62876 -80 53
74392 76556 -76 -79
27300 26581 50 51
67736 64614 59 1
93938 22230 33 -99
47880 1022 34 -27
31392 14267 -63 83
24298 23658 22 -14
41463 95516 -86 -100
35796 10142 -1 -34
12536 54846 11 -66
5242 22725 30 4
76101 88967 -17 -79
59307 69821 -70 98
57323 92845 86 -74
53683 31869 -28 68
42979 17662 -73 15
22728 49335 34 70
95248 55576 -51 76
85653 41321 96 -10
1082 40535 10 22
72488 83873 16 -3
98529 33105 99 16
27239 83298 -8 -25
41625 81955 -18 -76
49418 9505 -71 88
18006 82219 -100 -70
1143 63598 23 -73
67899 98889 15 87
20138 52840 -22 17
38176 73392 7 73
17263 11476 99 -75
90370 56880 58 -60
71161 43185 20 27
64523 64869 55 -61
44801 35596 -52 -4
42315 48752 -19 -89
9996 33574 -36 30
54782 30937 37 -86
12887 99006 -85 96
50893 84236 -31 -55
13416 27079 -73 -6
72921 43759 -17 -49
40080 84742 -61 33
47681 74362 49 11
36814 89256 -92 66
99074 43987 -60 2
73097 22216 -94 -46
23361 12208 35 -3
74506 82068 35 -8
35244 38593 -68 -29
39738 98423 -11 -32
42384 33143 -79 -50
92732 83735 -48 -38
91796 14849 60 99
95856 51539 -76 98
28582 4667 -33 15
54714 78428 15 -16
13516 44728 -34 -33
87985 88702 -60 83
69594 86799 75 55
73142 46844 87 80
52733 76194 16 -39
21485 94044 27 66
21149 532 -84 -13
75244 57265 -98 80
55234 68833 45 -43
14025 31453 -55 -23
13659 96766 86 -87
29392 95536 46 97
14113 19851 -98 69
8271 37190 63 90
92095 11387 98 30
76281 15464 43 20
54988 65347 -23 -47
20253 45416 17 70
15890 62979 -12 -59
64523 98821 57 6
84670 74097 100 -52
18313 75984 11 -80
55630 17801 69 -33
40847 67445 37 -57
80143 34769 -54 82
4142 82789 -30 -90
98782 81607 -12 82
64209 81007 -10 99
8652 2070 -89 14
14023 76409 81 8
41270 39365 99 -69
57641 53352 -92 -65
61984 57649 77 48
80765 60004 -50 -90
68883 58584 -74 -62
33658 78269 14 -3
34647 3249 -91 -44
76662 20928 25 -19
44869 757 51 -18
62545 81734 40 -24
78281 6840 40 -23
37659 73676 -46 51
18820 35532 18 -64
49716 13509 9 -94
46466 47190 -51 -27
60384 56261 -58 -65
96754 29886 -52 -9
13415 82159 75 95
75600 61467 39 -77
8137 65951 31 18
41472 74806 72 -12
63141 66491 -58 41
89418 5550 -19 -43
84100 40856 -24 37
10577 56297 51 12
66106 77778 8 -79
30050 76759 89 33
59577 93566 72 58
68267 69298 -77 -42
92554 37875 -9 -91
73584 97094 99 -92
90461 12874 96 -66
12472 94150 -91 -76
51412 74377 10 -25
23241 83767 -93 -69
2157 79464 -42 -75
36492 67561 -5 -21
83619 10669 0 15
16905 23098 -45 -99
13655 74107 -38 88
78026 54047 -93 40
29224 77625 -2 -10
154 44276 87 -88
88375 93002 62 30
233 99777 -48 -90
39502 66004 -54 -93
72609 95997 92 -3
65151 39911 79 62
4516 72485 13 -75
13038 42831 -35 84
12448 53687 7 -68
62252 62900 91 -60
43611 22399 -31 10
50140 27137 -49 -38
71583 83204 75 52
73660 50480 12 -81
8965 55588 -74 93
68761 65233 -48 -27
65645 31609 -51 18
72464 93963 100 -30
62853 54934 -93 -83
73752 12066 -16 94
52483 52346 45 73
47662 98396 88 27
74088 18400 33 76
53223 6959 -80 61
77358 88376 -42 -30
16489 18761 19 -44
82463 56669 63 82
57553 93058 -22 18
96113 71712 43 -40
43361 98190 -2 -48
4827 40083 48 -6
18660 84265 9 -96
94742 63318 12 -18
21854 4030 47 -76
15789 891 -28 50
94090 19279 -17 -69
41373 29140 46 7
73126 43010 64 -57
64745 2717 63 -84
32580 25686 -60 -20
66446 91041 -66 78
64214 69070 3 -14
55349 75223 -3 1
63335 27935 39 -74
91354 56 -41 -71
20687 5331 -51 -10
5993 53396 5 84
93515 94709 -43 97
5166 7061 15 63
67965 18821 44 -94
12929 81830 -33 -53
70711 50324 98 -39
75972 42282 47 -24
59232 69950 76 -6
63546 21562 40 96
3047 97732 28 -29
58212 89947 78 12
88461 3230 48 50
7978 78478 32 94
65556 4997 -60 15
84654 22673 28 72
27556 31118 -47 90
71890 57696 -42 -75
41663 72215 -44 87
94087 12009 -18 -62
61096 85339 -36 -95
62365 63488 -57 -64
14840 94194 -84 69
87101 16242 52 -40
29500 35371 -43 -47
13568 9921 -24 29
12269 51902 13 47
10007 95479 -42 42
82397 51422 23 -41
17868 56365 99 -43
4338 94470 30 -60
556 36112 -13 -48
76290 89209 -71 -99
45679 63385 9 58
66604 56729 -46 43
42967 30015 53 -28
22335 2090 -33 77
7572 28060 -57 70
34893 54413 52 82
8831 32663 2 -27
72059 45914 -70 -11
47773 35733 7 -90
81865 58366 -75 -75
46309 58691 -3 6
59541 64601 -17 31
40629 98322 -33 -61
43224 13815 88 100
47052 32889 -24 -32
14023 56707 100 -6
65578 22155 -7 -62
63725 11291 51 -10
61287 94229 14 26
74206 93072 21 70
52553 44263 -45 2
4024 35137 39 16
95088 47263 -61 35
52431 80527 74 74
12137 948 -44 97
31768 37853 87 75
28959 6149 11 31
444 66138 -97 21
89330 33213 21 -5
37776 15570 -18 -37
87210 6894 -34 79
48746 77949 -27 -29
85902 43233 -95 -37
14599 11888 100 -97
9715 11121 73 6
11806 75239 33 92
16753 93469 14 -7
93294 15247 -94 12
75651 8668 -80 -68
30105 94630 -42 75
35610 75437 -45 36
17495 72939 -96 -26
28791 59010 -90 -19
25319 13188 99 6
77789 67158 -12 0
45592 29946 -9 -86
44952 22457 -14 -77
57537 57650 38 27
25788 69013 11 -79
34104 70893 -67 88
70184 75806 59 12
11279 53821 40 -50
