300 1000 10 30 100000
39091 33957 -71 -40
57694 71439 7 64
21709 30294 -89 -38
68974 42537 -72 21
19280 84912 93 -86
22387 29227 62 -25
70106 51011 -76 -3
36110 18577 -39 -75
26922 60544 -64 25
18596 56263 1 61
69724 2043 75 -86
21945 40412 31 -90
57611 31506 -51 -46
56074 28670 96 -51
23973 74058 71 90
64158 95751 80 -4
91526 68506 -97 77
1028 4939 85 -93
3058 12074 -73 -46
92258 35250 -51 36
77801 59894 72 -95
1322 38422 39 -48
66775 4385 -46 58
32639 3438 -58 -20
70606 12754 -98 99
33304 97110 -40 61
17219 95303 83 -26
65597 462 -16 -48
17015 59834 -49 -24
43513 33044 27 -33
66308 58863 -31 60
33788 95760 15 -54
30672 19628 9 -84
17937 5673 19 -81
49418 50277 43 -84
80496 61241 -39 -85
38892 26406 -68 49
56119 88643 -73 -31
55240 33631 57 75
15266 39524 12 44
32933 31914 65 53
48400 35885 48 -37
72725 40900 33 22
89302 15172 21 85
94885 99403 42 -91
50208 29297 -62 -31
54423 11480 100 36
22640 81101 -34 6
11252 27750 -36 -24
32694 27020 -64 -51
49946 31154 -72 69
70280 66099 -60 -36
77852 3412 -44 -8
76611 36275 -33 -55
82407 32610 -44 -24
5238 13429 2 62
99137 91786 -86 -91
20999 55572 5 -60
69352 57150 -69 83
58537 78877 -88 81
63173 9422 93 42
70488 4749 -32 -35
36816 38053 73 -7
87762 1381 -50 -85
38776 46300 -93 -41
30720 13359 90 -6
46850 23074 62 -82
55339 50288 -15 14
98279 58380 42 -11
52671 37431 51 -38
73855 59219 56 74
50310 64358 -8 -22
20155 25367 -28 11
30303 50626 -50 -69
86508 54245 -1 -76
82375 56999 -23 7
23751 2967 95 -10
86976 83573 66 -72
32965 76924 -1 -4
77306 15798 29 -2
21723 17669 75 16
20698 56906 4 18
53774 80814 -77 62
5937 70521 -77 -36
15096 66523 2 52
60337 97717 80 -78
4097 77483 25 31
37284 70475 -51 88
72197 89422 -93 -2
51093 25869 55 96
89108 56975 -98 -24
15155 73149 -74 -33
36225 49771 -31 32
79009 56305 -58 -38
52793 8070 61 25
3608 27358 17 -85
14383 81351 65 22
2391 60079 13 6
36606 92791 -79 72
76061 78708 -66 64
11899 97323 36 1
38781 61295 73 -35
2475 79477 -36 -76
57485 17627 95 98
81043 89604 60 -87
73246 84730 -78 -91
9858 32990 -16 99
81171 14537 70 69
69780 96317 -62 -52
51556 28579 -21 39
85521 4552 -23 24
23749 64754 -83 88
64599 32266 -29 28
44524 36948 63 22
76859 67300 97 17
20967 1733 -61 94
32791 84226 -1 53
56142 61336 -75 41
44344 66723 6 -62
14755 62169 0 63
51240 85412 88 -63
38406 66527 -28 19
15791 32849 24 90
1278 55554 -28 -55
7153 50306 100 -4
86722 13688 -46 -85
90646 67694 -31 90
98009 41115 42 26
29495 96765 7 36
89747 93691 7 66
79250 81488 -61 -68
60984 64432 -43 -44
98864 57731 64 12
90240 83238 62 25
91383 96524 -94 -73
11735 9482 -58 -7
35148 33089 27 -79
74167 80788 -2 10
89650 97533 -19 50
12785 59128 56 -36
7301 14802 88 52
42370 90056 -22 73
82120 65135 11 65
57979 60919 22 79
69677 20528 49 -96
60266 12539 -23 27
67454 32826 -2 -62
37232 74697 72 -45
85371 55153 27 -72
60418 69840 61 -34
88767 95015 -74 99
21488 97814 -37 68
81333 84235 -38 -9
66995 39911 -9 -30
91313 39548 -44 13
73892 81818 -24 11
53737 41673 49 33
11082 75179 83 37
56883 19344 -30 13
83687 75118 55 -73
3222 79672 73 26
47563 15150 -75 -34
86320 43012 -35 55
64673 86902 -88 38
51429 5551 -16 -100
40796 13056 1 15
65327 68241 65 -4
81192 63785 -94 -64
68912 56090 87 99
90669 85148 -93 -72
54205 67335 -70 -38
13180 23494 71 -73
58777 16462 -38 -93
47496 76808 -58 37
53141 98355 36 -50
95955 80306 -36 -27
17677 94400 -95 55
26174 46391 66 23
9266 21346 -82 83
19643 81652 -7 -14
56670 89154 -40 -53
79513 52179 -83 13
64617 62731 60 -88
59813 84835 -53 91
37137 96106 74 81
56543 94756 46 1
91037 9976 -21 -14
14548 29535 -24 -75
6870 55810 0 73
94776 59566 50 32
21008 69113 -2 -90
257 68966 -43 -51
63133 70803 -39 89
51807 96367 -42 85
15873 73463 21 6
54351 63094 92 -2
31337 92632 -28 84
60433 65991 -23 -4
40665 82153 -40 -16
11712 27067 89 44
56199 73721 -22 42
9256 82508 -71 2
48211 55013 -46 1
8548 83045 -68 -45
29945 25656 96 -36
92323 73286 32 -63
60675 59514 -35 24
53818 19351 56 85
95745 71283 -1 -30
57973 16936 -1 -58
71926 41527 -37 56
22576 99466 42 -49
95566 46077 -35 9
40386 4800 26 -92
92041 84254 41 -16
55084 57137 51 -67
51216 34624 27 -12
2041 30253 -10 -79
36198 77983 -83 29
42397 55634 -30 88
87088 71695 34 84
19420 33098 34 -8
41979 89270 -85 -95
11351 3190 -59 23
27169 81630 95 60
40199 17860 39 87
44155 10921 67 29
72396 34912 27 -74
97739 78539 6 -22
32071 7201 91 -16
21428 39989 38 52
99206 18788 27 -13
801 34372 -19 74
13523 70080 -18 63
57157 45339 11 22
98605 89897 53 -86
98345 61485 -73 1
47528 78324 -24 -51
67133 97402 -87 -93
78179 19620 70 -93
38329 48806 47 13
57087 66669 85 -60
14635 62892 12 76
75753 96816 -85 49
84910 63564 51 6
62543 5393 35 -60
60988 13606 -18 -50
41135 91908 2 44
26294 74289 65 -54
8 33155 41 -61
28092 28937 -38 -71
10530 47942 44 91
61294 24985 96 93
16036 42011 44 62
87650 62205 -30 79
68454 11282 90 -80
94195 30837 23 -99
97669 56394 40 -53
81970 84238 -63 94
26613 66935 -25 84
42059 98945 -42 -19
50239 82687 8 62
60435 1746 -75 41
87282 23179 6 1
72648 88988 35 46
72222 61881 -3 60
53029 74314 -85 78
57923 41732 58 44
3001 93319 85 -87
82018 16729 -41 64
51070 86727 6 90
87390 22905 -13 -33
50203 43539 48 82
2549 64051 -91 -47
33791 72839 75 11
11463 90980 14 51
10512 12343 76 89
96064 26250 -16 -89
38988 75631 11 28
44643 60321 -15 4
68763 78467 -20 2
76208 95773 56 -1
75286 20471 -47 -79
19776 10760 43 -64
98334 70331 -76 -18
57399 52447 -88 77
26258 92934 -69 55
31450 83509 -41 -5
13186 39182 80 15
87655 55108 82 -88
46157 74060 1 -57
57975 92461 -15 39
16549 86856 50 43
1118 4540 54 -54
11063 31158 66 -88
57360 2016 36 -91
24817 11120 41 -40
58523 37051 36 43
89756 91120 -78 97
46158 64724 78 -63
