300 1000 10 30 100000
43633 57022 35 41
86533 90880 -97 70
30655 2840 -78 27
62343 35261 -12 -86
68717 81726 -46 48
28335 29752 -97 -84
36652 71062 29 -37
9742 7165 -39 17
77234 46447 -15 -96
51391 64462 -39 81
44932 14647 98 34
64259 39930 -16 0
73364 91098 -65 -55
91029 21787 -37 -75
47524 7426 -23 74
35085 87144 42 1
4581 20906 6 53
24924 2315 50 -71
51596 87113 73 -94
79140 80920 97 61
78716 67239 47 48
10934 22474 -91 -39
61267 4644 85 -74
62071 52431 -6 63
70067 64630 3 1
40409 66033 82 41
74821 76260 41 -80
6777 96668 41 82
16865 66668 -59 -26
25992 78316 -78 -78
10014 36789 -85 -13
2954 31049 -77 -87
39247 66456 82 -31
99925 7559 48 -60
97601 65302 87 -67
4530 45855 -16 -17
20471 48775 70 45
13562 44237 -22 -59
3034 10837 -85 -44
43662 76744 6 8
45963 91004 24 -16
95218 92467 29 43
49873 10113 61 -61
33791 11899 -71 16
76437 65279 -53 18
53056 6212 27 -56
8175 5153 -65 -92
11437 1661 81 -85
16941 17105 -9 84
77420 77703 94 28
22589 4962 95 58
58860 67230 24 -76
47097 193 -69 90
25904 90760 37 -58
77243 31334 -74 63
84267 98769 -75 -99
82686 87706 -70 80
42494 94915 -2 40
61950 47216 -42 -8
37456 95790 2 -21
27778 46989 86 -91
28823 34405 18 -76
3601 64201 92 -14
71941 91512 47 29
52636 83580 19 -29
98399 43309 43 64
35013 48033 -29 -27
57337 9845 27 98
59494 72316 83 45
77857 70226 86 -96
38049 55773 -10 -65
74928 6313 -96 49
17 33014 27 91
56320 43201 -84 17
55285 78648 -55 23
89285 57524 87 5
71006 48391 29 -23
78668 44962 -84 9
61469 60386 -1 90
32260 49851 -30 -55
26280 8626 -79 -23
97040 66287 -96 53
22862 35821 30 -89
55825 8721 42 93
61099 17959 62 -70
89809 51786 76 16
57836 39003 -48 -18
2992 92551 79 -59
16290 8120 73 -2
33998 95396 31 6
93781 94412 94 4
26525 41550 -47 -9
62150 33856 15 91
5969 11752 -21 1
2783 13055 12 75
65957 51738 26 41
11337 58398 -14 64
14222 80428 50 -57
44412 7151 -100 40
36816 92859 87 89
14377 76883 -28 88
30273 66307 62 -78
90534 95456 -59 42
14409 82148 90 44
93229 1513 -27 -10
59830 19054 -70 46
74998 69389 -67 38
6706 13220 22 65
29227 86313 -50 -30
15330 85471 2 13
91760 89343 -94 79
11722 14350 71 74
633 55150 47 -95
74306 33805 -27 71
93226 76982 -66 18
90406 35982 35 6
13834 72409 4 -64
96720 97925 63 8
5510 22616 -43 49
9905 28632 -93 -27
75408 31166 -73 -68
99352 67908 79 -81
22187 26207 42 -32
60191 26043 -31 -74
70302 1646 17 -7
82889 83819 -97 31
57464 34453 -29 91
97916 41635 79 12
16073 28173 58 39
64811 74139 91 11
53608 29912 -53 -62
56395 7240 -74 82
11031 62523 33 -21
87925 63183 -62 77
80790 84833 32 -47
76966 35864 3 -70
90327 89723 51 70
68767 33486 56 51
37172 13629 -31 -71
22349 33638 -26 -68
12046 17009 53 -13
82340 50606 30 20
44986 26353 -10 73
89866 50470 -97 38
73889 7503 42 91
86663 8474 24 29
44222 29230 14 78
93155 32633 52 16
27149 18778 53 41
46309 34863 -14 -89
28837 72997 -27 34
16716 47431 -64 -47
83044 90694 -51 -70
49872 75495 84 79
61525 53201 18 33
36513 84653 -73 33
49812 23816 -56 100
85247 75905 -7 -95
22076 86032 -52 -82
4403 47597 -63 74
78526 46372 83 41
93549 44096 -19 -28
23413 30199 -1 -99
11579 87992 -63 -66
88167 34706 -7 -80
44749 77285 -9 11
97137 52436 -57 49
55849 86170 71 90
40741 32609 38 -100
3858 12417 55 -95
19132 91693 55 79
95570 71671 -75 83
77353 85130 62 -92
3714 93963 38 -71
90321 35720 26 29
35272 2953 -79 -55
18657 54183 32 2
72086 11837 29 -10
86832 26075 83 -81
36471 44377 -61 -64
56140 24033 -31 -54
91777 94486 55 13
38055 29941 -39 71
89682 96173 1 -27
11751 81918 4 66
57223 19900 -32 67
13438 91206 25 50
92940 34893 -36 58
99031 18473 -85 84
13299 31847 -42 31
45669 81317 -41 60
24498 86632 12 19
60691 37683 -69 14
25878 28963 -88 -55
92902 1770 2 -67
27043 69363 -78 56
14359 42401 -93 98
10588 15032 63 -38
22771 12249 -6 96
77765 22148 -9 14
35362 32168 18 -86
50410 80053 -55 -17
16154 3446 -98 -52
12773 73306 75 44
97154 67517 3 51
9183 25574 5 -22
4591 57465 59 10
20026 20094 36 -8
33805 70862 -22 -84
68693 27979 -19 56
46208 1658 -29 97
38691 20650 -88 -58
26279 70976 76 -14
7812 7709 73 -23
67510 58457 98 22
19359 98483 -64 16
77529 2606 6 40
81005 20123 45 31
56969 61968 69 7
57812 68782 -35 -55
28235 50115 19 -89
10562 56558 -72 -2
723 79987 -12 -76
62087 28985 93 98
68085 17540 -72 36
76945 71494 -85 -41
66953 56175 70 -14
67008 32 6 -34
29131 91212 32 48
69314 78071 43 -91
6853 7405 81 -32
92132 28152 86 97
10587 4931 55 -66
57065 87636 80 -21
53598 32100 -96 -67
27599 10984 59 98
97546 26642 13 86
41194 69610 -38 -15
5335 82730 -95 -83
77307 12381 -69 72
47993 33134 -66 3
38833 17697 5 35
62384 80846 7 -18
82998 66794 -73 68
79915 66729 62 1
79550 2976 -46 62
35107 93695 44 -63
33794 80555 -34 -34
65429 40467 7 93
73871 71141 -28 53
9817 77050 77 -69
36467 30886 -47 58
55592 87762 84 60
15002 87968 -99 -30
34612 3108 60 43
23197 98648 -88 -88
68858 38866 0 -14
59870 60685 92 41
26788 56618 -50 28
47912 25013 6 45
98795 66771 6 -9
13589 2624 -57 -5
31086 27979 -88 -11
37563 80529 -95 52
46561 83723 -10 -47
11998 84770 -52 97
77306 93337 62 -82
16852 88858 25 -20
77741 36718 37 99
81973 5147 -5 6
94341 45604 80 -71
43521 21115 -29 47
21439 38581 -51 37
20268 55653 36 14
9038 23663 23 33
82434 95648 68 97
28856 4187 -22 -87
80805 19772 5 -4
25017 68618 -84 -90
1943 37416 72 0
28530 86649 28 -23
5261 91713 -52 32
18793 3294 -66 63
6566 59625 -47 -13
88353 24997 98 -27
48036 40401 -33 -86
40069 98865 26 -38
90917 73662 72 6
64672 11629 -91 95
37943 5873 -37 -5
41175 40504 85 -70
65161 79851 27 47
91559 39458 -93 -39
64274 19452 -63 -70
22240 31192 68 70
11391 83422 3 22
527 75327 -44 7
31425 73628 21 47
37357 18373 88 -47
25922 6130 18 -12
