300 1000 10 30 100000
40269 58964 71 57
60088 64307 19 -29
83640 84126 4 84
61545 77517 42 66
93463 12196 92 13
92696 93661 -18 -27
29170 75218 54 -85
42811 70798 -22 -92
61883 16856 14 -73
10909 53587 15 81
60503 55056 88 -20
36358 40783 52 46
54725 54709 22 18
12413 32570 -69 89
33544 69559 72 44
75657 54693 93 72
72945 21602 85 4
97489 88555 53 -49
18108 16351 69 54
50844 98411 -17 88
98513 74659 -24 -5
89143 20058 34 82
62288 55258 -30 -28
99082 36949 -49 -60
29098 57792 -84 -94
68618 59912 -13 -44
59592 29381 64 -36
1416 42763 -32 19
47506 27848 77 31
17496 85884 14 -60
9365 83061 67 52
84454 96003 -47 -65
91019 62722 44 -9
31083 1772 69 4
6632 80319 -93 32
17623 8911 -40 59
97961 61243 -33 -10
94358 14397 -97 94
27010 80044 76 79
90894 6037 60 -60
29537 27959 58 -65
19137 65449 42 56
94219 73258 61 -10
50649 2919 93 27
38172 46039 -60 -65
41149 16895 -7 -14
2286 66294 -29 -29
56190 64085 -27 -3
27375 31299 -91 -88
41370 88159 85 -14
25376 19667 -96 86
50724 3424 -89 30
24117 85578 -70 -89
20197 46888 56 76
23444 93900 -10 56
89742 11080 75 -53
50913 97535 -11 -28
8774 57433 -75 -20
9955 61493 2 21
69191 45983 -100 -73
16320 58044 -24 -18
8657 60808 -24 78
28259 50724 -59 71
58596 52840 72 34
58571 90363 21 4
22250 76670 -86 -84
52560 62865 49 -23
75160 305 -12 4
18042 71497 -2 5
39541 34067 55 -16
94668 61663 -100 23
683 24480 -64 52
7184 60000 -55 61
49416 15653 16 92
93390 82804 -45 52
42429 91264 44 55
4817 60352 22 -80
17710 17857 78 84
86684 1600 -4 -27
58790 98943 -74 6
47591 16096 -85 -99
14182 93184 -26 -93
77505 19370 38 -95
38512 31724 -98 49
45613 94862 90 69
20634 23121 45 65
13691 56078 87 -81
98483 99219 56 98
87404 20597 61 -2
34557 83832 27 -71
24933 27522 -97 54
62658 94509 29 -19
87910 59627 35 98
90945 6812 11 -99
43240 93255 -67 -11
73094 90963 -65 11
49157 94429 42 -77
91086 9737 -72 13
81534 84362 22 5
75775 77089 41 11
13461 82414 -68 -87
81399 98849 -24 -49
96279 90012 100 57
7982 16489 76 -78
690 6896 12 -52
29385 90998 -5 -90
77821 76505 -87 -35
68097 35481 -18 -83
82900 46267 -60 60
43817 89844 32 -64
94130 79300 42 -5
62824 81329 85 94
38129 53329 -38 -77
75818 66238 19 50
78509 84103 3 -98
35458 93500 -71 -11
76600 81974 97 -35
61831 30779 -47 88
61661 74192 48 56
26730 46995 -17 -41
11571 89616 7 -66
38851 10046 28 53
63496 8161 -26 72
64419 15183 59 10
9052 4842 78 -25
55451 71898 -32 71
63233 87233 -93 -48
77672 21709 65 28
45752 1313 -96 61
33615 26192 -4 66
28603 13221 100 49
63202 59931 77 -42
96802 55632 99 -99
64122 24236 -41 70
86255 64806 -8 55
59712 77686 27 -96
28816 28960 8 -17
17276 30695 75 -60
84549 9164 -91 -78
5423 11955 -97 -6
41066 4655 14 60
2754 14949 52 30
82723 67539 31 -60
57027 90138 -83 85
39699 77150 21 96
61204 88846 69 2
71275 49993 -4 3
91518 19792 -46 19
45834 66531 76 -26
99565 44810 -6 -81
38997 21679 55 -81
20948 98748 95 1
67762 61579 84 -44
58631 87096 -51 -39
44753 80602 56 -71
13246 82729 -4 -90
59993 23878 -10 -44
8105 76219 1 -5
90821 89863 42 -35
52177 76585 -8 25
70076 75120 99 -60
2089 80991 -84 76
12083 80954 -30 -26
77714 909 -9 64
68431 8832 -20 -56
3327 69197 -94 -32
53836 50340 26 -66
96159 81575 47 37
9062 2426 -20 -87
10005 14607 -32 72
47106 72858 7 11
97960 841 -87 63
38390 74613 88 99
17326 79924 64 17
74053 24135 -63 51
24596 95851 13 72
22517 21772 85 10
23778 73473 80 24
69037 2987 -37 4
7163 64500 57 63
56121 34839 -8 -73
12204 44301 -27 -7
53659 63487 82 -32
51936 74892 -93 -49
61124 42538 -70 -36
81430 59455 -27 40
61184 54540 37 74
20117 44897 -35 -34
65985 70045 -6 2
96884 84471 -99 -85
10119 99200 10 35
8979 89458 8 -40
14175 58713 90 61
48091 39541 90 52
73486 8888 68 11
63188 72150 50 -34
60824 53217 -29 -74
91295 8372 -90 49
85758 99776 -82 19
88496 42476 83 86
52721 45630 -21 54
38889 76930 38 -74
44172 67086 -20 -3
11201 89860 -34 -90
81886 58272 5 -98
68486 80868 31 44
46235 70061 29 76
27223 89374 85 16
40155 70643 27 -95
54030 96695 -44 53
86406 41233 -33 47
99133 26321 71 -86
17253 88829 6 16
29840 42163 -96 1
21645 87999 92 -15
42788 74129 83 15
96858 74650 -54 24
49985 12874 -25 -17
91475 19734 63 77
74620 13839 -12 -39
96765 15198 -90 -9
70584 19784 85 22
96875 33143 76 52
73361 86804 26 -23
89171 81380 -31 -76
51740 66352 -35 82
361 97157 -16 -78
51354 62296 69 46
5047 86230 86 91
8624 38964 -12 -83
51055 9135 8 -13
42843 9197 60 28
80454 1604 99 58
73510 7897 83 -22
35756 60156 23 -43
16859 80419 45 -78
32032 44072 66 17
84276 38316 -52 39
49641 13490 -76 41
84265 73340 -11 0
65823 39326 -78 48
7340 9958 56 -46
81745 80067 86 -21
49290 26637 23 -14
8759 49598 -40 -37
22245 32776 -22 -96
77561 52646 16 -92
57478 41513 -9 -93
9307 79683 -84 -22
58313 94674 68 -88
32999 59863 -62 59
53880 7687 -94 47
80238 34144 36 36
45129 66989 26 70
79167 88269 -57 -51
95338 3734 41 69
44151 486 -64 -33
8027 9198 71 -85
17350 78524 -89 29
41051 93657 -26 -73
71625 48241 81 -69
46526 47704 -15 2
22977 64494 49 -41
3069 50307 -91 10
50290 86805 54 87
37003 26271 59 40
17252 29942 85 -96
81871 93133 54 56
13052 99486 -73 -1
45999 33485 8 -83
25649 40799 -7 -15
9449 29660 -54 -45
61916 35621 93 -50
95836 98987 1 63
38151 58185 97 -69
66084 68095 -24 -52
14411 52537 -85 -68
79955 27487 -34 67
93134 25331 27 -17
36901 59775 -13 -65
54450 52919 -86 -91
25908 58146 6 -2
34231 35200 98 -24
35092 99313 -24 59
5401 18316 20 79
34128 81038 -20 31
62461 27132 -46 74
75389 8785 96 -57
67457 17503 -68 24
35963 9962 100 -83
15876 42735 21 -85
8237 7785 -77 57
65178 2837 -19 -64
58657 20436 30 98
56889 30885 -18 -61
10902 2850 86 91
35965 66566 -51 -53
20463 5703 -7 44
1685 28323 -42 39
98607 13120 30 -45
