300 1000 10 30 100000
12869 17515 51 -69
53045 17934 94 -13
65469 10705 21 -57
67069 26090 65 -83
50148 9550 -66 89
66351 50075 35 -12
42295 87494 -24 42
69866 26893 -40 -16
82146 36452 -13 -61
54840 87328 36 84
36177 61536 -63 -33
48132 16121 -67 53
59421 53756 48 26
99174 24192 1 -22
67249 65906 68 82
61623 73416 97 -13
42628 31510 -65 -95
29819 56559 -51 -74
93059 45613 37 0
5546 71365 -60 57
44062 33163 4 74
80137 94461 6 48
85033 93344 73 55
24457 78768 58 95
90465 43199 60 -87
11755 9354 28 6
19190 62214 -53 17
55389 60106 91 4
83185 2358 -84 18
86325 54393 5 -63
98037 50724 -15 33
46155 93311 -74 -14
26629 55937 8 6
23040 87219 -48 5
23015 28066 26 57
961 72530 95 23
42314 59107 99 -19
31288 39014 -90 20
43441 52162 -14 100
96461 27770 36 15
77061 39302 -71 49
37965 18420 49 22
85701 21486 -53 -15
2831 52330 -76 -42
81793 39959 -26 -9
43662 88793 83 -58
1806 30636 -92 -65
70820 30887 23 -2
30188 17405 66 -38
17136 61132 -83 -35
61270 54209 89 -45
65395 54361 37 -91
61174 19388 -41 66
55752 6373 -58 -78
1797 16890 91 46
32540 86361 -95 35
53703 9992 18 12
71553 48647 52 83
51783 41482 95 -76
31494 69244 -7 -23
94630 2158 -4 -41
96130 11084 91 -41
38027 51999 -85 23
73442 24029 49 2
28227 65839 90 47
62107 64613 86 18
73872 36975 -20 81
8752 48092 -21 82
21071 35515 30 61
14145 74582 -34 93
70588 18374 80 67
12455 64416 8 -37
71410 30186 -81 -62
37711 99084 -21 -69
81780 93889 -23 36
49503 30503 -91 -97
1022 25908 -39 -15
74124 79931 54 -40
64211 59933 33 -10
56990 95319 -35 35
48379 42743 56 -1
31541 87807 -63 -58
68714 70656 39 9
27409 32131 -5 -68
77334 60741 -80 58
4233 81532 22 -93
17409 27944 61 -47
73362 48888 -60 -35
76003 63487 -29 -6
43135 35923 -77 -85
21988 91662 -45 -81
31075 86172 -96 93
30566 70978 -86 5
19159 68731 -80 -87
88749 47654 -2 -81
83752 49162 -54 45
46753 76256 38 -88
31158 54822 -79 -10
79996 52181 -83 6
73110 66986 71 -26
9790 86714 -90 24
60448 23376 29 -81
25469 2777 -100 26
58650 67807 -38 -14
61697 12272 -96 -30
66854 80045 -6 -36
70083 73970 92 -73
31217 30358 56 31
26551 45411 41 -41
91212 70293 -45 17
60757 13474 -48 -34
42597 9155 92 -53
72088 92325 94 53
14227 13043 -58 -79
84771 61136 6 60
31103 8645 -60 81
47181 66339 -86 -82
7227 75838 34 30
50412 26877 56 -77
43688 84419 99 -25
66060 99746 21 8
23397 93603 19 65
34881 40853 -30 88
87467 64764 -1 -45
56948 31479 20 -62
8915 52612 -35 63
29077 90871 43 12
9506 80479 -100 -90
73787 47132 -43 83
5655 41556 -86 27
64476 39051 -89 7
44493 73212 -10 76
3744 17020 -72 66
67988 58830 86 96
13086 34092 -94 17
88861 97183 -71 -21
87037 35363 89 42
60927 35068 -1 -96
24976 56798 -59 23
92454 71174 -69 -33
89069 9724 -73 -41
20659 96805 83 7
15287 10629 -16 -19
68742 15781 49 13
24533 65276 44 -98
11559 15473 -69 90
59454 41801 -11 -40
94224 57257 -15 56
74042 44850 -30 81
36901 38920 -15 -62
52578 13761 31 -5
57729 30070 -67 95
73639 10314 12 43
30218 33233 88 78
56000 21987 16 -2
67253 42527 36 70
76343 35197 -4 8
95287 18543 6 40
72288 45659 68 -17
25136 86114 -42 58
26278 93756 -44 -38
44145 25527 31 -78
1494 63688 -57 -58
69872 81078 84 -47
17315 87430 68 -33
16099 2772 -56 71
30954 41359 52 73
91733 32127 -14 -20
54301 30264 70 -44
91240 94344 56 81
35967 73020 -75 -75
452 58250 1 46
19758 11330 60 -13
19927 14288 -46 9
30175 28319 70 86
92184 13761 -49 -77
83241 9071 33 -60
1022 63057 -89 -79
61396 40495 3 72
7097 27226 12 -31
23110 1613 94 88
20854 3271 -41 -1
60973 26296 -43 -17
76231 26025 -78 -11
84194 53060 -50 21
92262 33954 -75 -20
68267 44451 64 -27
58161 23155 52 87
75480 36497 -47 -43
86463 85526 58 -32
84340 37139 -43 -48
53876 34875 85 21
5926 21915 -39 97
25146 29654 -20 91
37092 45180 -61 88
99890 30806 39 84
82218 33483 20 32
61461 51205 -49 37
44239 49392 -24 49
68307 86397 86 39
7571 21905 -85 23
23377 33630 -71 -98
77326 99988 58 -56
14537 79665 -31 -71
38187 72578 31 -1
88023 19565 19 99
4551 49923 -31 -46
21071 84266 -14 70
53342 90180 46 35
32394 34728 -32 -82
17608 36830 90 96
32860 50563 36 -23
47723 24556 -79 -90
57398 85286 34 -70
67678 55726 25 -38
86465 30188 70 10
99881 58050 22 -28
21227 6343 -5 -64
46134 39168 69 64
88732 72387 -29 77
16931 34179 36 -34
38813 36220 -2 -91
47482 93467 -71 -48
61776 11619 36 87
3742 71717 2 -61
79608 82034 91 -59
72109 45492 -15 -70
62536 21544 -5 -23
79238 79662 -98 34
86080 54099 47 90
46392 96575 -54 -50
84747 30860 -69 -99
76606 23738 75 20
15247 40963 -9 -57
73803 86994 -32 -8
2222 56843 -96 21
36893 28979 24 80
90122 82338 33 -49
99497 13923 -27 -23
27025 97426 -98 42
74724 38428 -39 37
58549 83408 77 -66
63960 14505 92 32
40078 13259 -50 -44
55215 39681 -86 48
28339 59231 87 -18
95345 41887 -94 -14
15998 78992 47 -80
64664 93783 -70 -55
11723 8712 41 34
69210 79499 -18 75
21714 41523 -49 -32
77459 19650 -87 -35
75212 26312 -63 -73
24958 53551 83 -33
12570 24131 -67 -56
53156 33576 -10 -74
66192 49070 -57 -79
35590 65537 29 -49
75291 66214 24 84
30136 84680 -43 28
59991 68327 6 -35
42256 50096 -65 29
80647 7604 22 -76
14523 83552 -26 -18
99628 22398 88 -66
30470 42250 59 90
52893 36468 -88 98
64263 11993 -59 83
91091 48486 84 -77
54165 80433 -79 -76
41900 24216 -56 -52
23924 81437 -54 -86
38970 50513 55 43
47775 95250 -36 -74
20296 74712 -14 48
6322 37578 80 72
44543 26074 -57 18
26178 41786 -53 65
11091 85305 -63 20
17829 91975 54 -34
83355 20108 78 -41
86726 67401 44 19
52843 9967 -25 100
32520 49151 53 -66
31465 86572 -77 -2
47849 43829 41 36
64693 27671 10 24
4070 16804 -42 64
7765 25681 -8 50
41720 31381 -99 -71
80513 66239 89 68
22642 79527 83 -29
26226 46993 49 -90
68342 89897 16 -89
32520 78209 -18 -38
19854 16038 -2 -19
8454 43633 -41 -50
97820 69098 17 -74
91953 21162 26 3
