20
0 104 744 47 34 175 301 56 731 440 978 574 790 78 483 10 284 7 598 882
245 708 22 930 343 478 895 4 372 234 943 293 597 637 578 165 26 1 38 10
58 47 75 564 997 816 277 43 436 67 623 875 915 355 557 118 11 151 99 705
712 735 100 40 160 55 39 353 221 98 517 15 196 342 476 559 574 50 81 914
68 221 451 3 358 762 282 644 374 38 859 284 109 884 494 67 8 153 99 101
99 5 20 875 827 768 810 189 177 465 14 115 191 14 101 678 51 3 339 118
36 296 6 241 623 720 357 898 703 638 406 527 208 67 829 384 239 446 535 739
30 9 97 208 325 10 41 9 293 584 123 12 464 928 367 885 894 167 259 182
277 10 41 165 85 449 78 274 125 395 96 524 16 463 169 28 537 417 152 848
970 717 215 776 82 7 296 81 591 200 529 287 464 81 849 344 1 352 728 39
246 327 28 10 480 315 6 389 462 116 262 391 413 419 699 50 117 12 646 524
154 7 308 23 443 700 326 64 479 293 986 817 434 237 175 256 113 194 52 351
670 349 809 22 754 138 91 583 248 12 774 492 165 52 169 133 44 861 305 695
9 245 188 865 340 274 22 518 524 79 464 829 298 874 393 1 327 121 258 177
286 34 511 435 477 78 54 565 314 364 239 589 205 376 222 10 66 63 16 183
70 743 921 556 877 45 697 907 528 83 273 57 271 488 73 311 247 618 566 406
855 963 48 88 144 381 655 875 316 234 16 396 514 122 107 670 268 758 72 426
439 313 53 655 9 60 21 510 151 663 95 96 699 639 33 429 973 507 44 94
630 850 413 158 187 798 225 41 22 94 787 377 217 365 391 328 112 72 935 846
11 224 553 141 910 957 28 45 355 74 3 482 910 9 5 48 6 612 924 237
0 1641 7544 1042 451 3679 6316 665 16226 11869 18908 6405 20381 1235 10701 256 3850 158 17056 17423
6598 9933 461 22540 4275 11650 22503 112 9080 6864 9767 5746 13265 16860 8947 4726 401 15 1018 123
1585 486 765 9889 25088 17817 7103 771 11629 1128 6592 14938 17928 7541 6936 3472 127 4068 1465 9148
19247 14559 1797 840 2104 881 433 5073 6478 2757 8379 162 3643 7661 11187 13240 9530 1459 2329 15273
1788 5067 8806 41 10727 21262 5461 16377 6074 497 19074 4205 1168 26238 13247 789 125 3358 1589 1304
1783 89 309 22617 20298 9343 12397 2787 3457 4739 385 1355 2425 350 1030 7102 761 35 4735 1391
990 5469 166 3627 9535 12174 7394 18432 20246 6904 11130 11776 5588 754 9824 7166 5064 8941 8478 10502
616 180 1291 3423 9662 157 893 164 5462 11348 1916 180 8454 11600 9654 22295 9670 2798 7637 4886
3408 296 898 4168 1620 5582 1675 5237 3212 5290 1554 5692 464 6687 3942 382 15101 10711 3567 22763
21200 8307 3828 10019 1803 208 4791 1294 14915 2219 6703 3521 10338 2103 13148 6531 15 3910 9466 1049
4187 7700 286 246 6702 7051 102 7575 4896 3340 5892 6594 5266 7752 20967 947 2453 354 8044 10974
4346 149 4850 444 8613 16989 6766 1834 12935 4888 13728 24170 12506 3129 1970 3849 1666 4042 1523 7468
12116 9754 17548 537 10687 3097 930 13666 4839 276 7909 14456 4355 1373 1990 2150 517 23035 6917 12577
189 6658 2615 12370 8567 5740 420 8590 8728 1700 12167 11258 4705 22630 7354 20 4417 1965 5402 4931
7303 922 5795 4458 10567 2266 542 12970 5303 4932 4505 17270 2688 6455 6486 281 934 1104 371 5183
1213 8705 16938 8695 20299 616 6980 22386 5520 2145 7334 1198 7576 10549 1419 5433 6305 6271 15967 8776
15198 28880 1226 1040 3573 6563 19036 21361 3231 5916 363 8959 6435 1260 3116 16041 7219 19179 1669 7279
7890 7258 976 6575 119 1702 411 10920 4147 15166 1578 2384 13255 12677 674 9830 14139 14981 757 1276
18710 14075 6159 2342 3087 22305 2542 506 631 1217 18137 8554 5931 9961 4130 5387 2254 1554 11490 9090
171 3690 14847 3260 10930 12629 308 489 4194 1619 59 9062 9127 183 128 1154 154 7021 26944 4220
