20
0 754 121 168 461 50 102 497 580 416 5 13 604 688 893 144 485 3 350 101
41 671 252 268 301 686 79 768 752 10 95 597 8 948 88 146 839 13 128 775
643 145 389 538 298 51 121 38 784 636 134 276 945 39 631 797 166 989 90 12
196 65 800 51 728 946 274 634 29 763 5 67 505 347 218 118 332 190 58 737
85 118 46 336 88 115 681 80 151 447 19 64 211 728 484 171 692 93 10 514
832 36 182 290 972 653 715 55 94 41 230 129 654 74 418 688 13 363 936 142
72 312 463 332 280 318 772 78 941 286 411 25 198 54 17 174 979 46 983 333
19 355 236 862 373 77 70 443 396 817 42 7 385 160 83 90 248 10 16 28
676 721 120 168 281 42 297 230 305 670 4 13 16 637 194 440 76 221 450 144
93 90 840 527 277 913 28 356 603 94 48 149 95 10 16 835 111 343 96 907
699 45 590 42 23 103 38 927 501 621 753 467 158 627 386 184 8 547 131 1
46 6 393 559 305 819 864 866 147 59 12 912 685 100 887 182 198 18 188 104
420 761 766 5 41 433 751 41 132 464 89 252 520 679 403 2 610 636 28 308
520 555 419 145 146 683 424 61 38 426 10 690 115 707 95 7 56 113 182 116
190 41 729 830 315 450 795 921 310 625 208 559 55 698 389 191 252 295 254 848
4 446 435 312 926 331 4 501 45 756 18 206 326 3 178 2 965 950 114 647
123 251 814 282 626 138 569 100 102 854 54 666 414 57 583 213 632 90 763 639
728 6 189 217 67 270 458 70 10 744 8 659 462 280 519 102 773 541 533 344
953 742 911 697 14 22 76 1 17 667 65 283 887 255 254 70 518 16 506 8
26 489 117 893 900 637 545 99 101 4 883 398 442 681 948 167 294 15 362 156
0 15255 1892 4757 5479 1039 2572 8552 16903 12409 61 168 9195 11330 20716 3116 13591 90 4987 3015
632 7671 3820 4071 4235 16683 955 22064 20428 250 1770 8171 169 22514 2173 1474 8450 189 3068 14823
14552 1761 7444 14897 7642 654 3206 818 19616 11024 3691 6433 15784 895 11981 22022 3802 21032 1101 167
5677 900 11702 1286 12543 18938 3397 13573 595 9347 141 1160 13320 5646 4612 1559 5828 5162 1484 16129
1838 1412 776 8830 1754 2289 15797 1555 3977 7099 342 1107 3784 7952 12860 2151 8642 2530 159 6529
17689 512 1896 5236 18325 13966 20424 1339 2241 1110 3395 3633 18215 2097 4202 20082 201 9344 12624 3762
978 7825 11228 8122 8052 3963 21480 941 12477 8232 5727 510 3409 893 196 2198 28708 777 24342 7501
475 6865 3880 8795 9347 965 715 8936 8253 16385 1142 185 10544 2725 1339 1457 4741 137 224 790
19384 7451 2029 2092 6380 965 4659 2706 6866 7683 96 250 340 12004 5320 5949 1961 2211 5542 2017
2785 2668 15860 10638 7585 20088 723 9480 10686 2044 897 4228 2217 243 291 22198 1844 7703 993 20482
20366 526 9005 1222 631 2624 591 13717 14541 13824 19372 13177 3768 11335 11345 4771 171 5685 2404 30
1153 154 11298 11445 6049 16071 12950 17288 3319 867 178 11771 7721 1528 19819 2358 4147 335 2474 2248
10976 7963 21144 91 699 9388 8579 1199 2410 11152 2579 3186 8570 13564 7719 21 18088 13816 803 7005
11260 10637 8186 3582 2958 10509 11912 1683 738 8729 297 20125 2253 16358 1214 166 1464 2332 2540 2465
2199 1153 14590 17341 8906 11060 15901 27552 9217 15430 4801 14274 1456 16073 5448 2252 4648 5027 5435 8821
61 8279 12955 4400 16718 5739 88 6570 796 20341 317 3174 8255 39 4545 36 24241 10535 1894 7257
1678 6082 10200 4453 16169 3809 9662 1763 2806 18756 1135 11782 11202 1006 14091 3390 8908 2484 15815 7000
20829 175 3296 5924 1664 4241 13495 921 233 12405 169 6818 11173 4554 6117 2831 20372 6908 11030 8276
11648 15583 20883 13407 177 300 1855 17 231 7807 1041 4407 14210 4735 7251 1872 15434 350 8627 96
557 10713 2257 13953 21552 17442 9510 1291 1545 86 9626 7998 7828 15915 22446 3235 5574 313 5688 3027
