20
0 273 895 355 14 28 75 3 365 2 92 389 925 704 585 63 2 889 595 63
144 131 301 415 309 343 2 511 343 85 104 156 255 106 617 517 769 664 630 411
5 292 174 119 38 3 595 8 13 204 179 800 517 441 4 143 89 5 1 10
268 12 64 840 463 5 13 885 145 164 291 597 253 431 730 943 610 70 193 921
7 555 478 18 140 8 1 515 2 429 864 354 19 534 318 238 628 426 376 169
31 240 275 704 750 646 619 786 325 216 13 152 855 157 599 435 874 102 56 390
298 213 255 29 150 285 224 4 5 192 591 2 513 223 945 89 326 27 154 12
3 450 526 269 16 806 558 371 269 640 177 99 454 8 588 510 76 291 35 762
154 915 202 273 337 181 80 172 95 21 51 441 280 313 232 181 75 908 62 394
91 690 718 977 75 142 256 115 19 149 356 704 71 113 116 798 226 27 325 95
1000 916 540 2 618 1 790 144 209 152 165 764 76 692 53 40 921 648 116 43
525 749 701 750 925 552 137 333 4 830 267 246 722 218 859 160 90 11 333 77
236 484 27 715 6 14 101 124 678 47 209 150 655 268 65 956 561 411 20 571
677 92 5 7 536 64 641 346 41 160 1 4 115 865 105 587 69 101 680 490
553 914 112 608 81 993 316 664 232 77 39 752 85 39 587 412 694 65 960 715
753 42 319 600 13 290 22 133 298 727 18 79 537 309 239 53 5 40 112 829
672 12 381 70 828 6 117 171 357 495 910 460 175 150 244 74 95 977 358 6
297 460 1 14 105 640 8 452 573 906 368 254 138 189 565 174 390 49 912 524
10 974 861 23 355 568 73 550 6 29 22 332 76 386 718 128 91 105 229 807
407 702 243 1 124 71 736 38 2 544 3 479 7 10 434 736 16 289 529 674
0 4676 11026 6976 251 733 1281 70 10449 50 1174 6612 22262 18956 14961 1329 37 15798 14930 1765
3181 3309 7341 6203 6184 4690 48 6448 3834 886 2123 2924 5551 3085 14214 8288 19869 8423 6943 5614
53 3821 4568 3227 1066 79 6656 196 250 2173 4379 16546 9983 12078 100 4171 1328 131 26 163
5968 349 1260 18277 8885 87 281 22996 3537 4373 6165 6219 7056 9380 9064 17565 16321 917 5298 11042
120 7213 6187 346 3016 175 24 8400 35 8358 13853 6483 251 14988 9495 4396 14246 6744 5073 4189
781 4888 7225 18287 17286 12164 13233 10745 4685 3747 284 1745 9793 3516 7885 8022 21841 3029 1060 11330
3819 5560 5622 556 4280 8029 5740 56 112 1988 11691 55 10296 4371 10388 904 3411 509 3922 207
77 7654 13744 3594 280 20141 9703 5888 4712 13270 1829 1662 12201 100 7833 14758 1971 8282 480 12830
2142 25433 4300 4653 8760 5161 1937 4799 2240 622 1498 5574 6360 5901 3709 3624 1801 15541 1081 11063
2063 11190 12599 27341 1436 3560 5914 2908 560 3211 6023 11556 2072 2048 2342 12128 4428 398 5858 2009
20040 26408 15504 28 14693 13 10386 4200 4880 3567 1908 21582 1763 16047 1370 1027 13023 8572 2601 642
8777 15246 18681 14193 12795 9630 1638 6598 90 12786 6815 4990 16175 2469 24111 2134 1565 304 4502 1783
5588 9026 285 16797 95 151 1477 3601 18038 914 5972 4335 8100 7732 975 10866 16033 5168 499 16954
14468 1304 89 169 12851 808 15313 7572 430 4778 24 107 2063 18627 2941 7886 1706 2294 17831 14110
8194 21143 1594 12897 1722 22151 8228 17373 5299 1745 756 19860 2076 1050 11895 11034 19927 1790 19191 18143
18227 717 8751 15987 224 8530 351 2557 3052 19156 338 1853 13831 5052 5614 1452 125 798 1593 10090
13726 353 9436 1303 19429 100 2753 4301 9593 14702 23347 4697 4133 2871 4284 762 1056 13686 5547 118
5294 11457 28 343 1120 11643 193 6989 6159 11155 4495 2680 2532 2718 10680 4989 10408 950 11025 13457
166 21585 13546 575 4201 10482 1716 7897 116 658 414 9497 1072 7883 15914 3691 2711 1067 6830 15514
8975 7038 4269 14 3074 942 20653 982 58 15358 35 7285 129 204 8093 11617 213 5833 14757 10161
