20
0 47 677 149 4 37 7 589 6 272 20 419 7 155 396 637 72 381 404 323
104 380 116 172 460 29 572 18 2 524 780 42 69 198 45 789 200 3 564 9
269 301 580 538 45 105 176 187 209 145 311 975 821 50 985 138 869 231 757 830
141 589 586 743 73 66 634 912 326 924 90 48 923 36 618 963 23 531 600 367
4 605 36 52 882 660 970 81 618 757 132 159 572 167 445 679 829 831 187 849
393 61 63 555 816 549 34 48 19 212 62 134 427 397 791 41 823 283 163 402
471 85 262 51 5 460 641 140 901 35 449 468 982 442 30 222 154 153 64 129
392 563 364 8 915 101 230 252 330 24 491 497 40 210 140 191 147 7 114 910
27 653 7 458 442 863 883 87 98 2 35 57 239 624 674 519 870 7 5 69
261 983 15 623 771 133 47 793 242 4 784 474 44 219 297 459 179 224 5 58
175 403 312 118 4 712 677 178 405 42 178 168 612 33 371 831 628 218 497 201
388 132 461 723 182 900 21 48 547 185 688 700 141 537 276 20 391 349 968 99
41 780 367 151 479 498 352 166 473 98 90 2 36 453 457 724 71 38 2 462
3 68 22 477 25 976 7 19 154 12 803 345 615 992 102 511 496 30 207 801
204 664 351 144 208 419 961 770 841 119 160 306 311 87 408 967 28 3 453 581
241 139 223 700 700 840 272 957 548 155 213 344 220 445 47 178 455 139 695 74
844 206 236 41 687 845 254 436 387 539 127 689 3 651 488 9 35 451 45 65
803 160 81 609 969 876 670 732 396 266 103 418 176 187 540 2 28 831 575 201
389 519 10 13 291 171 1 64 243 173 30 414 96 989 753 964 785 932 154 180
938 89 71 23 881 43 54 361 63 62 562 102 9 264 615 318 677 60 2 638
0 715 14644 4140 71 782 159 13620 177 7692 517 10267 125 4004 6309 17896 945 7966 4396 7295
1613 11396 2033 4591 7275 413 15160 376 20 13079 11120 1017 698 3382 816 22804 2421 76 11399 90
4773 5113 15289 14530 1272 1363 3318 3001 3245 2572 7891 21424 9626 732 20885 1741 22826 5906 21025 14360
2431 8203 16087 15208 1148 1116 11724 12151 7458 20264 906 762 10142 1064 8557 14780 515 14816 16660 6312
85 13568 535 779 9847 12989 25371 1211 9098 16657 1515 3275 15781 3044 8685 18792 15376 21704 3368 16503
10867 1495 739 8236 14482 7648 981 665 405 3184 704 1596 11192 4915 10936 849 24302 7121 4590 8711
7435 1124 7525 1415 52 11605 16299 1952 17311 938 10280 11367 27957 11529 859 5282 2790 4563 1508 3391
11556 11610 10818 121 12254 2422 4464 3505 5044 609 11238 8889 1080 5496 1917 5509 3406 151 1690 9746
422 8807 194 8532 11451 11592 15027 1772 2254 29 443 1097 3852 12574 14311 14008 17542 100 92 1376
6919 18986 391 13172 9987 2795 534 20086 6907 92 13494 5545 531 4406 7643 13188 2745 3327 137 1191
4326 10573 7227 1556 109 20238 16359 3847 7064 1175 2494 3981 13955 838 8992 13264 15752 4752 5274 3184
7240 2608 4665 9522 4213 25848 359 1230 8123 3952 8915 8894 2770 15690 4297 504 5278 5882 17551 1790
1140 8453 4711 3114 13224 12182 4732 3040 12866 2082 2228 35 696 5968 11524 9669 2038 765 38 9307
65 1660 433 12576 395 14531 83 413 2245 162 16058 5347 10021 29253 2850 7985 6525 570 4710 22456
4509 17824 4900 3834 4386 7064 22969 19365 18972 3396 2046 7050 3223 1137 6944 14990 320 47 7566 12576
6820 3988 4800 9154 18851 24173 3661 14762 7735 1966 3352 6733 4684 11649 1394 3813 10767 2830 16056 1377
9579 5938 6250 707 7563 25275 2780 7654 7656 7941 2660 18464 52 9006 9523 193 502 9505 479 1906
17035 3506 1088 11260 18670 19307 18316 17956 5291 6324 1293 6477 4331 4607 14348 33 727 13743 10629 4676
5821 8535 140 178 8589 4214 29 1099 3295 2482 680 11285 1593 13136 21535 14174 14035 9888 3460 3511
26933 1828 1992 279 17725 852 827 6340 923 1509 5663 1250 106 7252 9057 8675 11176 1058 34 17278
