20
0 168 26 102 209 88 141 450 528 112 554 3 299 259 622 257 147 286 919 923
610 131 416 86 185 404 5 208 138 6 510 276 63 185 4 101 95 98 723 54
224 12 112 418 373 84 28 772 640 56 145 157 325 9 572 571 900 468 336 815
165 13 532 1 992 611 69 15 5 1 350 70 157 575 387 60 695 27 597 29
101 136 276 558 401 457 276 451 190 900 15 19 482 130 163 77 692 775 463 631
59 806 50 321 258 713 475 403 116 60 925 54 637 148 331 525 56 527 292 206
469 833 103 535 193 20 268 860 16 6 18 307 20 333 23 199 15 180 11 705
872 777 340 96 252 5 249 36 631 333 207 851 513 77 111 877 254 249 244 619
541 16 539 805 883 715 361 140 102 105 867 557 124 806 14 510 51 62 142 977
707 29 139 66 393 481 238 860 853 56 201 15 8 1 436 2 120 76 69 279
240 214 236 159 493 305 784 533 345 163 30 643 523 801 965 565 68 145 508 883
708 953 44 920 278 101 821 482 6 2 528 6 542 307 236 843 281 382 410 232
91 366 458 200 64 45 4 377 431 983 4 973 702 433 643 411 75 169 729 468
346 161 13 936 98 460 48 21 532 60 20 76 13 184 17 192 836 337 434 807
575 744 920 599 825 149 931 831 594 33 432 653 246 303 29 166 128 115 5 460
676 5 40 39 15 123 557 13 236 250 284 231 512 348 128 21 557 767 1 838
14 66 48 492 298 226 258 123 459 27 421 93 234 23 259 449 306 6 645 259
45 965 96 111 643 12 65 311 142 267 96 320 515 31 9 400 475 511 13 11
29 359 2 444 144 2 269 4 93 132 404 749 573 82 464 776 4 138 12 751
80 688 75 515 98 785 224 7 140 608 214 135 143 421 442 758 99 885 54 567
0 4192 461 2282 2181 2554 2671 6346 13438 1795 10665 45 7354 4904 11048 7500 2958 4601 11881 22397
16079 2680 7666 1964 3689 5581 134 2598 2551 141 10438 3116 1348 4206 93 2199 1544 2519 14831 941
4831 228 1379 6906 8219 1447 658 22814 6820 645 2111 2753 9540 229 15389 10953 26752 12076 8865 17480
4655 161 10930 18 15595 16026 1919 373 120 28 4790 1335 2739 13764 5109 1505 7142 492 9205 529
1691 2921 6934 14461 10110 12122 5189 9767 4679 10121 276 551 6925 3362 2858 981 13507 15101 5430 14632
1300 16306 1377 6278 5384 21033 7774 10284 1939 1218 19696 589 8325 3966 5464 13074 944 6969 7136 2770
5469 15353 2401 11501 1938 504 5640 12036 349 147 228 3736 599 9503 574 2590 327 2488 287 15405
9111 15813 5814 1909 2572 147 5688 491 17939 6166 4733 15186 6497 874 1342 22143 2876 7380 6551 8282
10030 354 13134 8411 15544 7860 4134 1611 1855 1296 18715 11164 3711 10367 200 11835 1257 754 1750 19523
16267 805 3935 985 9872 10671 6959 11732 24458 904 4010 335 222 21 7764 22 3347 2070 1574 7952
6283 2378 2394 4318 9694 6945 20954 15765 6498 4712 827 7267 7588 16012 23980 15811 1700 1587 11517 15505
19755 21768 532 9885 4862 1659 16786 12835 99 20 14525 128 14693 3695 6377 19863 3736 9451 12255 2534
2551 6593 8596 4464 1874 829 50 11090 7255 24203 66 27793 7341 11104 13359 10535 980 3691 11967 11583
8563 2362 137 21552 2276 5722 870 566 14129 1040 293 1861 145 5237 466 5628 16778 6857 11364 18936
12065 22075 14945 14928 23133 2816 10435 24428 10338 576 9188 12637 4796 6918 339 4674 2317 2743 139 4960
17049 127 474 1108 365 3426 14731 275 2636 4898 6067 3907 14394 7144 1591 419 10791 11264 27 17944
284 871 662 5534 7543 3983 2928 1339 7904 298 11283 1348 5230 605 6082 9921 5738 173 10264 5819
836 15897 2775 1953 15269 166 1526 8004 3769 7712 2862 9527 10875 848 197 8348 6059 12539 157 159
735 8527 20 9440 2743 45 7647 86 2686 1829 7990 13810 6191 1792 7735 14475 74 3595 291 8675
1085 12516 1455 12890 2844 18553 4223 168 1646 15355 5359 3778 2687 6147 11375 16111 1226 14410 646 13001
