20
0 659 411 740 651 883 55 819 400 39 949 19 336 472 618 994 664 804 102 755
735 205 10 19 7 466 11 792 295 217 934 254 6 943 678 74 9 723 73 949
161 794 610 164 462 21 62 604 524 269 20 168 880 703 302 433 12 440 7 433
828 846 4 246 692 571 408 343 163 27 390 125 111 120 195 536 384 953 37 200
40 878 142 174 320 16 669 243 214 199 6 172 525 162 775 173 200 224 484 85
929 536 48 18 707 898 890 252 5 156 307 535 11 547 264 941 485 208 820 951
890 192 186 121 52 169 54 497 78 174 235 556 70 551 216 357 856 240 663 653
420 272 567 457 361 277 794 155 29 128 204 237 636 468 10 108 42 176 525 587
323 6 494 390 376 441 657 373 976 466 39 443 341 718 870 946 447 62 297 227
287 846 39 755 239 17 513 10 385 700 480 48 292 25 83 678 568 220 584 260
95 55 87 20 118 6 366 45 610 315 1 49 696 254 14 277 322 1 22 146
240 1 1 317 125 888 515 63 637 15 371 103 17 71 430 129 299 298 162 481
82 207 103 993 367 402 17 200 457 653 669 392 17 842 575 199 52 989 464 221
109 730 93 441 357 569 282 559 197 96 20 427 800 356 231 5 124 629 845 134
451 604 832 33 141 788 940 34 5 520 243 820 134 81 107 492 521 157 28 969
736 2 328 880 330 178 847 296 651 892 333 19 83 234 6 342 53 208 204 352
140 867 905 3 552 328 763 1 522 548 468 44 606 110 93 521 149 351 381 120
653 435 127 11 49 391 86 487 838 20 954 639 859 730 160 19 826 71 518 370
950 381 880 123 1 44 402 977 681 362 248 22 2 130 213 488 952 226 19 641
88 418 923 85 867 6 804 142 621 348 225 219 37 396 3 381 81 508 901 451
0 17251 9054 20656 19530 25045 953 21677 11861 619 16284 325 4054 10262 6195 16408 13971 19363 1672 16138
21918 2507 240 396 92 13294 231 18372 4837 3897 27823 6501 168 16665 15857 1286 143 20257 773 16845
4237 19490 14219 3129 7135 623 1093 16473 5424 3347 471 3049 14153 17447 3563 12672 297 4909 195 5038
10931 21500 72 4271 18507 10606 9093 7304 1781 778 5601 2387 2360 2328 5232 14497 4519 13403 564 5797
729 26039 3420 4994 5175 367 15212 2442 6330 4521 104 2591 15637 4535 20467 2777 5506 4673 9520 868
9311 14719 1360 226 11244 21300 19638 6268 103 3930 3733 9741 202 13101 7058 22642 13447 4836 11116 10313
21606 3959 4033 1657 1391 4841 1087 6240 881 4009 2824 13154 867 15833 4194 6059 14696 4728 16681 12028
5843 2988 12333 7885 3644 6584 18054 4195 387 2383 4641 7017 8574 12360 273 2782 547 4397 12857 9512
3725 114 8694 7432 6741 5290 10412 10155 25713 13734 748 9995 10157 16057 17375 25385 12040 1111 5537 5657
7263 17671 898 10168 3855 378 6596 265 8313 19098 7866 1312 5328 357 1306 16359 9079 4736 13490 2989
2641 969 1453 383 1679 159 10882 545 16199 8350 29 1378 9395 3104 342 7377 8524 13 462 2250
5004 30 18 7516 2854 8886 8706 786 9699 364 5140 1953 264 1009 8409 1534 6966 7425 4493 10110
2404 4213 2747 17836 6243 9912 423 4363 9485 8160 7877 6213 225 22886 15844 5011 1238 24582 13674 4970
2800 21291 1408 12283 10352 15220 4787 10822 2473 1972 494 12196 15228 8465 6857 56 3361 7508 24349 2414
9591 12189 15883 894 1843 10479 10487 385 57 14040 4822 17324 3518 1861 1478 6467 10173 2680 623 25243
10854 58 8034 14150 6232 3169 9944 8371 12282 11245 7827 372 1802 5543 172 6662 1500 5141 4251 6413
2749 9006 11863 77 9941 3805 21705 24 15144 9407 11302 763 13347 3057 1819 9781 3217 9755 7531 1609
12075 11570 3304 318 1207 8264 1581 8147 24260 454 22412 18443 17975 21873 4162 372 15407 781 12075 4227
21924 9936 14127 2774 25 1026 5315 14046 20376 3712 2845 398 38 2829 3580 7792 10614 3974 266 18252
1682 4936 18759 1738 10642 142 15317 2976 9031 6300 3747 2452 663 8484 60 7546 2169 7999 17100 8042
