20
0 301 211 677 547 451 157 326 369 29 2 439 29 811 306 123 64 1 707 141
1 459 347 53 978 879 955 819 102 26 455 265 160 774 106 321 767 501 562 54
105 645 329 128 762 614 48 638 427 48 431 972 55 891 51 138 96 39 564 40
501 555 564 409 698 624 57 116 54 13 371 522 813 167 441 315 3 141 367 585
897 57 239 120 14 557 400 374 281 345 294 783 282 96 37 171 721 116 249 403
561 491 32 292 772 7 532 909 771 288 462 180 19 456 17 112 510 194 504 57
567 263 49 168 310 371 11 480 677 18 577 129 78 938 12 33 367 18 503 2
460 11 622 89 513 78 200 226 653 898 19 3 15 868 582 970 272 369 938 182
889 490 336 779 345 216 852 969 320 436 63 395 2 334 94 52 45 499 9 107
195 955 523 149 389 136 8 4 78 197 918 417 93 65 183 790 503 287 211 158
46 284 5 77 760 799 278 715 24 370 955 957 676 327 399 93 413 221 636 677
699 151 517 345 18 340 172 206 99 889 475 133 776 342 482 194 54 394 318 493
919 410 6 95 1 434 3 205 302 953 717 7 935 123 216 948 232 650 888 284
1 5 211 49 109 899 442 582 249 532 131 68 14 506 341 78 13 384 10 100
167 850 584 803 246 57 45 689 508 226 367 2 828 947 92 772 73 188 555 5
683 554 5 448 169 114 238 96 82 116 313 211 306 969 472 416 10 563 81 222
988 473 78 659 436 34 39 48 858 155 82 102 345 675 445 825 813 83 8 40
19 733 285 115 106 532 98 65 31 2 154 710 346 49 349 72 143 219 123 716
414 504 304 231 758 2 353 10 231 120 952 236 213 420 361 351 47 451 797 297
638 250 777 254 731 887 16 74 381 235 14 369 718 72 129 851 843 132 71 698
0 5096 3282 10551 13578 12471 4566 8791 8374 858 28 5816 322 11162 8455 3314 1014 12 21186 2913
17 13405 5107 1343 15905 9190 20681 17308 1566 775 10037 2995 4105 13495 1186 7566 15594 10942 9115 1387
1117 6906 7355 3685 18142 11205 565 9606 7898 1139 6249 10030 791 24459 1215 3110 1864 882 15436 887
7567 10394 16370 6955 8071 12203 1139 2009 1574 251 4360 14053 16560 4901 8913 6738 48 3490 6981 15560
14270 762 3335 3543 365 9507 7869 8345 2982 5626 7634 12405 6664 1612 594 3116 13542 2277 3611 4066
13397 10457 501 7546 18475 146 10635 17136 8949 7445 11296 2671 355 8233 342 2960 13389 5024 9065 1091
7144 6425 632 4029 9006 6101 211 13281 13792 503 14333 3291 1858 16139 349 619 7433 401 13235 36
10706 326 15434 1817 13108 2329 4320 5306 12064 14903 432 77 300 18930 16984 20541 3590 5321 17491 3906
11913 11914 5824 11991 8655 2265 22346 23458 7268 8477 1355 8635 24 6287 1751 1449 1131 10465 143 2446
3491 11265 12668 1828 8341 2331 184 87 2081 2570 22470 9006 1800 1561 2750 14468 8966 6157 3557 4590
853 3951 116 2122 8430 16132 6939 15368 334 5363 13067 27714 7033 3635 5004 941 10796 2585 15971 11632
14497 2468 13676 3984 224 7888 3443 4683 1287 17425 12786 1667 11897 3835 13133 3758 899 4115 6430 10609
22917 5836 82 1230 17 5933 79 3151 7387 24026 12886 117 11094 1662 4962 11546 3321 10237 13126 6849
26 144 5056 804 2735 24868 11430 9530 4752 11987 1644 1516 142 11997 9531 1191 202 5067 249 2575
4978 25268 16599 12922 5647 972 994 15875 9125 4753 4266 28 19926 21793 1194 10024 1868 3279 13387 79
13737 6463 98 7571 2312 2051 5650 1800 1178 2459 5109 2702 6519 16166 12035 7991 203 14431 1358 4844
26634 9396 1811 11141 8318 468 822 1305 12305 4340 1646 1692 8982 16329 9165 9622 9120 1924 199 621
270 10249 7660 2805 2902 6980 2088 1219 798 55 3697 12581 4415 909 7434 1486 2176 6468 3546 15085
6471 10163 3174 5942 12905 23 8667 299 4422 3212 27910 3573 3266 5785 7402 7350 657 9209 14707 7086
17916 4928 10511 5451 8313 23810 205 1240 7884 3706 287 9579 10763 763 3860 19837 10933 1552 2053 20401
