20
0 60 90 526 866 68 783 880 31 18 71 174 787 757 313 328 11 532 748 24
465 261 539 212 37 360 576 278 318 590 501 185 788 14 444 165 967 212 155 272
7 218 200 75 319 21 293 145 681 36 80 363 48 828 839 504 2 217 423 355
24 502 3 76 494 326 647 911 555 349 750 389 10 9 454 572 387 261 236 798
924 753 2 903 258 188 723 893 3 131 55 59 43 7 269 6 858 143 255 108
865 780 643 293 431 22 123 747 143 235 3 245 57 38 561 7 282 75 124 887
406 200 976 125 654 784 248 487 6 186 554 381 336 506 269 3 133 222 102 188
15 71 523 347 754 659 8 113 335 549 615 724 414 178 665 284 302 817 640 3
861 406 299 14 522 218 966 518 295 357 975 166 14 269 352 360 424 39 81 1
160 323 17 437 575 523 40 791 739 189 452 827 867 253 274 42 756 433 74 520
254 332 547 6 987 36 657 292 387 892 630 251 161 284 90 957 173 29 10 465
89 521 24 85 800 676 171 181 436 633 837 312 355 504 262 962 161 167 57 233
268 476 198 107 744 920 278 106 343 8 144 319 18 179 247 300 359 27 732 382
883 512 56 828 104 21 111 38 550 108 275 614 13 800 69 581 9 543 163 343
490 52 689 30 596 338 740 46 242 20 11 1 56 25 516 56 26 878 55 778
76 425 149 486 142 196 85 793 10 693 450 2 657 853 168 9 726 921 880 64
16 114 697 146 908 509 888 912 879 108 666 563 127 180 4 544 540 395 739 887
46 182 866 9 769 922 286 154 305 457 734 198 77 487 3 178 144 340 124 30
158 519 566 260 469 572 5 49 20 576 516 11 724 306 6 672 86 71 994 2
80 59 31 48 45 408 78 835 264 275 135 490 855 374 50 997 739 192 506 203
0 1716 2469 5881 13322 1730 20558 18339 507 293 1545 3650 9253 19980 6527 9534 244 5610 15079 630
13454 4353 6271 5189 790 3788 8727 7779 7659 8745 12595 2927 9626 379 10679 3047 17285 3729 2296 6860
160 4570 3072 773 3900 362 4334 2731 11271 679 2048 6453 549 8487 8501 14412 21 3426 7742 9456
560 9247 44 1037 13951 4750 13622 15792 12582 6036 16182 7445 103 151 8819 12889 5256 6583 5079 19873
20228 16925 59 9243 6300 5433 18916 26525 70 2010 1624 986 1235 132 3105 115 16229 3973 3357 2198
22601 9966 18067 3334 6005 598 2810 12640 3862 4090 73 4585 1546 1092 8014 161 7342 1192 3232 15617
5894 2493 13094 2595 17014 23219 3640 11067 91 5136 9013 6756 10075 7885 5101 70 3766 4409 2836 4713
283 2009 14869 7526 20888 6836 101 2232 3842 8799 14522 14352 9041 3198 19184 5064 5739 23604 6802 83
18722 9923 5721 203 7777 4358 17056 6102 4058 7754 29167 4261 230 7864 6659 4653 7587 749 1014 22
3091 8597 476 9369 10121 12131 643 8210 17710 3817 9771 24540 18256 5752 8059 723 18663 9218 1630 6975
6268 7632 7410 79 12896 631 17962 4601 5118 21770 8111 6461 4166 6243 2226 24145 3823 513 253 12717
1389 8635 249 1757 8321 19882 3926 4772 6679 7962 14146 8283 6666 6008 6154 10619 4101 1847 955 4835
3074 13670 4831 2881 22051 15538 4773 1663 3446 232 2937 4794 464 2018 4206 8725 10197 349 15091 7137
16230 11531 1076 14560 2132 337 1292 578 14967 2983 8167 16787 227 21668 1111 9765 164 12625 1757 6189
14092 1247 11594 431 10134 7749 15862 554 5899 484 199 26 1663 554 14379 1112 493 22359 1329 21940
1794 10235 1722 5631 1746 3031 2002 11005 294 13522 7136 34 10098 25396 2038 105 17332 13020 25476 761
325 2982 14129 2374 19006 14168 10722 23589 10885 2850 19823 16271 3386 3509 49 9082 12453 4371 11075 15744
1072 3005 13698 142 18138 12267 8049 3270 5939 6343 10337 3487 1629 5764 87 3468 3505 8321 1537 622
2542 14305 14058 2665 6444 16155 63 1416 410 7717 10639 129 10039 4972 166 10814 2097 1498 19418 41
1549 651 860 554 991 4416 1590 16525 7417 5404 4001 10254 16928 9939 1320 11611 7922 5448 6244 2244
