20
0 647 537 117 762 744 174 820 179 753 616 90 992 143 62 365 99 38 53 2
9 326 152 407 788 832 110 615 185 251 676 777 143 649 19 456 327 624 205 121
63 715 333 589 142 22 19 593 69 19 750 8 213 407 879 170 73 513 413 557
349 9 12 34 985 134 76 193 550 201 28 8 48 521 301 641 3 903 153 23
331 817 616 719 367 13 965 375 861 768 87 912 212 845 144 81 102 392 923 174
25 981 974 770 839 135 74 26 24 189 925 299 851 75 770 845 301 16 15 309
463 716 403 631 57 7 31 89 832 157 31 356 580 12 191 9 706 882 765 36
28 481 450 803 346 12 12 227 651 8 540 51 130 345 650 253 1 418 87 214
912 250 6 494 134 748 5 19 952 131 327 46 40 926 504 56 10 176 846 49
442 312 316 472 126 53 426 165 4 29 5 747 880 109 735 254 748 752 357 152
246 493 382 19 987 2 583 818 164 653 14 889 25 5 66 369 43 7 17 377
228 79 1 98 477 72 2 145 26 64 682 473 982 720 11 666 721 414 5 314
22 2 752 51 141 109 78 467 321 5 128 314 52 730 455 591 844 930 732 375
45 432 401 140 506 386 226 11 687 53 19 3 4 271 449 329 120 641 492 289
37 826 65 259 45 79 815 296 16 2 446 660 214 756 120 252 81 128 751 45
583 157 683 9 739 83 113 54 14 582 77 435 160 513 450 965 12 313 501 320
12 413 544 898 43 566 96 43 324 6 459 101 183 733 20 347 68 596 8 48
21 922 686 892 577 651 172 226 318 944 575 804 7 2 720 12 162 79 84 476
475 208 67 489 330 177 423 781 266 586 4 971 275 16 758 549 956 2 939 721
296 66 788 230 517 736 181 672 10 493 44 440 220 9 806 706 448 345 121 812
0 9274 13063 1493 18034 8304 2236 21962 3899 12379 9315 2636 17927 2647 1537 8521 1983 1004 1320 54
140 7434 4289 6082 15653 8499 2190 7396 2879 5383 14544 15301 3687 7382 373 7442 7941 11628 2115 3039
1193 10009 3514 14685 2157 293 257 6094 810 424 18449 135 5014 6256 26142 1854 1778 10145 10954 6855
4118 226 250 785 15093 3443 2095 4431 14393 3345 652 144 546 6234 7152 14193 64 13002 4550 527
4035 21565 13120 18366 7229 274 17962 5630 21326 21578 1648 25420 3735 17574 1487 1807 2634 6744 14844 5029
355 12682 19272 22228 9308 2281 1203 529 529 3259 17039 8001 12433 976 15602 10111 5768 457 399 4537
4889 20938 9851 11175 858 127 821 1429 24356 4048 491 6274 8409 289 2322 113 15720 20953 16922 512
770 13458 13298 8409 3906 301 179 5789 15317 139 6489 700 2720 8917 9583 3351 15 9911 1659 4431
22418 4057 141 12829 2171 16018 63 548 21927 2803 8019 798 1185 20368 11377 1295 252 3871 10385 661
7706 5415 4493 11864 2762 1547 11688 1782 107 777 55 10606 13238 2061 16977 3533 18948 20327 4192 1633
3788 9033 7132 356 14280 22 17062 17435 3647 15100 256 9072 383 129 1396 7842 866 184 236 5509
5983 1506 26 1033 12367 823 28 3517 674 1204 20024 9995 13750 15718 266 7649 10763 11077 107 3268
293 37 16502 1159 3261 2329 2331 5477 6390 96 2443 7274 1495 17808 12995 13297 14485 23504 17835 5994
1030 8116 7282 2761 10685 7335 4798 275 8883 1021 204 75 62 8130 7905 8896 1673 17229 5507 8102
900 21210 1945 5732 673 1698 23954 7872 472 22 8920 10013 3012 12372 1473 5099 2419 1974 12649 547
9390 3165 12735 205 10432 2135 1589 1247 323 9539 1547 11938 3246 6831 6005 23365 145 5795 6612 7750
197 8133 10650 26527 936 14958 1964 1071 9175 169 11161 2604 4762 17032 479 10307 1126 13956 108 584
260 15256 16614 23869 7902 17391 1949 3062 5219 27504 8200 23721 100 51 20512 347 4578 1194 1617 8449
11880 5603 1167 11025 4765 2261 6115 19637 4818 14370 80 16909 6665 240 8635 12427 25893 38 14850 15063
8269 746 11927 6242 11383 8564 4397 17521 145 12094 1029 6631 5506 221 20961 10270 6170 9648 3275 14895
