20
0 815 37 29 623 826 51 199 685 485 509 55 214 125 800 105 859 2 751 560
225 237 949 14 835 385 484 39 227 34 618 991 100 43 704 159 85 136 200 558
361 443 58 39 455 355 470 177 300 266 738 533 87 485 220 358 108 19 391 579
918 831 171 453 885 260 1 1 904 116 411 104 767 291 497 463 82 271 364 891
14 409 657 738 405 87 30 3 149 77 513 289 858 5 368 572 593 920 215 48
156 928 786 255 86 153 798 235 47 3 387 112 349 906 113 4 17 6 7 8
458 80 726 261 377 8 12 615 351 379 449 814 511 978 616 69 235 31 48 819
5 246 700 207 58 136 975 36 354 115 288 479 119 89 265 464 697 74 185 6
370 994 946 837 102 283 184 25 507 635 120 22 268 792 13 690 268 8 11 120
168 627 12 10 178 265 862 379 696 120 89 45 815 580 65 768 136 530 350 476
73 1 137 583 216 313 280 76 3 919 309 278 25 56 216 301 369 413 445 11
111 63 1 94 4 176 800 373 13 279 44 327 953 373 267 460 851 480 567 145
175 314 221 834 2 85 4 875 340 70 634 2 52 276 128 473 37 50 96 3
927 529 903 54 191 961 133 140 649 14 991 125 30 33 20 9 156 40 55 425
18 46 213 450 495 556 173 429 316 848 916 34 583 6 291 589 936 8 426 3
177 235 85 732 73 62 7 257 3 80 83 177 183 299 270 108 466 188 115 517
946 125 652 197 193 258 929 12 107 219 36 542 915 235 143 634 71 960 830 658
491 160 14 893 995 631 109 238 39 124 13 522 670 171 611 777 92 8 76 820
473 249 1 8 157 231 14 635 13 293 14 612 424 801 528 97 17 403 369 763
7 880 67 387 31 207 855 205 26 81 170 880 832 858 97 237 254 631 346 26
0 23230 1025 361 16723 17180 1252 4890 19848 8636 9616 731 4752 2755 19561 1576 19328 21 10584 14962
5719 6653 14887 171 20513 7927 6407 1142 3554 590 16265 16699 2627 989 18968 4597 867 2054 5455 15834
9962 12197 583 667 12969 8373 8881 4607 4090 7100 10052 5651 1823 6574 4755 3896 1471 322 9651 15698
27016 19563 3643 10481 21671 6031 18 25 17504 2275 5517 1175 11094 8259 5816 10117 2238 8015 4937 9986
362 7489 12384 19495 10425 1390 357 49 2515 1036 8693 3158 23723 60 9403 9801 9160 9768 3694 1040
2484 23614 19432 3803 2238 3417 10431 6162 1152 87 10908 1891 8249 24583 1391 116 339 83 111 101
11384 1302 10983 7491 3828 98 172 6675 6349 4094 9367 10934 8470 14433 14030 1195 3808 829 1024 11794
106 4185 17574 5862 1590 2874 11038 881 9771 1954 3201 9343 1298 2397 7845 13882 13873 1328 5486 137
9352 24021 22045 22788 2466 8152 3827 595 9922 17823 1858 476 6330 23201 165 12676 6490 213 162 2397
3197 7973 127 155 4914 5514 10002 7875 15061 2527 1995 828 20322 5933 1121 11036 3050 13764 6152 8160
760 23 4038 15754 4865 3952 8267 2233 73 11827 9034 3885 629 1279 3893 3118 6762 5819 9690 311
2596 1486 18 2374 47 2939 20171 5804 216 5806 1109 3593 24715 9140 5887 6142 19697 10130 6918 1799
5188 3893 4731 9913 26 1940 96 15634 6883 1142 8733 21 1310 4928 2197 6884 810 812 2003 45
18399 6615 17295 1019 5722 14642 3551 2337 17862 158 29436 1469 563 720 420 200 1605 936 643 7470
235 792 5664 7990 13386 15850 4367 9701 6348 19353 19766 897 12159 148 5540 11020 26870 206 5487 80
3748 5659 906 20067 969 1421 204 3167 60 1829 1326 3502 4873 3028 3386 1881 8188 3409 2569 9202
24645 3749 15525 4523 5399 6586 9900 272 2339 4988 1068 14229 22841 4047 3644 8324 1955 20023 19753 6640
5536 3402 393 24383 28368 13359 1721 4851 884 2370 368 13271 11615 4130 11102 18744 1600 233 1374 24276
11987 4210 22 190 3632 4793 361 16151 266 3257 409 11388 5504 10372 8541 2269 339 4330 9085 10985
118 23268 1022 4829 597 2804 15794 4009 449 1213 2438 25978 10830 11400 2092 4178 4567 18828 7398 299
