20
0 170 93 8 426 460 107 64 194 15 35 44 56 890 1 832 434 97 342 546
204 225 445 214 485 73 191 52 479 288 29 73 171 554 6 480 297 4 273 9
860 73 603 244 578 24 846 497 753 875 134 100 429 747 711 35 98 2 634 407
197 920 596 965 746 67 130 147 926 882 513 98 311 219 397 400 76 250 9 41
998 346 893 464 426 75 594 596 69 374 83 44 497 498 178 70 141 743 530 418
8 260 557 196 197 28 24 978 268 67 582 160 82 805 906 68 154 550 756 75
670 172 191 595 548 58 725 73 808 15 246 288 42 18 298 169 16 388 687 304
437 73 300 268 583 33 706 325 424 33 184 260 499 23 112 63 26 164 223 131
157 56 201 448 469 319 8 979 65 158 270 5 20 27 511 816 5 863 117 140
288 468 624 6 186 241 931 705 718 528 189 38 754 14 713 445 18 950 772 518
671 351 364 900 393 318 172 38 673 700 364 972 134 827 15 162 681 64 527 182
102 392 189 284 15 856 545 774 685 406 134 294 448 373 4 495 122 803 933 249
6 47 320 498 908 184 707 881 662 5 829 631 819 512 945 241 576 891 791 71
209 169 806 107 463 23 281 14 999 29 15 326 987 120 707 6 302 158 957 672
196 920 20 4 83 277 148 119 594 586 3 2 7 348 56 403 66 424 94 640
141 396 362 37 222 57 544 594 641 44 223 387 37 858 294 499 352 97 64 956
66 1 2 25 376 25 15 569 964 913 383 475 490 14 185 16 86 5 814 29
56 769 25 955 739 836 133 551 747 284 125 79 445 82 837 806 66 71 875 71
3 119 958 22 917 413 62 291 694 230 763 504 479 493 424 427 17 590 110 90
780 505 405 339 837 26 921 3 899 156 394 2 122 230 783 738 245 2 573 546
0 4569 2163 207 8155 9564 2991 1131 5523 233 741 458 1320 13280 27 16707 6756 1842 6359 7095
4437 3954 10336 2841 9404 966 3751 973 5039 6565 666 1659 4340 14478 168 6587 7314 41 3952 160
18583 1899 8355 4842 14188 330 14851 10917 14812 14289 3092 2605 7253 19258 12405 642 2048 42 18704 4228
5402 16243 8628 15020 13964 1324 2399 1866 16759 10925 13495 2301 9250 3044 11259 4941 1889 3974 98 826
22342 6202 21402 12722 9816 1582 9313 12336 1918 8236 1355 1125 10045 9660 3714 1427 3156 9720 7013 10067
149 4782 6909 5358 3238 390 490 16764 7367 685 10638 4776 990 9610 12810 1661 1820 11133 20404 1268
10959 3346 5139 11744 10793 1035 9269 1533 15487 266 2792 3923 1219 307 7139 4941 241 6500 9478 4352
5982 1431 8861 3437 9924 495 14550 5392 10945 450 4540 6990 5015 425 3283 1731 428 2702 4695 2279
2587 1051 3865 13257 5434 9334 190 27712 676 3115 6682 62 377 767 6861 19361 132 9032 1406 2875
8404 5279 6648 155 4720 5314 12234 12263 20777 12238 5445 1081 20614 221 8213 4848 502 20849 10529 13036
8725 9275 8149 15849 9330 3273 4807 710 17788 18505 10141 24363 4008 17847 174 3336 15181 922 10378 2027
1846 9397 2444 7624 254 12531 10319 12891 9346 12079 1480 4838 8060 6822 41 9447 3143 20837 10851 7346
124 915 6780 7819 13103 1962 17809 15029 18580 111 11118 11762 21022 11276 26932 4661 9513 23656 9810 1075
5656 4421 14781 1298 13243 567 5520 206 19155 620 305 4908 17102 2196 12318 75 6951 1982 10565 7138
3063 11527 239 107 2319 4430 4165 3258 10355 17397 43 53 140 7704 1173 11541 711 5280 1519 12391
3809 4789 3674 669 2406 1310 8542 10124 8522 1233 5234 4218 797 15966 3874 4992 8774 1978 1363 14703
1093 21 49 700 11265 581 203 5809 25531 10715 8557 12071 8876 197 4565 229 2007 122 13739 464
638 7924 404 28216 12483 16684 1556 5865 10287 5231 2841 1961 9002 934 12258 18069 1041 1165 19055 1838
80 1974 11148 549 17250 8191 1733 4090 10553 5753 7641 14336 7838 8344 11429 4777 213 17056 2119 1143
13019 7570 10595 4479 12434 269 26797 48 17180 3461 4970 39 2080 6608 22048 13560 4496 21 9017 8863
