20
0 39 203 81 44 104 41 58 740 797 588 58 707 338 24 155 569 328 150 102
18 90 107 863 9 216 254 720 114 902 81 1 185 582 65 14 815 484 411 148
207 37 893 26 111 2 312 702 38 811 553 213 993 372 681 791 272 51 556 549
133 545 25 634 42 230 712 131 71 86 43 28 18 332 48 231 722 326 50 15
6 623 2 194 552 515 947 190 639 80 515 724 422 638 532 42 518 295 472 16
46 355 598 233 23 348 58 640 13 51 913 1 26 7 229 102 130 716 5 58
198 852 408 16 446 584 342 906 29 276 996 876 416 111 46 104 263 652 706 596
603 8 994 751 83 714 196 16 591 579 812 230 273 58 285 404 257 2 42 111
785 27 39 939 50 112 34 117 497 16 709 722 217 5 229 408 88 52 465 674
400 524 572 68 828 182 128 247 239 510 223 77 98 155 534 38 940 505 109 407
40 18 465 652 319 11 418 623 318 622 539 62 884 563 541 22 488 431 833 58
325 227 26 92 72 705 270 586 171 917 188 279 741 392 848 627 738 320 91 756
255 27 100 385 895 5 337 8 455 77 23 185 3 82 10 631 266 621 25 75
491 445 392 222 742 441 183 458 464 342 41 1 125 1 102 245 228 658 73 662
229 152 145 291 614 71 293 415 18 21 847 579 913 49 16 39 944 501 2 978
982 11 232 645 235 281 545 919 132 41 339 482 24 189 349 187 282 89 883 174
229 69 564 990 654 264 580 351 25 17 312 282 873 205 438 266 728 382 152 202
493 179 405 258 711 413 794 63 257 905 238 633 291 3 734 623 412 425 164 103
423 201 180 2 594 576 964 217 259 125 581 788 596 10 791 850 695 776 696 770
754 112 113 27 777 34 690 24 485 120 57 465 243 155 481 461 564 3 2 523
0 434 4902 2206 1248 1486 647 1672 8698 22256 15850 1103 17082 9693 492 2783 7249 9031 2191 2094
219 1707 2245 25430 241 4766 6917 16986 3053 14356 1284 23 3461 10978 1027 360 10590 7664 6455 1643
4023 805 15404 348 1214 59 7937 10534 625 16917 12506 4670 22247 4790 16407 13763 5872 1005 13274 8834
3526 12076 465 9886 1148 3985 17329 2933 810 2237 1072 313 234 8980 788 5940 18835 5621 1071 408
104 17017 26 5240 7586 10624 24605 3102 10990 1268 9573 14291 10203 8653 5451 977 8853 5319 5662 227
1167 3780 11631 6310 300 10030 723 8650 171 1380 24292 26 751 167 6641 1665 1461 18162 58 1261
5856 8998 9584 387 9505 11594 5588 13062 468 3945 22278 18657 10639 2713 1330 1288 3335 11709 21151 12328
17313 210 26624 20592 1000 17382 3455 197 10360 7064 22651 6872 4449 624 7403 4499 4017 28 484 2206
21790 642 563 25808 808 1852 992 2031 6613 313 19356 8591 3907 87 4662 5786 1651 988 12380 17295
10150 6742 14119 1831 11258 4365 1840 5984 4672 12231 3910 1792 2724 2153 5679 1136 15912 15013 1255 10508
1043 211 12409 9166 6167 122 11939 8228 8133 8263 9590 1637 13578 7270 14373 322 10524 8284 15830 870
4008 6704 455 1400 1492 17954 4571 12124 1872 23303 2607 4499 19946 4629 24858 12922 10536 6322 2417 11145
5823 369 1941 4397 21249 115 5838 215 12285 1128 457 4124 57 1994 288 9261 3876 8395 433 1115
11844 9523 6612 5818 18405 12314 5119 11989 9719 9315 943 19 1614 28 1768 3018 5913 7663 2143 13655
2618 4315 1827 8258 14087 1210 4437 5001 254 522 21643 6439 25103 1358 357 439 25003 14207 51 13871
10757 223 4687 13155 5595 6948 14470 18094 3169 802 8973 9349 241 4581 8149 3826 7663 1830 24131 2483
6626 1834 12580 26842 12322 5426 8481 8374 392 211 7554 4826 22132 3232 9009 5487 8203 8452 4118 4111
6990 4185 5563 4126 20967 10105 22471 997 5785 18764 2742 15630 7666 66 9276 7130 10297 4424 3894 3023
5958 3052 2843 26 12651 14655 17029 5564 5929 1915 14549 9854 16779 145 10807 21253 14095 20214 8664 14762
9475 1443 2398 507 10500 629 12745 634 5143 2187 1497 7576 6245 3772 5911 11634 13026 70 25 8759
