20
0 222 321 386 341 414 859 15 154 844 478 311 192 32 321 791 432 12 18 733
26 547 23 226 65 651 260 876 27 456 534 638 352 491 124 544 322 837 597 78
469 430 93 719 282 391 44 851 122 300 24 218 19 493 292 3 521 910 673 601
129 986 747 922 48 268 999 992 46 459 620 609 10 178 707 391 276 190 272 3
159 936 416 447 69 614 110 553 312 731 100 69 517 1 228 148 117 9 12 125
116 221 229 47 8 82 329 673 768 805 57 35 705 29 213 147 523 302 27 481
393 59 86 879 132 545 252 420 569 330 9 796 425 18 792 374 917 13 194 460
264 409 12 875 22 622 37 640 99 72 344 68 3 86 97 212 258 396 821 575
258 344 441 408 11 198 39 783 45 558 12 103 18 408 493 778 368 264 602 410
208 60 26 130 8 20 540 614 554 616 32 42 262 14 169 45 334 15 401 31
139 76 206 48 347 378 882 699 5 777 643 45 527 3 956 939 180 739 222 2
810 894 123 7 865 218 424 18 188 431 85 131 220 2 72 539 222 101 256 23
978 303 628 41 91 343 944 469 248 2 186 208 113 445 14 415 756 584 594 20
3 111 263 496 2 419 325 893 6 69 45 170 434 777 849 368 456 182 368 225
345 615 190 804 142 1 29 568 125 23 10 4 1 544 70 193 84 941 389 417
12 618 504 566 9 645 80 39 39 525 65 647 951 109 241 773 504 50 63 18
278 177 632 510 83 731 21 26 904 171 780 98 33 302 795 685 13 80 361 800
201 671 24 52 17 426 199 17 366 322 15 26 170 212 418 221 9 360 417 701
660 78 39 630 136 367 251 378 900 594 439 575 784 12 201 4 604 18 457 593
63 513 633 9 190 548 182 49 320 399 323 2 77 485 341 71 669 491 115 287
0 2487 5696 4494 5457 5921 25355 299 2512 12004 12056 7357 5588 948 7436 20220 7979 359 410 17917
503 6862 638 3674 1106 8760 2927 16334 645 7817 10741 9686 5873 12341 2631 12563 7258 16896 11170 885
9778 10611 2324 10104 5766 10037 703 10659 1421 5616 538 4070 306 14580 5627 85 11980 25890 17805 14083
1387 21067 16760 21159 1284 7697 20758 12165 536 13232 17157 12402 148 1944 19835 6560 7275 5216 7665 75
4524 25269 4512 12983 814 8512 2512 11180 5107 17534 2234 1166 15008 14 6193 4097 2609 226 186 1293
3459 3637 3175 808 139 1156 5386 19153 22878 10565 883 640 13202 462 2286 2207 10787 7094 628 11259
8869 985 1096 19202 3127 13367 6313 9510 12305 8265 92 20062 6710 432 19357 8025 17901 159 4819 10723
5765 11917 161 12606 307 8409 851 10316 1776 1668 6651 1463 57 1123 2360 2302 6580 9976 18093 9874
4236 10216 12241 10869 133 5173 1017 14542 726 11280 315 1833 192 10162 9050 15649 8682 6188 14427 8616
2838 1736 497 2877 239 512 7250 10181 11462 10164 471 739 5769 206 3455 511 9797 356 11660 726
2906 903 4684 614 5693 4568 23293 17645 99 12336 13390 1019 7774 80 18288 13063 3818 13931 3527 34
19707 12190 3087 198 23829 5855 8284 431 3920 11665 1803 1797 6230 54 1904 13718 5731 2872 3511 469
14196 6746 14473 809 1573 7106 25912 9087 6591 50 4251 4943 1410 11338 385 8869 10033 10614 15798 358
47 1574 4086 6014 29 11020 5426 26231 164 1708 759 4761 4545 21653 8674 6490 6843 5138 10944 2708
5466 11195 4010 17064 1551 14 855 6921 2657 458 225 56 22 9007 1836 3126 2339 25616 11661 6447
151 14292 8067 14040 217 11750 2178 981 837 7914 1433 10530 17619 1888 2416 18170 12994 1340 1651 462
3676 4122 15421 12709 1504 17950 606 608 14071 2303 22078 1842 618 6556 15213 7411 262 1343 10573 17773
4150 15461 666 688 323 10119 5623 403 5809 4477 304 591 2039 4502 11316 2230 92 3996 5080 11247
6701 2024 616 15378 2794 10814 4305 11180 15099 17813 7283 10854 19656 311 2194 50 8502 490 13521 12869
1428 7811 16785 196 5181 13476 2298 1380 9163 8766 9561 27 1855 6160 9652 1798 8526 7211 3234 6102
