20
0 986 329 568 915 100 181 110 699 786 857 625 210 108 681 80 819 151 86 15
850 7 568 30 273 580 348 1 93 18 288 720 167 215 179 385 216 485 547 143
44 990 139 509 487 101 615 359 135 41 28 832 877 223 2 45 284 452 41 545
756 95 99 274 749 7 693 695 84 17 82 694 914 652 679 32 271 167 495 849
447 207 175 157 791 251 109 94 584 541 407 261 220 92 473 51 617 2 701 17
425 423 116 572 280 68 12 338 193 173 735 31 141 306 920 21 1 74 895 527
377 19 901 661 847 499 40 171 17 103 943 715 11 71 476 73 870 19 469 63
128 675 731 1 18 635 350 4 65 7 81 83 635 59 141 66 499 697 377 124
36 159 188 704 480 306 11 298 300 196 403 416 553 30 39 498 4 17 628 713
11 561 26 58 575 385 306 161 26 592 12 110 256 169 810 497 5 288 131 525
818 669 7 36 280 138 46 762 118 416 156 637 662 366 69 742 29 991 98 25
16 8 3 116 702 43 834 26 3 808 106 314 513 142 408 256 11 907 297 112
58 849 170 721 31 162 1 60 18 857 39 2 600 50 987 182 501 442 222 83
501 17 993 429 866 37 104 356 73 11 585 6 473 484 503 990 12 297 689 772
32 577 949 815 646 42 266 449 734 149 449 947 188 31 159 103 4 682 244 160
274 291 154 569 835 166 166 184 5 251 440 253 853 446 676 470 859 300 131 619
17 77 181 268 406 132 19 325 340 113 20 886 236 469 255 489 64 508 266 313
801 605 30 170 55 116 36 875 493 727 905 568 361 34 218 59 508 328 829 372
927 593 45 693 899 313 28 496 941 90 8 11 79 180 818 81 210 976 896 65
4 847 117 1 3 1 6 87 365 19 280 926 157 930 1 747 616 193 455 26
0 13007 7411 6855 9448 2531 2935 3176 10753 15555 24404 8655 2671 1518 9020 1314 20727 2931 2134 250
13870 139 7649 856 3231 6058 8505 13 1126 452 4007 8283 2868 5033 3072 9225 5612 10234 7833 2181
740 25345 3665 14128 12440 1381 8177 6541 2156 685 685 20455 15195 4656 55 735 6221 13152 1162 14550
22124 1776 2270 7037 13923 116 19562 10309 1642 300 1856 15200 17904 12366 7211 852 5394 3780 13397 15653
7352 5265 4971 3682 16170 5874 2080 2015 6865 14214 9764 6586 5733 1593 5073 1305 13808 49 15591 380
11039 8253 3068 7778 2807 1090 127 7669 2848 4755 16537 603 3829 6074 25517 311 23 1218 21441 10881
5262 491 17287 6678 23094 12332 929 4970 383 1458 21238 12133 247 1636 8695 1675 9909 548 10640 1620
3658 20142 19896 24 479 17962 4462 108 1658 115 1749 1840 15744 1569 3193 1379 7111 6997 5114 2442
586 2090 4074 10285 13993 3451 221 6633 5380 4199 6927 10528 13108 825 555 12751 97 240 12495 19631
174 15731 276 803 13758 6291 5058 3564 350 11686 327 1652 4470 2304 22637 5596 86 6917 3688 5304
8225 13230 115 765 3395 3389 893 15718 1646 8422 2160 10324 13398 3672 1694 17710 848 15411 1814 575
168 99 39 1799 16735 983 15011 315 81 11516 1961 5944 6367 3674 11338 4531 300 10087 4594 2318
1597 17684 3415 11394 781 2851 13 1118 327 24335 827 48 8009 568 11290 2563 14467 5503 6088 2360
14559 396 19700 4849 16811 736 2601 4401 2147 287 9730 119 10081 10448 13258 24888 205 3625 11672 16709
796 13668 15475 11962 18828 1039 5101 5835 16351 3379 5196 24979 4106 578 2072 2903 66 9355 5538 4130
4155 3591 2964 10871 11729 2902 2786 5017 111 7230 10465 6208 16604 4658 14389 9529 11911 6257 3636 9243
344 1331 5033 7311 5555 2458 247 7284 7116 2393 509 15996 3789 8641 6482 8577 1338 9586 6372 7818
10961 7277 566 4327 1014 2810 658 16360 5641 12529 24486 12715 5558 523 6303 958 9717 6168 15407 5780
10168 12859 1035 7235 22737 5500 479 11795 12190 2237 202 206 1176 5341 14491 1895 5675 13089 22519 1261
93 11914 1884 17 64 20 92 893 9792 236 3613 24163 1997 24094 18 22171 17584 2624 8457 404
