20
0 86 951 271 47 961 84 460 240 512 934 630 14 723 109 235 861 289 843 556
83 417 387 96 251 292 959 77 96 375 450 13 390 233 165 308 218 730 227 524
34 227 727 205 111 62 345 467 428 1 628 2 718 418 940 267 10 60 883 913
546 168 511 626 91 694 853 930 229 25 831 128 1 227 3 754 340 121 788 402
153 924 169 256 534 388 11 52 339 342 202 491 939 21 118 17 32 975 324 652
63 592 51 308 465 348 189 83 35 43 80 753 59 708 165 927 936 495 20 225
923 73 120 851 378 896 24 868 390 361 137 573 777 89 1 99 111 174 768 510
521 57 630 103 853 326 191 148 272 179 487 449 249 73 319 176 2 224 142 63
3 668 475 901 307 20 996 36 238 588 96 4 73 9 31 209 173 3 734 12
627 29 546 14 483 651 11 922 8 43 433 57 332 614 635 776 712 12 1 53
13 66 253 454 947 843 650 1 117 474 168 147 779 185 3 56 108 678 85 601
24 951 230 951 942 376 734 387 81 113 452 945 20 206 73 976 690 167 209 475
145 473 789 24 169 188 452 440 856 109 295 373 740 6 714 10 374 210 257 545
4 2 375 194 42 792 366 1 617 125 6 262 44 415 112 734 493 69 3 932
182 11 17 111 492 524 192 344 373 441 673 40 15 900 593 810 505 98 427 377
413 886 2 100 2 641 589 862 60 857 109 531 638 217 749 114 407 246 360 29
593 343 53 512 452 752 770 710 25 865 389 871 171 978 284 289 200 563 78 746
654 761 40 53 126 169 5 187 407 837 1 286 129 992 151 178 739 514 447 804
222 242 4 150 150 886 408 583 309 673 805 25 313 587 148 104 870 77 348 16
325 81 643 520 237 579 90 66 861 1 279 415 263 473 2 689 30 581 646 958
0 968 13306 5923 1100 27057 1737 12702 3316 12266 13068 14246 348 12645 1715 2726 10802 3666 12867 10277
847 10056 8886 1120 5614 3743 22811 1128 2423 8240 9104 242 6435 4976 4331 6167 4639 17772 4320 14616
760 2355 9003 6067 3056 1822 8092 7763 8487 11 10897 56 14646 6144 23191 5818 221 918 24935 12115
11212 3801 14915 16956 1845 19485 17112 25414 4213 644 15743 2504 14 3330 65 19191 6747 3124 19809 10277
3967 16295 3334 7657 13539 10572 248 576 5625 8804 6041 10364 9557 498 3200 182 884 18695 5593 15647
1330 16214 995 8471 4762 9381 2711 2235 783 1117 2385 21096 1236 16387 4524 26662 18735 12651 239 6025
17810 1388 2860 18990 6227 23601 538 19226 4097 5778 2317 11276 13142 1303 15 1103 2295 3770 11181 9871
15089 898 12402 1564 10381 7249 4029 1939 3264 4304 6587 10787 5625 1707 8643 4497 46 3941 1544 921
49 19779 7374 14576 5564 201 25832 554 5505 9887 1937 53 1793 155 402 5033 3579 86 13368 284
9150 697 11404 232 13446 10704 211 13022 139 598 12844 795 5380 13529 13363 18332 20641 332 16 1222
215 916 6255 11015 9844 14661 16866 29 1644 10038 3234 3673 16275 1869 51 997 1730 16435 1724 8201
499 21198 4975 19758 19737 8500 12916 6478 931 3297 8978 20891 271 2366 2049 11769 12408 2130 2589 5713
2786 11136 10422 375 4202 2750 6053 4861 24996 1943 4463 6748 13113 122 14810 128 7251 3333 6155 13445
90 33 5222 5546 611 20691 4537 16 7783 3181 130 4916 732 11650 2552 19290 13547 1380 88 12088
3885 193 328 1195 14123 14775 5506 7129 7677 10605 13654 1042 391 16832 16443 17137 6907 1937 12633 5871
5701 11823 28 1769 51 19012 8677 9087 1170 23308 2785 5839 12692 3829 9875 2589 4569 4352 9751 450
10946 9319 1167 14182 9708 13786 7781 19987 493 19278 9522 17836 2614 24851 6304 4932 5322 10205 2160 16507
7119 10645 1090 1064 1637 4146 127 2410 6631 24184 15 3886 3625 19093 3233 3882 19505 8857 13077 10912
5740 6475 78 1826 4280 15135 9840 8390 5566 18731 13707 261 4372 11420 1624 1627 18488 1859 5026 460
7459 2382 14264 10427 5608 8276 2371 1655 17282 16 7384 10852 4308 6304 59 15359 669 16317 10105 20897
