20
0 2 27 213 886 608 133 773 864 3 138 653 614 81 875 152 653 405 139 94
2 1 808 90 7 22 5 272 893 144 486 11 375 1 307 67 111 121 701 219
856 437 792 610 44 138 60 16 102 66 90 157 353 22 23 955 713 14 249 6
982 96 233 823 57 62 756 15 850 3 734 815 164 391 928 875 83 563 446 379
999 184 979 673 300 29 25 226 18 605 47 194 571 457 263 132 340 23 245 122
80 1 721 745 72 7 430 1 634 303 424 372 8 103 504 982 135 751 746 29
842 958 50 521 16 105 635 223 394 218 145 611 620 960 822 265 33 287 15 4
993 459 17 904 28 291 51 35 156 674 884 832 924 256 76 53 418 389 5 73
40 998 211 41 507 781 56 454 215 58 431 628 459 240 208 791 268 904 824 24
264 736 498 793 728 11 427 685 30 253 11 156 449 225 35 99 855 208 16 699
309 522 170 944 883 368 190 188 961 77 821 852 161 788 936 10 56 52 793 999
321 149 300 148 319 843 575 12 104 731 215 63 316 863 608 885 536 133 591 866
38 727 29 13 194 780 401 143 10 831 794 340 477 872 45 232 836 956 201 479
282 481 251 255 7 965 201 196 280 41 978 218 8 103 815 296 3 96 158 760
960 395 59 626 574 30 87 46 297 201 54 799 155 261 453 292 380 580 608 14
2 5 309 61 452 170 972 52 35 963 196 244 38 415 684 658 747 55 333 928
662 5 152 918 205 526 485 183 30 198 486 66 485 595 668 192 203 324 325 553
162 921 921 5 389 547 365 74 214 608 906 133 6 215 37 392 38 763 622 361
834 892 860 4 283 683 487 108 168 136 214 46 130 41 101 298 406 93 10 130
158 768 559 665 552 551 961 381 525 782 184 526 697 48 38 398 223 465 15 194
0 21 780 4017 16861 11765 3706 7934 21577 43 1882 18334 16511 1227 23076 4024 12313 9206 2833 2780
60 24 8749 2415 172 358 112 6935 16800 1986 7154 191 4365 28 8333 1944 3312 2187 15246 6452
23671 12528 14938 13728 551 2882 1255 343 1357 1834 2416 3360 7703 377 272 10206 11336 161 2830 168
15837 1510 5934 24260 585 817 21603 162 11707 60 21862 12714 3939 6533 10824 21564 1458 5816 12439 4020
13948 2179 10085 12454 3408 424 448 4501 185 14695 978 3678 10615 5182 4336 3192 3750 480 5640 2450
1137 25 13360 14979 804 135 8756 26 10505 6687 10831 3974 147 2217 5228 10091 1621 18784 15792 848
24085 17004 1457 6555 176 2315 16665 5515 5377 3232 3012 11918 10499 22119 18078 7940 399 3355 297 57
22105 7908 276 18431 836 4611 1507 983 1968 8502 16138 12375 10129 7023 1895 1212 4193 10045 103 2028
406 15278 6292 840 7046 11030 649 12452 5670 1466 10261 15812 8637 4538 4789 22938 5668 25807 14799 500
7914 20717 8484 23703 10265 293 6690 13710 510 4152 150 4148 7549 4891 661 2155 19145 4515 173 9123
5659 11756 2042 17752 13291 8622 4419 3869 25736 1247 24353 25045 1909 17067 18584 199 953 1492 19836 21659
9556 4079 4262 2379 8734 16500 10553 175 2649 11513 3508 1235 7482 19657 14422 10476 14226 3646 17286 17653
393 18895 573 236 5019 7861 9745 1513 207 18946 16720 6494 14279 20245 572 4538 10509 13838 3427 10793
8022 12623 3740 6952 172 10097 3463 4408 5278 943 19783 4178 118 2898 16269 7385 42 994 2115 21969
26696 8632 1158 14929 16304 511 1432 673 5169 5842 1482 13732 3307 4645 9015 6608 9102 12548 11856 391
38 54 7586 1509 6875 4474 18222 1061 479 14954 4139 5119 893 11735 13074 12271 15008 872 6791 14854
9987 51 1694 11501 4870 10851 14082 3602 529 2698 7556 1859 10389 10802 12777 2543 5657 8190 5524 5640
2962 11761 19765 81 11363 9123 4632 1816 4413 14581 18007 2630 131 5513 822 5579 678 17044 8398 7633
19488 18148 23452 89 4380 11314 6974 2090 2658 2077 2487 922 3363 970 3029 5855 7623 1613 285 2550
3626 17464 5752 14724 14909 11874 24774 7344 11140 14505 4285 14509 10692 1420 490 9939 4376 7227 428 2964
