20
0 17 135 11 787 494 394 43 212 25 106 537 81 867 42 910 257 402 181 411
331 711 19 540 466 737 242 396 61 287 749 639 380 205 354 775 282 522 63 797
104 405 174 8 477 443 149 239 647 487 659 624 291 809 84 652 24 302 263 58
67 783 271 555 38 425 6 455 231 72 223 103 182 148 42 421 284 488 836 28
146 531 280 239 157 651 272 395 99 33 54 812 790 428 23 6 190 4 201 148
71 907 668 817 264 165 647 103 276 355 503 209 752 89 405 493 285 938 72 226
315 577 107 128 17 925 230 332 165 263 46 280 449 420 3 316 275 594 133 23
51 377 6 787 138 17 422 805 352 210 198 5 954 260 16 379 490 528 272 4
37 236 883 270 3 872 706 186 64 54 713 729 9 118 230 213 412 67 704 392
309 951 19 884 812 8 115 536 53 381 524 85 3 344 22 474 177 114 439 206
100 725 438 187 1 478 1 639 763 210 35 984 958 223 814 954 38 3 322 842
76 160 148 108 212 989 415 120 10 915 19 39 824 493 16 611 9 22 4 160
621 255 575 82 6 93 52 121 995 648 636 683 67 3 205 920 38 194 150 159
466 8 321 889 256 128 4 887 83 27 192 482 424 3 4 298 547 859 863 469
600 698 775 33 82 899 6 126 26 177 388 421 760 412 219 698 128 85 635 96
471 819 8 644 167 721 260 29 507 159 532 293 34 46 128 377 24 17 56 2
51 655 426 552 153 357 750 244 881 156 934 334 410 765 209 41 868 43 669 361
60 775 156 3 190 494 173 413 658 190 361 24 622 603 880 176 133 41 947 979
25 712 6 38 197 636 49 268 693 4 731 10 504 167 643 250 782 683 238 638
829 135 105 415 61 120 902 193 253 71 23 277 749 98 650 988 165 44 8 768
0 186 3833 159 16521 12562 9239 809 5596 295 2559 13654 1867 25245 876 11346 7067 9105 1919 7076
5648 10879 537 9800 13418 15638 3756 8869 1737 4461 19034 7468 6231 4835 9830 17107 4104 11835 1679 13319
1871 8582 3978 232 8531 8725 3183 4603 18895 7128 17736 10121 3023 22987 1744 15673 586 7472 6203 1432
1462 22388 6318 14752 910 9966 69 11222 6187 1110 3758 1407 3601 3400 638 11146 7722 11087 8652 281
3345 14539 7366 5007 3846 17754 5289 9700 1211 779 1577 23396 8326 10689 386 71 4084 79 3796 1967
1659 10994 16814 8671 5073 3264 14042 2744 6036 6273 8946 3279 17639 1286 8067 5820 5058 17320 1949 4439
4176 9622 2870 3316 357 9429 5193 7261 2020 5948 1217 3870 7866 10258 54 7760 7953 12829 3807 271
1329 8595 70 16820 1418 329 11096 21503 6025 6001 5280 123 10899 3558 458 6322 13467 9480 7153 90
965 4651 18419 7547 50 10427 14271 4662 1841 681 19112 9375 130 2958 4527 3755 6827 912 13745 8063
3170 23338 356 8871 23589 136 2376 8938 717 6983 10696 1036 72 6021 524 11718 3025 1710 8093 2781
1853 20223 9544 2398 19 5014 17 11756 10147 3905 673 29462 23805 4458 9520 24348 975 54 6471 8645
814 3518 2690 2079 2964 13085 6384 2058 261 22982 431 487 18113 11880 256 9151 150 274 100 4650
16513 7218 6390 1104 177 1532 1280 1357 11002 14944 14135 17399 1689 71 5789 17482 910 2309 3121 3285
9211 126 8259 21856 7510 3746 96 18917 1010 621 2851 5398 5212 30 117 4727 9984 23903 19373 13579
6924 16078 7937 578 2375 15057 117 3729 449 2082 5255 10062 8523 10433 6300 20211 1867 2271 15373 1135
12977 19410 124 18034 2427 18555 5447 692 13071 2310 7084 7816 747 625 2147 10269 544 184 1408 46
930 16407 4952 7238 3995 8049 11387 4601 24557 4185 24681 7484 7457 22458 4411 1171 14516 635 7218 7888
1398 12873 2296 37 5346 8228 4269 8747 6580 5352 7739 698 10740 16905 16713 3632 1496 806 21168 25756
522 17742 69 579 4553 10711 1206 5141 7132 105 20863 206 14116 4816 15981 4983 13129 20227 3776 10268
16442 1662 2362 12396 1371 1944 19482 3401 5739 1968 521 7489 14744 1152 14338 25713 3841 1244 93 18158
