20
0 11 762 400 108 214 130 722 167 6 75 205 834 198 633 338 116 56 859 421
63 786 709 102 25 26 25 950 31 70 578 709 327 159 992 273 158 4 247 13
680 74 295 33 100 140 637 136 95 95 951 429 269 95 514 398 596 248 40 88
28 565 338 190 482 52 12 771 561 114 436 439 15 4 534 757 195 97 182 135
358 689 645 348 875 37 956 882 161 483 84 536 905 683 224 612 33 486 20 250
56 284 495 157 14 141 475 628 272 29 14 302 978 206 452 262 154 115 302 551
916 241 621 195 666 116 594 513 720 5 715 663 125 654 477 393 33 287 567 318
363 78 129 268 164 136 528 291 29 786 119 63 9 103 121 10 326 733 228 575
364 631 240 34 115 380 13 2 488 302 7 496 412 145 765 71 359 601 298 15
12 249 766 373 14 11 90 204 48 270 352 411 838 46 102 355 188 627 172 72
383 23 56 769 7 691 198 783 270 638 22 243 401 4 897 31 530 692 14 57
534 2 331 768 537 167 304 858 12 832 677 388 909 227 92 6 132 733 22 162
32 894 110 160 903 16 20 618 912 798 645 218 313 32 681 781 559 42 335 532
21 605 47 652 50 792 841 425 89 519 8 456 38 872 983 175 823 86 15 14
589 894 72 177 317 17 436 15 269 507 12 56 43 480 805 613 835 513 721 63
19 91 135 310 63 483 181 63 120 151 27 135 296 62 285 52 234 247 318 174
651 142 804 7 102 218 690 18 72 3 436 719 15 13 315 868 423 211 377 26
499 644 373 619 441 42 6 346 206 113 40 2 117 354 4 927 73 318 657 929
377 948 891 28 416 79 955 53 483 24 380 261 433 177 614 267 288 840 179 951
195 225 327 96 173 304 667 608 1 53 391 4 911 242 7 951 1 893 512 967
0 243 15055 6911 2144 6076 3310 9603 3820 84 1847 5490 18307 3153 14863 4260 1929 1457 14356 8846
1715 11351 17206 2376 700 494 486 10181 388 1749 9447 10532 8318 4599 29307 6406 3761 98 6499 209
18016 2018 3181 944 2359 1961 13166 1436 1634 1735 22800 5794 4152 1271 13148 10180 6445 3231 463 2428
323 7650 7210 4115 8713 645 243 20427 9040 3029 10165 10893 228 112 8452 9986 2262 1517 5374 1549
8789 14196 16083 7095 12170 729 19676 20525 2334 9506 1198 12842 24724 7012 3187 9672 641 14237 379 7118
1572 6646 9695 2132 196 2022 12841 9967 4321 551 270 7873 18158 3272 6607 5474 3318 2039 5677 13618
9950 5733 11968 2810 11981 2989 8014 9152 14282 55 20790 14058 3643 14780 9877 6870 956 8056 12118 5274
5596 1519 2246 5202 2535 2670 11248 7404 347 21761 1469 1602 171 2943 3624 102 6941 14596 5617 10701
4120 9770 4623 586 1507 7976 200 58 13030 6078 163 6689 7883 4217 14289 1060 7682 15127 3508 223
246 3389 8302 5145 402 121 1475 4787 971 5443 7005 9923 22337 553 1476 6194 3870 10265 2067 1607
7875 400 679 22139 197 17482 5315 8171 7075 9477 637 6553 8563 111 22052 447 14996 18908 315 1247
11036 27 8566 20572 11556 4316 8965 13907 121 15732 17543 4633 10153 2728 1148 95 1836 12027 592 3467
921 9881 2964 3860 20766 205 262 16523 10761 14954 11013 4559 6733 598 12048 19765 7857 545 5262 5774
513 13463 1150 14517 1240 11864 13968 7934 2239 14131 171 8726 603 24352 19809 4860 17167 2554 264 354
9890 13956 1657 4096 9257 259 11652 234 4246 9193 224 580 1176 7720 13958 17034 9050 10827 15101 802
360 1058 2922 5278 993 9412 4850 690 2712 2185 352 2255 7201 933 6121 1058 3227 6978 5699 2937
17818 2472 10998 117 2977 5272 16973 436 1382 78 11986 13301 225 171 8057 21704 9237 2134 3785 303
14103 17558 10219 8014 7862 1209 177 9091 4307 1363 970 32 3077 8655 40 26879 1524 5705 16404 22219
5678 16135 24208 753 6055 2359 12733 978 12117 282 11045 6306 7026 2455 17972 5104 4114 21139 5366 23438
3882 2299 8295 2096 2784 6110 11391 17402 30 1372 8452 83 25005 5518 116 10467 29 16863 5656 26324
