20
0 157 468 581 217 571 112 194 20 364 220 344 45 4 684 14 33 697 29 300
48 27 320 267 733 16 854 152 13 783 575 965 14 179 12 286 366 26 27 196
135 203 836 874 852 16 821 139 362 906 102 549 831 135 354 208 878 283 406 243
645 559 287 825 1 268 12 29 78 685 520 84 5 201 186 54 15 828 405 96
293 24 433 31 210 84 79 55 375 687 119 553 522 618 184 242 88 16 79 11
272 948 135 205 196 148 296 334 43 331 386 12 414 3 238 440 26 133 865 13
6 4 235 48 1 547 68 34 318 24 292 477 381 24 125 976 369 35 94 19
452 131 447 2 162 580 787 140 351 184 446 397 67 277 235 209 464 19 9 161
299 485 693 880 148 61 719 19 174 564 42 52 765 355 72 388 437 861 572 148
158 14 463 17 917 901 602 78 15 158 532 86 4 990 369 303 682 204 771 308
241 2 28 303 760 200 313 110 375 242 241 203 228 425 508 39 97 506 415 250
155 99 360 11 171 7 173 14 2 40 753 554 722 120 855 39 147 483 84 150
324 297 981 936 696 35 64 191 182 183 26 804 236 76 462 460 123 24 927 566
997 31 190 118 3 402 6 287 9 83 840 391 380 1000 949 6 5 322 146 133
122 499 711 396 72 123 658 924 28 184 4 381 12 9 680 969 19 57 6 22
617 31 35 15 4 434 523 910 837 219 942 13 807 30 110 53 170 586 355 691
736 92 503 81 237 103 93 614 107 9 59 621 620 435 381 5 757 93 154 289
442 185 503 522 105 746 46 53 257 466 234 350 263 743 79 395 256 90 4 68
311 61 554 533 603 668 12 2 982 101 20 442 345 585 351 272 120 206 607 28
33 979 911 2 178 53 3 980 592 7 26 48 74 383 789 588 68 787 233 823
0 2819 9657 11077 4872 14250 2537 5610 502 6237 4464 4799 825 58 12016 412 399 15454 616 7667
550 424 9249 5558 16827 413 14953 2487 140 23454 12098 20402 151 4237 180 6530 10466 538 337 5598
2883 2778 8728 13585 14617 307 22693 3393 9707 20810 1856 10947 10416 1876 3619 3084 13518 5354 7485 3475
15794 8267 5540 24467 27 5307 144 830 2248 17824 8436 2091 76 4010 3116 1424 269 11033 8092 1867
3594 537 4433 821 6274 1065 2021 754 10794 10851 1213 10003 15550 14750 2204 2847 2636 172 2095 186
3273 15910 3749 5307 5052 1906 3484 4828 1028 7206 8869 280 8141 86 3252 4772 723 3531 13600 192
153 79 4127 571 16 8268 1021 351 4176 445 8017 7771 5257 398 3690 19456 9342 458 2423 369
12603 2291 9946 42 4522 14743 11829 1705 6086 3829 12668 6259 848 6920 6418 2272 8032 369 206 2291
8009 11771 15778 16269 2665 649 11836 306 3550 16793 1181 1510 12387 7976 721 8435 4381 16228 13972 1619
1875 160 7832 257 10986 20175 16461 1569 343 3724 10050 2427 56 12027 9243 8780 15281 2355 21808 5344
6925 49 451 5290 16800 2421 4666 2088 8897 7037 6152 3211 6382 8762 12660 1160 1727 13403 9558 5045
4263 1800 7810 324 2474 145 3811 372 39 651 8053 13333 16134 1431 12251 574 4376 10204 2268 2133
4666 5730 13329 12753 7528 404 898 3106 2847 5206 270 18731 3943 1081 9952 10901 3300 488 15989 16367
11396 639 2233 2531 57 5861 155 5180 120 1930 8845 9310 10447 20392 10641 67 133 3523 3241 3020
1706 13205 8684 5319 1135 1262 18736 11013 372 3978 67 4800 234 153 12511 26743 223 597 133 271
12794 360 751 372 82 6088 8672 11041 10754 5965 26800 247 15813 762 2497 551 3897 10512 5524 15420
19707 1299 8004 1603 7101 1642 2416 9297 1791 102 1045 13713 8526 7886 10575 58 14642 1902 3192 3356
7606 2613 7039 7249 2553 9227 918 999 4459 7511 5215 5931 7875 8784 1117 4627 3731 1245 86 1295
6940 785 8757 11168 11598 17776 132 37 20120 2872 449 11523 8848 12140 3630 6323 2533 3783 15186 800
523 23020 16799 25 2556 1518 76 27834 15312 130 458 909 1461 10851 21874 16382 1686 11115 5450 17304
