20
0 549 27 147 674 885 437 45 216 19 21 194 241 22 282 148 30 91 515 51
531 124 301 704 18 295 157 3 12 656 211 127 236 515 170 137 392 860 806 857
753 649 940 603 59 375 263 727 527 435 2 55 592 212 75 123 713 292 352 3
45 389 56 297 129 84 737 129 176 124 72 72 397 395 428 580 3 459 989 428
92 666 85 664 343 842 472 50 45 614 10 552 169 77 28 38 315 231 531 993
215 163 189 487 581 158 565 434 8 68 178 59 92 469 30 18 2 132 169 854
312 455 17 234 536 241 199 393 771 5 713 754 150 2 23 285 18 43 912 970
23 36 4 207 688 82 186 964 55 771 597 49 453 896 57 113 3 783 953 177
659 28 22 460 378 49 335 2 878 84 674 193 3 939 157 484 313 264 206 347
749 21 252 461 92 667 107 388 44 16 24 574 256 375 555 15 283 466 114 211
734 813 232 984 25 910 220 465 14 480 84 109 457 518 236 24 212 295 4 321
531 229 305 109 429 179 224 1 19 289 12 643 577 958 6 476 66 377 145 438
708 11 616 400 180 433 591 723 447 361 145 50 733 92 10 179 401 514 185 734
739 350 432 343 394 850 104 221 225 663 61 26 515 601 33 348 325 583 28 34
552 845 2 316 45 4 309 139 527 65 792 955 405 595 330 924 18 9 74 47
557 576 729 555 980 377 132 688 7 43 155 302 298 617 371 527 210 252 31 301
337 375 194 54 659 970 937 13 922 418 475 387 47 158 22 284 122 41 90 791
777 491 920 676 159 120 774 77 389 981 868 947 690 201 20 336 395 425 35 63
226 834 455 560 297 12 326 43 134 505 782 473 441 49 559 245 46 498 218 660
126 88 128 80 168 448 9 193 492 989 87 773 476 638 13 455 938 277 30 461
0 10685 459 2601 19305 10355 9526 970 2287 475 486 4052 5460 484 5780 2944 799 1776 5719 816
13541 3403 8979 15371 418 6162 3483 72 292 15463 2958 2300 5571 10057 1914 1841 4907 23659 18096 24878
20735 12499 23983 8024 1569 7779 5525 14034 7693 5699 52 1137 17624 5343 1379 3416 7815 3115 5221 64
637 10570 1514 4113 2231 2406 21308 3740 5114 2549 1910 1638 6158 8898 12424 9300 48 10293 17582 6994
1846 8849 1899 13941 4840 13172 13436 1282 986 7511 243 13746 2636 2233 382 455 4373 6502 8952 26563
5910 3658 4182 11737 15981 3525 6891 6654 160 1419 3646 1128 1039 12306 552 258 54 2009 4008 25329
3731 8940 279 6945 6293 4277 2308 9387 21922 150 19756 10958 2834 46 262 7257 410 1136 14313 14444
677 824 55 5550 14228 2263 3474 21706 1393 18387 15167 1007 6316 12088 881 2199 71 16319 9830 4806
12214 496 252 7291 4744 1401 5794 49 9612 1743 14571 5495 53 9887 4466 13442 6714 5940 4807 3712
7813 273 3407 8865 2415 13844 1862 5822 570 385 423 6606 7573 4835 7512 255 3190 8085 2830 6313
21680 20562 3866 11289 722 17603 4848 11791 365 10329 1616 2304 9277 10118 5498 609 5299 7088 114 6436
14542 5657 8956 1546 5245 3522 3519 20 506 3297 358 13907 5905 16227 74 10898 1878 7245 2736 7144
17860 314 10241 9541 5351 8623 16932 18539 9585 9990 2766 809 16061 2247 274 5162 6718 11924 2391 13356
22152 6134 9878 4393 6544 18334 3105 6424 5201 16383 721 406 5830 7095 833 5159 8445 6751 556 1003
9702 22036 36 4086 912 64 4710 2771 13531 1087 8814 19998 10987 16111 7482 22630 304 211 1372 917
15923 10309 17595 15091 23061 7255 2700 20039 106 1048 3528 9038 7821 16488 11013 8014 3867 7199 789 5749
5554 8827 3656 971 7496 14362 23456 203 10725 10487 10460 10085 1028 4376 268 5418 1284 419 1219 16321
16137 11759 15569 17079 3869 1566 8524 1898 4679 9906 23905 23876 10372 5974 456 7893 6891 6197 629 1480
4082 20720 9483 8406 3206 208 3782 930 2940 11921 15722 14176 11570 546 7855 4844 597 9903 6029 19603
1545 1492 2381 1893 4414 7758 170 3954 7079 18588 1096 12465 6311 11766 256 5995 22527 6494 822 8771
