20
0 9 801 631 68 751 39 228 388 72 896 50 81 608 63 915 21 368 211 872
449 318 327 719 83 55 18 102 111 213 662 262 98 64 484 216 615 667 163 63
38 851 693 897 255 283 837 255 919 130 271 932 990 72 21 884 880 669 226 258
231 515 165 692 42 6 988 363 624 899 83 228 731 288 318 274 138 83 24 221
144 16 573 733 316 417 96 146 301 283 914 326 29 101 87 59 30 214 427 48
8 419 68 111 706 119 436 110 726 911 789 489 628 889 795 812 207 792 351 535
860 273 77 148 882 6 269 63 16 60 340 688 322 501 938 3 96 122 2 236
4 32 257 994 2 11 79 4 177 140 387 1 580 24 441 439 431 803 459 543
100 496 204 5 567 391 529 420 26 8 645 34 23 12 111 33 219 938 943 1
2 967 246 628 65 143 907 215 147 513 945 3 53 941 291 56 668 296 17 832
827 65 792 494 50 752 261 141 912 855 659 635 174 48 128 760 4 371 692 8
123 117 9 559 895 931 323 391 189 362 770 306 653 2 130 663 627 589 552 24
24 256 402 53 446 183 94 9 664 240 4 769 65 55 152 198 316 115 647 394
18 3 234 352 355 175 278 108 915 58 376 129 617 19 590 9 813 340 3 512
343 985 693 519 539 811 4 339 947 770 81 23 753 693 12 123 607 756 973 380
385 88 907 215 411 136 10 495 187 509 345 541 832 270 78 2 950 3 3 52
729 2 212 9 219 915 351 752 3 128 719 635 353 574 30 994 408 371 350 125
159 748 346 280 169 91 96 96 810 412 77 558 97 280 636 92 70 919 323 735
845 600 44 444 820 237 530 582 625 277 290 34 146 429 75 10 842 464 154 118
721 202 138 27 126 533 358 804 489 110 260 675 703 85 20 90 262 815 9 865
0 222 9086 6586 1508 19072 1054 3945 8398 1025 24434 956 2059 6882 876 22291 384 9016 2323 23503
10434 6183 8439 14830 2357 825 474 1049 1983 5354 10869 3349 2826 795 9585 2710 12981 9597 4863 712
442 13786 8612 26549 7482 7486 15683 4905 16231 2727 2884 11632 10502 1722 459 18139 23864 9481 3022 4673
2588 9655 4823 20248 1034 145 17460 9597 16037 15816 1132 2462 13214 6489 4673 3711 1958 1606 708 5130
1645 263 10745 8879 9084 4627 2722 3462 6572 7125 15527 6921 338 2718 2329 1361 310 5810 11957 1036
85 12283 1920 2477 21137 3519 7437 3256 16590 13396 22949 6133 7400 22640 19031 9025 2990 14656 9397 13529
21478 4574 1649 2618 25669 73 4868 1555 362 1712 7613 17710 6266 10069 14321 35 1818 1227 54 4528
86 951 4439 23436 60 297 986 48 2079 2262 9496 26 11607 295 10435 6079 4608 19854 5544 15433
1706 12692 5824 79 15531 5528 12339 8117 439 120 7841 791 549 211 1855 624 2525 16870 19666 21
51 23799 5283 14547 672 1710 12524 5030 3373 6213 19162 61 573 10998 7576 1293 15711 4769 175 23638
11353 1314 21637 5907 1053 19016 4612 2261 24887 17489 19061 10174 1929 699 1695 11034 111 6524 8350 176
3433 1720 269 15322 26035 20314 5634 4156 4025 4180 19091 6647 14258 57 3892 15750 10964 6168 12778 442
591 7447 4128 932 7773 3579 1594 110 8059 4615 114 8693 1633 577 2651 4594 6664 2695 9196 5041
448 52 4782 5025 5974 3308 4206 3114 10147 1589 8802 2618 7476 553 9776 91 13526 3832 45 11014
6144 27825 12265 13924 9962 23933 47 6171 10318 17242 1790 684 14229 18143 238 2391 15210 14104 16049 7782
9249 2053 13046 2230 9407 3204 219 5626 4700 8948 4785 5616 11859 3509 1116 41 23778 56 60 630
16623 56 2348 109 3096 11734 5316 9120 68 2651 18639 16878 4169 9934 663 17516 5432 3913 6921 3137
4576 7651 4883 5172 4113 1397 1407 2745 22603 7521 1502 8394 2525 5611 8952 2364 1813 25357 6748 9737
8592 10260 591 5445 23852 3603 13720 6973 16818 3214 8467 923 1910 6238 1815 193 15547 11723 4018 2787
20905 4594 2093 616 3233 15400 3799 19980 7968 2348 6370 17398 13263 2297 425 1906 3192 9868 224 15484
