20
0 80 234 15 48 997 170 171 8 756 26 134 106 174 7 943 41 58 314 9
609 205 378 165 118 25 3 402 332 505 9 683 21 170 675 428 20 22 414 120
984 763 33 907 869 217 905 36 448 883 13 643 506 827 404 7 344 718 478 288
17 508 895 772 39 33 253 19 555 224 337 16 20 14 168 702 30 1 7 47
748 897 133 76 11 178 363 817 55 110 270 97 15 116 485 310 277 660 601 881
245 2 537 633 402 387 124 21 2 867 331 355 609 16 51 410 433 120 27 276
896 42 46 500 735 102 67 69 437 21 11 263 380 834 196 14 805 30 351 98
218 652 32 134 311 718 17 152 4 379 641 531 34 67 1 364 252 670 6 545
341 2 8 19 335 63 12 89 895 130 266 886 117 251 16 224 302 489 779 77
345 263 9 643 243 233 91 127 3 50 699 644 15 833 64 624 90 342 243 738
230 329 692 231 285 822 331 627 430 190 547 484 11 30 654 189 895 687 887 318
278 58 9 40 227 985 713 265 760 218 426 674 54 878 98 464 315 33 136 21
832 177 688 99 545 801 708 99 969 645 851 867 452 77 98 487 408 3 1 138
43 855 33 155 762 581 184 197 113 140 7 3 280 352 441 742 704 244 741 65
174 305 63 640 47 131 4 89 193 196 289 193 316 86 808 678 339 47 74 89
620 760 130 86 441 134 120 380 285 30 405 25 120 33 426 6 918 184 87 452
555 875 556 13 248 397 111 135 365 113 242 938 8 312 63 296 176 927 856 146
285 216 603 17 492 3 994 455 908 261 31 270 142 828 45 150 19 18 821 263
815 246 448 226 24 102 820 2 94 826 150 475 4 28 158 13 838 591 90 598
150 105 737 255 646 81 59 765 53 832 827 238 696 840 221 842 57 681 667 856
0 1271 4906 340 1244 18911 4935 2671 168 14693 443 1447 2312 4831 193 28033 738 1231 8665 193
16497 3570 10733 4293 3316 735 41 8387 7685 11538 90 8013 546 1996 17090 6651 567 628 5790 1369
11537 10939 981 11613 14463 5882 20551 573 8601 13669 188 8294 14742 21186 9555 90 3708 11291 5266 6056
240 12926 16578 19165 550 377 6304 271 15882 2255 6214 451 284 264 3255 18020 462 17 134 640
8318 23238 3459 1047 144 3523 4893 20597 1306 1649 6540 2356 344 3159 10542 4490 6775 9861 15780 24849
3458 32 10898 15033 9567 7148 1823 509 35 16133 4809 5047 9680 233 757 6146 5933 2113 646 7499
22209 711 752 6117 14289 1381 691 1243 9291 262 166 7617 6674 14250 3536 308 11282 592 6642 1523
4492 18258 485 2917 5507 16560 420 2545 56 3906 17089 10638 416 699 20 7061 7448 8990 99 7879
5995 40 137 398 8906 1528 160 1102 17261 2047 7138 25824 2441 2852 430 3758 5846 9461 9185 1383
6370 6698 232 8926 3667 5038 1967 3450 78 817 17302 10205 177 9704 1009 6424 2663 6665 4658 8556
3081 7276 14329 6851 2977 11219 4579 14633 12659 3122 7639 8746 176 500 8619 5107 25291 7928 9572 9519
6465 1413 130 1156 2976 17569 7190 3449 11985 6095 12345 11674 580 11030 2676 11687 6506 565 3403 398
21663 1841 19813 2060 9843 23040 10483 1962 24385 11317 21406 14861 10487 2240 2767 14396 7472 55 22 2846
1179 13244 449 4338 9076 12370 3912 4052 2988 3597 179 30 3883 10281 5322 15986 14834 4522 20705 678
4432 8315 1043 14612 714 1802 72 1677 5749 2852 3816 2300 7913 2156 10146 17605 4021 1002 1206 1225
17074 14117 1744 1721 7009 1545 3178 5810 4092 848 6329 321 2952 714 7266 143 9662 3615 2292 5234
9722 23557 11508 215 4819 10033 3238 4044 3945 2683 6240 14419 133 3388 1589 3766 2474 22206 9240 2768
3877 2632 14499 245 13779 60 27430 5464 16679 7658 568 4771 3117 23277 486 4329 516 288 15363 6097
19804 3903 8951 5308 693 1414 18313 43 1369 22015 3716 10004 112 741 2676 222 23179 10059 1971 8489
2684 2285 14716 5497 18308 1675 1094 17035 1549 9720 11704 6905 18137 19599 4132 16316 871 11823 19365 11894
