20
0 880 288 6 237 1 171 91 11 134 144 218 536 15 54 129 354 502 315 256
752 944 145 264 712 165 1 285 464 21 272 409 973 914 46 8 292 725 830 2
70 177 413 197 660 281 3 244 524 494 58 9 476 198 640 968 93 63 21 116
249 642 232 236 495 699 25 606 9 572 223 965 329 10 2 846 604 247 32 844
389 815 52 154 793 60 169 809 301 713 553 625 163 8 681 514 94 864 329 522
269 616 597 211 172 738 510 66 353 839 609 55 532 739 558 93 250 726 832 345
52 618 225 75 34 984 808 240 702 756 392 143 238 775 828 169 108 91 143 352
34 359 251 676 7 279 12 379 466 400 71 9 610 13 674 455 67 298 562 163
456 370 158 309 143 305 833 489 80 217 197 909 2 938 2 687 463 352 426 132
319 141 637 886 72 419 103 385 564 415 290 5 42 121 19 423 51 24 853 814
992 671 427 697 559 42 624 989 6 901 941 973 269 508 60 143 451 110 4 107
10 11 14 72 408 700 825 183 16 203 290 655 433 260 796 11 241 440 619 681
130 659 2 615 166 92 470 295 197 621 43 734 417 46 4 28 4 5 946 731
710 646 231 549 419 105 231 2 5 422 254 275 98 1000 468 64 601 631 84 78
687 178 77 161 85 536 337 182 427 104 61 369 707 337 39 54 292 138 558 911
286 12 21 3 90 577 759 308 305 10 175 403 742 47 273 699 564 95 283 56
123 51 100 296 556 636 16 69 628 826 174 97 906 35 578 591 157 97 86 177
319 905 863 155 865 658 473 33 296 849 4 561 38 543 459 924 570 154 13 236
149 363 34 56 856 155 759 1 319 22 927 897 7 214 150 38 19 226 817 299
2 7 7 649 937 966 867 200 873 9 554 32 345 257 31 575 70 234 245 723
0 13102 7409 158 5642 23 3698 2201 288 3574 2210 5314 9722 271 1614 1986 10536 8856 4645 5374
11457 12038 1924 3159 12710 4047 15 4632 5639 467 4567 11838 25218 20447 615 108 4690 13200 8466 33
1253 2714 7054 4022 17196 4657 73 3892 12860 10515 601 261 12854 2267 13252 22109 1761 1874 293 2075
5601 12556 4773 6713 10432 14341 580 14277 149 11783 6305 17503 8023 220 43 21366 8867 4558 678 16568
10744 19373 840 4020 22546 753 3475 13897 8442 19604 12821 15908 2032 153 10828 6687 2076 8855 6732 9498
7644 12375 6899 5122 1953 10456 7573 1626 6552 16562 6117 1037 5839 19845 7386 2401 5803 17173 13800 5772
1099 17322 5248 1203 470 19318 9806 4631 7428 8931 7889 1972 7131 10596 15557 3414 2645 2113 1440 5985
922 9037 6440 17639 206 5069 358 9689 12309 10378 1391 260 6328 144 18183 6525 1150 7369 7091 2724
7901 7566 4456 5797 3530 6883 15244 7525 877 5439 5355 11666 53 16904 22 15521 11207 4796 12612 2861
6561 4198 7638 18748 1595 9790 2468 5487 9580 4890 4261 56 818 2522 357 6508 999 328 21811 23319
26448 9600 6794 13664 15747 983 8240 19957 133 22466 24807 25447 4695 14652 638 3558 13530 3157 52 1240
270 292 384 1676 10430 18175 14486 4014 284 2283 5236 14298 8130 6623 12216 254 2615 12685 12165 10059
2523 19741 56 6902 4643 1780 6725 4704 2969 9174 1270 9141 7258 861 85 400 63 145 13281 19321
21146 17018 5379 7206 7004 1545 5083 37 102 6872 6308 8121 1936 26844 10727 804 6956 9737 1255 1970
10051 4476 2057 4794 1415 6766 7673 3515 12593 2422 695 5721 18322 9843 1096 702 3977 3706 13730 13919
4837 296 285 60 2635 9556 10516 5858 8939 140 3029 9782 14592 1020 7767 7430 10645 994 8123 766
1479 804 1985 7921 9181 10430 289 920 8249 17778 2556 1675 25947 712 14838 11896 4401 1368 1260 5059
7959 16255 21692 3858 17065 14240 6657 522 7517 10764 114 12275 1021 6350 6446 25848 14901 3604 217 6522
1549 10093 613 1236 10283 4102 21702 30 6359 546 10478 25162 122 5556 1930 992 350 3981 9363 6734
60 187 208 16748 26084 10599 16238 2380 18168 257 9565 829 9579 4753 370 15851 1377 4506 4301 8971
