20
0 397 1 227 130 24 26 696 221 87 45 88 403 952 7 949 523 11 202 638
172 516 3 296 787 148 152 19 134 29 24 677 36 9 254 293 742 8 14 562
24 786 707 930 49 359 3 115 24 933 16 504 14 397 11 771 613 816 299 149
507 215 25 546 231 224 336 95 40 63 164 637 151 49 899 25 313 134 619 320
7 874 111 93 585 61 694 108 25 450 47 22 552 119 56 332 53 14 791 71
446 14 819 97 388 222 43 983 241 81 699 554 437 197 4 195 109 943 896 138
206 79 81 280 238 26 257 281 248 94 481 12 248 2 1 9 274 181 612 514
603 2 231 892 906 952 739 164 327 286 11 519 31 73 479 151 57 172 835 928
3 33 2 761 634 804 306 217 681 199 45 838 628 143 103 144 1 510 547 858
521 665 884 781 120 351 861 9 217 207 854 478 38 962 628 187 3 135 742 6
342 134 196 50 357 2 659 985 12 317 137 35 60 806 793 153 60 994 960 89
48 41 527 104 158 402 386 776 833 416 289 57 12 261 923 834 356 704 255 42
46 840 64 751 144 922 377 942 61 11 307 37 145 55 972 941 55 448 551 327
824 9 389 11 341 936 4 71 318 207 20 24 53 947 618 970 4 312 780 523
18 311 666 397 586 824 23 414 206 26 425 545 413 3 631 423 96 210 77 67
782 917 72 335 915 2 944 726 697 445 120 215 654 943 904 37 201 17 725 4
138 646 719 100 806 121 630 446 609 393 211 563 274 5 708 277 903 682 3 261
243 2 839 458 29 868 29 252 37 11 69 535 532 454 47 413 915 1 481 368
126 359 257 600 430 2 438 96 341 26 330 792 991 12 833 619 254 978 12 88
157 147 1000 833 114 685 7 123 61 415 84 807 345 36 64 960 930 441 436 138
0 9143 30 5082 1397 291 759 13649 3577 1740 1034 1323 5328 10731 93 19193 10977 239 3606 6492
4277 13158 46 5492 16790 3577 4161 329 3534 710 544 20281 1029 205 4111 3286 19421 210 330 11176
684 23553 16927 20231 758 8102 83 2572 384 14475 416 13239 188 4050 318 20093 10008 18932 6030 1905
6456 2542 622 13635 4702 3109 8031 2336 665 1676 3941 6682 1633 1367 19036 305 7484 3936 11712 7392
80 10749 2279 2333 16742 1321 16533 2432 481 8626 877 292 13674 2488 826 5151 895 205 20978 1312
4850 248 17073 1622 5806 4806 1192 17556 2889 2031 9762 16507 11926 3689 59 2184 2216 10393 13379 1776
5538 1872 2092 4213 6935 570 5416 6683 4258 2125 11364 328 5397 46 28 197 5896 4616 15527 6506
10927 46 6733 16390 12141 20612 11213 3506 4766 4718 203 8837 480 1733 11044 4405 629 1756 15911 15091
89 618 28 12276 10343 19679 6805 3334 15439 3732 676 24442 12435 1861 3011 1636 14 14808 14248 12889
12986 12705 20488 15598 2418 9462 13224 154 6469 2394 25473 13646 1001 19770 14740 4100 89 2102 14524 109
9345 3589 4875 920 8486 41 9510 18682 218 6310 3887 522 1199 19448 11771 3747 1475 15782 19001 1526
1070 803 14770 1528 1854 5839 6535 21451 18548 10855 6409 1020 312 5122 20801 15396 10135 7942 6319 1079
849 17241 1025 14497 1897 10425 8717 14626 1315 124 9134 900 2680 995 9805 27866 1602 12769 13906 5952
12779 133 9868 191 7457 12410 111 1134 4924 2896 305 457 1062 12063 6696 27327 55 3991 13380 13297
246 9146 13649 5329 16212 12108 637 6895 2724 742 8437 14130 4273 80 12875 10560 2750 5779 1357 1735
9028 23759 1859 7790 19325 51 20128 15541 18191 5767 3214 2486 13339 21535 24604 574 3898 386 20977 113
1698 14999 15703 1524 10495 2643 7274 10975 9417 9768 5995 11451 7928 117 10816 4875 15177 17264 59 5013
2870 56 17125 8856 401 17982 378 2954 392 299 690 11280 8675 5052 808 5955 10542 29 13506 8610
3211 6390 3262 17259 8934 44 8186 2170 4040 450 4582 16135 14475 320 23591 10481 5901 26439 148 2429
2826 4021 22942 13633 1198 16155 187 3525 1142 7059 1266 16476 6020 715 1593 22822 10150 9700 8082 2779
