20
0 10 433 875 982 65 361 437 2 123 783 13 834 35 399 8 4 247 895 205
116 80 1 234 779 256 74 34 316 820 19 70 327 378 1 326 882 180 176 550
773 10 603 21 718 160 3 118 356 785 34 18 227 304 56 991 777 288 99 782
303 22 733 970 842 217 109 953 257 794 324 16 50 868 391 57 527 571 4 881
921 798 397 108 40 446 34 303 107 338 425 218 17 30 545 52 423 672 247 705
232 188 180 134 52 1 206 15 760 20 85 825 80 281 858 589 4 520 885 342
307 178 337 600 938 110 605 900 478 487 69 352 152 188 100 443 363 6 684 980
803 451 146 464 158 65 810 140 618 625 117 264 310 592 7 488 7 130 156 19
382 184 83 25 35 3 819 105 246 14 285 256 62 76 149 706 4 371 788 14
675 169 127 850 43 924 203 179 139 526 613 332 849 513 474 647 501 872 373 540
152 704 475 442 932 299 3 621 348 411 164 9 74 295 80 189 935 829 967 189
78 76 67 90 4 531 307 143 636 878 29 15 554 494 128 108 707 13 613 298
675 31 68 569 1 134 55 75 118 73 23 164 42 167 150 183 1 399 12 63
21 673 431 68 314 222 640 348 186 160 818 795 66 716 14 612 477 70 7 304
194 807 500 23 94 254 588 993 437 599 105 114 351 468 877 11 482 439 778 243
981 27 136 21 80 11 7 3 482 294 992 445 912 935 566 923 43 471 325 3
500 639 843 991 18 37 2 654 243 6 231 641 254 11 15 468 374 341 668 912
489 427 716 51 170 452 16 812 593 621 74 259 908 139 503 104 998 15 203 4
177 75 478 977 51 5 274 55 260 780 227 62 486 21 155 479 245 73 36 125
815 255 549 695 7 247 442 999 440 4 596 572 375 178 39 60 52 305 127 702
0 217 5519 9145 28496 1245 6401 10946 50 1890 19719 166 10171 771 4140 212 105 7201 12006 4790
1411 2031 26 6523 19039 6318 1414 397 4086 12275 555 1598 5847 7341 27 8947 11200 2025 2427 11738
11808 222 17936 550 14583 2951 72 2761 6160 14755 967 427 5743 3490 1088 21379 13103 7643 2541 16749
8899 614 20630 25949 15068 3064 3012 22418 3252 14062 9506 196 957 10400 8949 1406 11110 8536 80 25806
19472 15416 11905 3184 906 6213 686 6140 1327 4247 5394 3724 445 629 10821 1025 5324 16491 7058 13206
3612 3450 4319 1834 781 18 4590 313 8208 229 1693 11976 1472 2995 11229 7378 103 12333 10091 3983
7442 3740 8868 6726 24736 2433 14479 13908 13581 11521 1884 7272 3707 2237 1707 6837 7985 140 20277 16112
11269 13372 1738 13618 3802 1354 16717 3479 9978 11704 3462 5882 5033 7683 100 8107 137 3469 2094 323
10044 4727 1415 343 478 47 21192 1974 4536 249 4904 4367 1655 1048 2291 13508 58 6029 11683 333
20222 3534 2026 19443 478 17396 4718 1819 1897 10225 17414 5617 15517 10375 7216 12330 6620 11027 10956 13848
2797 15418 12835 11962 11245 7591 59 6807 6949 10517 4324 211 1272 5552 1738 5063 14496 24256 11629 2961
2251 2191 1221 1691 80 5859 8644 3188 18980 15234 663 422 7060 7746 2755 2113 13032 154 6625 7207
12869 614 1463 9543 27 1981 1367 1957 2328 1213 439 4707 1197 2463 2985 2128 16 4513 339 928
560 17246 7123 1441 6228 3960 9976 7400 4901 3960 14254 13741 1648 11149 199 14316 12869 882 110 4067
3662 22516 10692 416 2754 5969 6817 18694 7708 10278 1592 2233 4849 6054 15275 207 11156 12476 11330 5227
19788 388 1371 601 1824 286 119 52 10970 7578 25951 5012 12677 12517 9370 24680 1231 12453 6373 84
5620 11506 23254 20947 398 397 46 11748 2816 85 3195 16845 5323 206 176 9587 5651 6454 9342 11324
12302 9412 16855 1394 1883 11878 204 23132 17664 12204 1815 6115 10007 1983 9794 2570 21191 432 5962 105
4138 1658 11915 21879 1161 148 6349 1482 6918 9014 4701 1304 11347 315 2007 13595 2457 988 698 3693
18876 6408 15426 10261 141 5628 10026 14705 8394 50 12424 6748 10299 3165 923 1746 781 7849 1998 15273
