20
0 102 625 266 340 563 850 175 32 10 119 70 252 123 34 425 17 665 752 15
734 903 5 462 763 9 3 265 907 819 30 238 193 327 519 24 687 922 46 998
915 290 61 50 527 79 187 90 80 689 94 408 335 1 126 172 277 642 712 342
223 741 1 51 149 336 194 870 77 208 695 943 22 926 409 764 538 93 202 65
31 885 551 104 3 63 374 241 11 557 750 597 55 941 456 90 216 419 168 658
760 514 289 799 400 52 714 831 76 741 18 494 13 826 112 640 382 727 472 98
69 187 35 578 449 35 145 199 341 361 656 338 74 217 251 115 101 322 239 41
110 314 418 257 243 453 18 30 59 3 379 722 55 1 14 85 357 273 907 88
24 5 730 273 150 130 114 104 47 576 87 641 65 6 686 410 763 956 304 64
728 208 674 283 76 104 6 192 106 255 730 26 114 808 63 743 533 64 186 307
40 964 64 84 202 300 763 781 274 74 123 6 268 167 126 219 148 4 72 168
27 41 263 944 69 861 337 3 16 583 952 431 968 58 847 21 3 561 21 120
333 289 204 42 870 216 219 194 247 7 678 582 90 630 311 689 794 445 67 437
976 201 298 517 601 24 87 417 59 347 344 4 199 94 918 94 583 5 40 257
809 163 229 123 184 666 787 348 48 845 160 312 23 757 488 7 298 365 91 322
610 400 449 103 818 268 63 605 397 233 164 593 480 76 50 68 595 25 85 176
758 183 703 382 956 287 140 785 398 371 230 65 189 254 49 15 77 156 121 458
596 75 141 889 12 912 409 272 33 28 11 647 928 9 80 74 2 767 2 128
573 353 417 54 287 709 801 43 610 121 123 803 372 117 521 839 11 389 184 177
15 969 652 634 972 660 570 160 129 60 983 54 94 159 104 33 7 789 533 142
0 1049 17193 6196 6863 10556 22149 4483 400 161 3478 746 5868 2005 957 4820 485 8459 10918 447
15592 11109 131 6544 19178 163 73 3420 14733 9030 511 3834 4798 4579 6481 456 7993 14924 1269 29842
15012 5057 1815 921 11659 2186 2778 948 913 8579 1799 10861 7968 24 3533 4289 6419 12600 7911 9442
2950 18883 16 1031 3527 4832 3636 17901 1622 2972 18227 14763 407 12846 8329 16177 5722 2502 3824 1922
530 15443 13407 1283 77 1627 5926 5991 312 16065 20578 12228 1045 18346 4586 2661 3749 10462 1995 11894
20768 5983 5187 8028 9284 557 9879 12649 1776 8034 293 6681 388 11276 1837 7192 7797 8058 11674 1047
798 2337 808 8691 7350 731 1978 4458 5910 4196 8788 3673 1102 4724 4655 2702 1207 4379 6989 982
2317 9417 4276 6666 7025 10785 199 375 1011 48 11058 20082 1070 11 385 2060 5573 3333 21840 928
556 129 9303 6629 4275 2800 3033 1388 487 15891 2154 6930 959 101 7308 12123 12219 27416 3207 1044
18826 3566 17243 8442 772 2125 108 2068 1561 4195 11979 383 1727 13203 1761 16985 5552 1844 2524 8417
901 19193 664 1947 3964 3568 10686 16101 6018 2007 3480 62 5470 4769 2905 5845 3091 104 1550 2080
277 868 6256 9994 1612 13643 3922 43 342 15442 12961 7698 13531 659 19483 508 88 13654 464 1331
3457 5198 4891 520 18953 4774 2413 2581 3587 108 6824 10043 927 11472 4954 7567 11827 7728 1492 8914
18045 5994 8217 11813 8119 425 1819 5322 829 3992 4902 60 2453 1491 17410 2779 11228 107 796 3657
22409 3373 2474 2616 4077 15167 21686 5882 556 15292 4583 5674 683 8919 12452 197 3157 5419 2181 5744
10423 8390 12006 1374 15312 7759 1648 17540 4605 3863 3830 13815 6287 1662 607 2029 10856 439 1819 2977
20907 3940 19969 6346 19123 6581 1548 22897 7871 7521 3532 1451 3450 7019 1057 377 1179 1942 1484 10591
6498 1065 3085 19765 123 16696 6715 5556 952 335 236 9129 17871 120 2067 1343 27 11632 39 3034
8165 8481 8782 1130 2918 19335 22280 737 15588 1447 2938 21636 5658 1880 9852 24853 253 10543 3497 5196
201 25551 19145 12273 14081 17058 6201 2733 1415 755 19571 1134 2385 4032 2810 418 75 15433 14365 3709
