20
0 872 20 100 217 19 303 708 55 500 934 295 20 440 528 656 104 228 67 169
508 914 46 43 17 8 793 271 719 460 701 208 68 203 187 652 592 420 962 15
48 680 537 492 68 320 476 255 487 551 214 9 194 106 373 550 377 857 558 125
33 629 177 1 201 90 109 2 486 601 286 858 38 18 720 74 717 252 897 654
786 385 7 185 63 780 870 72 622 83 794 151 945 620 270 721 111 653 183 885
497 361 275 6 53 65 257 649 173 44 824 548 365 37 577 132 16 95 494 2
12 106 39 753 868 391 118 102 147 241 327 538 141 39 232 22 487 788 250 778
151 436 443 211 542 678 4 99 166 367 249 404 539 368 27 752 330 447 111 62
220 16 81 782 54 373 718 175 124 693 102 68 14 3 832 27 318 112 764 848
227 201 792 99 143 748 278 32 113 14 403 427 97 26 216 8 855 417 58 736
394 953 1 839 577 91 716 143 286 103 231 711 781 223 10 975 3 90 804 67
127 993 64 5 102 220 2 70 388 786 713 580 5 440 972 953 341 405 244 210
851 996 188 226 873 233 402 41 370 71 2 547 14 387 38 360 235 167 671 31
963 123 562 522 688 271 25 887 54 312 181 44 43 600 287 217 328 272 133 375
809 721 431 322 65 970 4 101 610 95 631 761 421 820 96 757 685 6 159 448
968 626 411 1 687 802 174 42 289 857 4 387 144 440 123 303 741 518 290 392
302 960 324 684 135 120 528 341 31 112 871 679 435 296 10 34 45 201 573 295
55 55 52 544 18 817 113 858 150 123 934 204 61 814 285 2 462 898 232 3
715 18 338 759 357 5 779 785 649 9 220 23 518 575 44 555 326 29 50 17
241 351 12 458 43 369 60 203 67 108 2 32 243 692 10 70 120 277 786 210
0 21971 380 2368 5874 428 4348 18740 631 6498 22839 7189 444 11815 9187 10285 1205 4026 1522 4468
9378 21066 800 745 303 154 18909 7870 10965 4834 20121 5207 1273 5473 2299 10710 9866 9715 12309 379
1072 19398 13299 7310 1849 4404 4760 5206 10529 7459 4124 248 3563 1097 8787 13792 10924 17925 7310 3313
403 18290 4087 13 4520 980 1969 40 10331 12117 5027 23599 568 456 7403 1317 15831 4715 14311 18244
17232 10747 120 2589 1734 10041 18306 2011 11523 2450 19103 2521 14282 10719 5923 18107 2044 8236 4130 18049
11297 3760 4554 161 1004 1625 2650 13861 2931 1204 23746 12555 4830 515 8748 3560 437 1005 5837 38
333 2264 755 13823 21955 10833 2238 1340 2263 3785 4423 8257 3990 708 4534 439 10915 18877 3740 20275
2554 11666 4923 2528 10768 12278 102 1738 4948 9063 7086 9574 8707 9347 746 13880 4736 8026 2567 1239
3492 244 1935 8944 1124 4129 10000 4328 3116 18162 1209 1846 408 79 10966 699 7975 3281 11756 23700
5338 2383 8621 2178 2663 19112 7206 933 1186 244 5202 11116 2585 475 2658 151 12960 10885 706 21956
4231 26796 12 15027 11708 1089 9169 4154 7563 2235 6662 18787 14316 4289 131 25051 33 1166 22458 874
1469 9996 1094 72 1072 4000 60 1049 8125 11918 11504 15056 75 10542 22591 18611 8510 6264 3800 6110
12038 24937 4862 3739 13039 5187 8948 627 4083 782 50 8905 216 10802 978 10256 4607 4767 15522 777
23875 3178 16120 10622 13175 4264 586 17397 1328 5101 1878 699 433 17686 5841 5260 4981 2984 2310 6711
22560 10362 6556 3895 873 20577 85 1462 14533 2665 8784 15630 11228 16470 1532 14988 18148 124 2780 11597
25298 13624 8119 18 15743 20575 4444 1224 4282 23230 45 4264 2393 10327 3069 6409 21799 8696 6155 10062
4885 18966 7064 16088 3213 3489 5495 6203 381 2668 10711 15412 8312 4899 250 571 679 4320 14182 4561
1261 1643 1363 11550 286 17921 3358 20527 3861 3498 20978 4967 1346 9746 6750 58 9398 21247 2390 58
19095 497 7123 17002 5388 64 12159 12597 14895 118 3016 673 11770 8031 698 12555 4050 332 1017 454
2601 9515 320 12976 1059 9331 1684 4913 1380 1166 33 329 4268 17227 104 757 1674 8136 15882 2309
