20
0 2 390 35 635 52 19 66 81 146 830 23 104 11 99 27 56 668 9 594
627 730 86 53 23 33 63 2 462 71 871 80 145 578 132 781 40 201 454 500
558 45 681 292 694 697 297 491 452 164 962 683 407 5 404 6 385 443 13 91
48 334 24 51 9 280 648 4 413 815 383 109 13 869 942 463 965 417 9 2
263 369 85 43 37 133 678 24 983 933 283 222 61 12 20 283 285 461 347 104
28 22 474 406 2 290 22 675 704 12 15 48 12 190 921 37 287 518 699 920
136 587 182 190 80 189 555 26 475 1 301 5 400 458 938 4 506 632 31 5
19 565 942 29 504 343 606 731 26 581 982 10 371 44 94 23 584 69 87 858
11 549 162 485 85 173 136 126 24 971 993 20 378 164 2 40 251 83 196 137
168 149 4 62 202 259 114 2 591 466 597 62 4 161 74 515 853 581 15 6
180 254 602 68 978 72 167 573 223 87 390 565 2 578 122 405 204 236 476 879
402 280 526 64 80 764 172 594 267 806 16 243 253 831 827 93 350 134 387 784
34 864 1 613 169 567 407 558 77 102 168 263 192 7 480 19 723 33 12 2
967 908 77 48 755 860 904 18 170 589 30 147 62 4 756 404 548 30 69 61
165 519 443 639 189 170 7 747 37 275 731 312 76 2 97 8 84 26 451 605
142 574 242 59 211 112 16 897 291 813 763 983 730 336 604 390 2 187 318 72
290 156 7 815 76 414 913 647 108 624 35 825 24 662 452 185 499 13 442 575
115 173 22 111 20 405 64 239 353 161 236 447 262 499 5 59 751 727 11 827
682 811 74 690 262 910 370 485 105 504 964 289 277 201 460 840 106 363 842 37
832 420 514 851 276 705 81 75 547 27 767 126 922 776 525 580 87 16 165 308
0 31 10316 413 12095 1031 196 1749 1148 4331 13764 447 2254 239 1961 789 1162 13542 140 10702
8626 21388 1862 1550 485 559 971 45 11771 772 10834 2241 2840 6414 1495 11090 1069 5229 6682 13845
16611 499 18561 5916 20016 9244 4015 13663 6846 3623 21054 9437 10231 119 6428 137 10265 8417 133 2215
1252 6922 627 1169 145 7821 8143 41 10309 21910 8364 2674 180 15779 15450 11485 26741 4183 197 50
3670 4882 2260 555 1099 3882 19044 617 14967 21735 8253 4949 1501 348 568 6283 3587 7953 4138 2702
655 293 12557 7913 31 3774 496 19084 20190 289 268 786 140 4988 21116 630 8295 15172 13239 10438
3283 6332 2486 2759 1448 4411 7422 759 12048 15 7022 105 11521 11467 25542 118 11718 11781 415 63
454 15032 19680 369 7818 8885 15914 8625 596 14908 22323 237 9573 909 1396 402 13828 1088 2161 14512
243 7309 3160 7338 2471 4547 2088 1744 504 21205 27637 397 5669 2128 56 992 2825 903 4833 3625
3226 3114 84 675 3850 7674 2552 38 11035 9526 8210 756 70 2035 855 15309 8815 15223 306 150
3470 7596 16425 1109 28859 1975 2264 15263 4141 2501 7847 5808 26 6013 3230 5368 5593 5249 10550 13866
5058 5464 10097 907 1706 8987 2255 11044 2695 17519 213 6877 4177 22185 8921 971 7283 2323 8035 9717
761 12765 23 18039 4566 14523 5915 5831 1111 1971 4847 4125 2058 111 8738 519 11744 736 260 52
10340 11831 1239 795 15246 22915 10379 515 4900 14105 569 3984 1715 99 14816 7115 8399 327 730 1318
2178 15387 8270 8064 4258 4422 85 18373 577 6983 18241 5754 1601 46 1401 181 1372 525 10517 13801
2041 11438 7209 1582 3734 2586 248 24282 5670 23699 11296 24764 11446 5771 17549 10821 38 4694 8955 2112
6309 3242 132 10224 2107 6905 24009 9316 2786 16146 617 22862 442 11718 9519 4126 6264 145 10966 11552
2391 5040 359 2485 340 7310 1134 2492 10251 2712 5070 5225 4767 14901 77 794 10563 9897 195 21699
11846 14235 1577 13754 5020 18091 10280 12142 2994 12066 14550 5780 4988 3907 4907 10772 3092 9524 16627 804
22162 6591 14998 13898 7784 18427 961 1817 5865 521 15626 1915 18228 9513 10044 12662 1853 161 3469 5788
