20
0 11 528 252 671 711 650 295 79 435 494 374 667 399 111 16 421 222 265 38
615 765 138 430 376 150 330 4 494 76 42 561 957 532 6 856 70 947 9 283
31 997 463 560 524 232 187 783 871 794 72 152 16 245 804 310 576 86 473 126
2 736 440 454 539 391 363 953 73 400 11 16 32 697 95 70 192 625 174 9
111 463 55 875 292 943 330 139 962 984 1 602 742 12 685 141 348 353 324 7
532 37 768 395 882 257 229 425 607 14 656 340 98 594 163 904 188 66 846 119
465 481 167 100 41 53 23 84 947 173 219 24 89 66 303 485 9 350 47 3
23 19 1 204 140 200 22 61 15 187 27 629 197 74 587 321 50 527 929 8
7 601 34 848 83 7 587 75 353 511 496 866 860 825 979 785 696 9 325 16
56 184 652 245 471 11 953 530 37 2 314 41 24 282 122 94 15 2 801 485
50 339 262 10 309 39 9 561 1 824 66 78 34 551 466 385 391 449 384 681
153 538 712 4 3 595 444 9 506 577 636 742 894 864 384 471 176 76 287 23
440 42 31 770 44 36 20 84 987 785 864 85 136 989 587 190 19 92 153 102
32 642 871 311 889 3 181 19 792 136 411 229 871 599 769 490 659 823 30 330
59 38 959 426 35 181 487 24 290 466 524 100 21 317 11 255 2 10 286 540
379 73 332 743 391 9 367 229 203 704 538 127 60 748 866 269 796 27 345 70
62 88 214 126 34 442 376 327 149 444 823 294 427 950 15 17 721 5 200 150
539 251 157 99 24 430 704 457 1 431 446 114 785 172 36 700 39 122 202 315
612 336 702 34 262 141 510 195 58 957 984 717 399 425 254 249 13 510 900 108
40 88 236 728 22 501 323 158 37 339 362 29 722 982 184 402 183 860 607 31
0 170 10462 3753 7613 16690 11285 4101 1319 10649 12391 3760 16032 8874 2264 346 6073 6296 3288 568
11861 21361 3104 11379 8991 2118 6758 43 14036 1867 614 13291 10487 9714 143 19910 1801 19416 178 7106
450 19378 11857 14805 7332 3165 2022 12432 25428 13357 866 3533 225 3364 10690 7676 9134 2330 6423 3254
28 11840 11254 7970 11689 7854 9008 10999 1473 7956 307 245 559 19572 1172 2096 3716 10492 4105 103
2089 7397 993 10890 5290 16363 4646 3092 26986 23248 11 17622 17176 239 6913 2001 7308 7131 6518 189
8912 749 16903 9556 14655 7599 5910 12585 13696 331 9317 3761 2939 9680 3463 16890 4321 1948 13259 3121
8494 5659 3025 1501 418 1241 347 1892 20348 4246 3834 351 1776 1940 5479 13802 259 5063 759 39
647 408 25 4350 3140 6000 458 1813 343 2193 507 6301 5437 1272 16515 6842 1266 14102 15205 104
114 15665 810 19429 2267 202 14401 1806 5964 13666 14262 12547 11853 13706 15673 10106 19631 174 3931 226
1392 4837 8941 3167 8427 243 16336 12330 406 35 7106 1229 440 5834 2878 1084 416 42 8811 5374
1461 7447 7792 216 5378 687 140 14239 23 9951 716 1342 499 14557 11827 6047 4709 10562 7330 9968
2960 6043 12349 42 32 15214 12579 197 11785 14212 11306 12282 26310 14988 11114 6073 4624 1137 6717 417
6243 731 772 21490 989 1022 305 1275 16129 11125 21946 1516 3408 12978 17303 4338 559 1062 3525 1671
798 10605 16359 5058 9803 78 1872 237 21350 3685 8933 2615 16698 7107 16724 7703 17600 18902 828 5369
1185 697 13675 4714 590 4881 11396 343 7354 8420 7107 2444 416 5727 129 5459 54 142 6479 15565
9186 1002 6320 13848 11643 205 9179 6286 2051 11777 15412 2677 1456 9088 23429 3202 10553 775 3805 1627
1388 2092 2847 2596 785 10284 9211 5315 2033 7768 17073 8184 9376 13870 334 375 20182 142 3994 2818
6675 3113 3932 1830 619 7873 11720 13616 11 10251 12403 2307 19212 2344 1002 11773 665 3439 3285 8218
16248 6179 16566 911 5645 2129 5966 4209 993 10014 29391 13514 10376 11829 7401 4301 366 10256 19797 1586
947 2440 3366 16678 605 9263 5696 3568 527 5519 5574 775 13804 19793 4902 5244 1980 19369 12902 438
