20
0 728 115 319 6 707 568 312 44 589 995 406 332 209 27 871 3 65 814 27
917 459 453 11 449 28 42 764 536 85 286 123 27 566 473 744 8 350 327 301
235 940 180 14 125 570 61 192 647 47 803 199 254 674 76 643 100 10 123 307
990 38 633 385 9 285 262 369 70 286 911 824 485 140 38 297 581 542 678 93
46 615 131 111 559 339 163 6 253 586 63 47 35 651 301 277 8 469 84 441
9 634 9 2 95 205 236 704 563 28 219 40 685 150 234 196 124 791 92 17
216 447 5 317 905 24 4 962 683 656 931 76 132 119 12 764 64 529 527 7
285 206 99 467 942 67 37 848 643 120 681 96 724 443 457 90 138 78 478 151
413 268 9 462 5 42 602 385 788 958 808 223 674 608 467 57 85 98 18 674
564 322 947 7 327 462 835 944 597 286 446 410 26 121 125 840 233 19 185 46
780 850 478 86 142 804 647 461 837 1 244 55 662 472 144 946 680 346 432 789
420 819 924 239 77 294 284 348 16 5 304 719 776 135 463 512 379 162 62 76
504 466 123 903 83 533 167 322 292 387 256 4 131 8 538 321 484 353 365 531
57 132 26 598 481 87 112 840 763 887 192 486 46 102 405 77 269 4 15 893
73 634 316 305 64 160 702 620 329 692 607 824 347 329 548 21 32 16 196 110
52 216 166 288 215 731 427 309 508 726 717 144 527 667 255 511 453 5 5 55
22 107 856 29 375 848 469 310 390 375 285 14 23 415 24 8 888 747 67 427
46 227 968 517 789 460 729 252 53 2 66 248 438 781 262 878 932 23 625 35
29 820 162 462 226 119 560 754 249 752 280 421 163 3 725 8 4 57 302 160
427 678 87 76 27 384 136 3 372 383 24 84 365 133 335 352 15 59 946 15
0 7520 2216 8218 151 13726 10038 5192 1263 16331 25019 11340 9074 3478 452 19504 49 1134 19526 446
21064 12202 10417 289 8572 383 871 8294 12050 2233 4030 3685 332 7655 11624 21874 94 7894 4722 4779
6506 13361 5309 261 3685 16947 1452 3862 15069 803 15817 2498 5565 13425 2224 11054 1069 161 1755 3794
25281 577 16281 4822 99 2870 5627 5830 2045 5221 25036 22467 14107 2692 1104 8319 5812 15385 12178 2096
911 16042 1367 2626 10656 3406 2645 114 4971 12100 630 1050 890 18827 3331 5385 172 7041 2110 6071
196 8775 149 32 2392 2295 4458 14365 8781 766 2341 1097 7674 3277 4993 5590 3260 10575 2655 280
4395 10820 130 8088 27096 534 63 22674 14669 13176 24900 2039 2885 3342 225 15682 1028 11959 14253 196
6632 5396 1078 6377 11517 1133 945 10805 15495 2364 10781 2747 21416 9084 5608 2016 2633 1244 13662 4414
4807 6558 104 11692 132 1108 10687 5980 15538 18210 12466 5300 8846 15132 6706 1424 2240 1750 500 7966
11134 4977 17250 75 5567 7961 12420 14396 7031 3155 7690 10245 559 2505 3447 15670 5235 449 2699 620
21542 12558 7749 1281 4139 13974 8124 13365 10419 21 6827 1229 17930 12734 2855 12354 17608 7909 5639 15131
4464 21626 21139 5340 2142 4326 4865 6644 447 142 8284 17781 23186 2192 5321 15333 4514 2676 1429 1801
10483 11625 2575 19399 1057 9271 3486 3765 4118 8282 5821 106 2121 240 15220 8408 7853 5798 6252 12186
759 3256 582 14255 12472 2520 1482 9565 15734 12667 4722 5575 665 1669 7689 772 6164 64 187 20339
1950 8429 8241 3088 1079 4019 18728 15854 4827 13214 14071 10571 5650 6056 7514 571 523 380 3856 2951
1371 3161 4359 3115 2831 17599 5298 7602 13631 18219 19108 1466 11986 16804 2742 6038 6062 68 72 762
317 1418 16397 605 8926 16604 12603 6462 7931 10640 8421 263 340 11233 533 212 9572 16718 1133 7925
1308 2557 23081 12582 9848 5161 14408 7212 1473 37 723 3676 6827 9158 4465 10918 11738 585 8557 948
537 16727 2421 8913 3175 2519 10466 8446 4018 12530 7224 12119 4460 46 17438 157 105 1695 3601 2516
7644 18217 1643 1411 447 9245 2318 89 6872 10819 697 2343 4891 2608 8578 7300 175 1702 18992 409
