20
0 925 879 305 126 901 420 604 36 876 42 314 166 192 289 51 23 686 908 270
139 96 10 49 905 183 904 31 964 29 525 11 917 864 208 492 256 178 237 619
686 2 21 902 461 921 77 7 823 448 107 892 651 604 361 357 11 290 164 441
118 15 981 3 30 207 112 634 104 177 457 73 708 300 10 116 635 927 83 65
340 234 533 121 393 172 1 659 94 109 238 611 609 477 206 831 6 817 356 124
30 521 106 186 8 349 52 450 124 562 281 919 139 227 267 470 914 812 102 398
408 11 82 331 121 7 580 218 32 797 456 407 297 146 65 259 693 137 14 900
130 152 49 685 321 160 97 173 89 326 480 24 309 316 801 283 9 973 241 447
122 790 337 29 343 22 341 841 442 106 339 34 686 20 880 4 109 324 885 8
309 378 230 669 512 152 463 846 146 1 594 115 376 388 722 456 939 999 760 17
458 21 19 683 332 340 60 356 579 165 271 878 15 549 754 464 615 2 56 559
988 518 47 661 526 634 600 214 212 9 612 452 109 287 311 874 217 474 824 296
815 664 269 8 37 51 79 4 138 868 283 997 93 288 333 180 344 77 546 57
86 102 573 325 116 74 816 559 214 23 417 4 42 242 430 350 13 135 845 202
659 119 528 90 300 510 721 451 62 196 615 13 255 465 4 128 675 23 416 152
779 916 912 50 883 337 311 56 44 110 356 21 86 167 193 24 45 138 638 259
532 839 2 8 525 322 123 225 76 183 22 784 267 848 768 573 197 847 286 294
457 48 733 122 623 50 530 986 565 47 966 30 372 972 203 319 317 57 766 66
439 8 444 220 440 153 49 530 510 542 737 483 39 4 177 220 520 713 698 119
25 8 213 37 399 498 513 612 571 243 337 104 446 333 347 80 999 843 8 230
0 9644 24897 6328 2085 15783 8394 11933 828 18283 533 7538 4485 5318 3559 737 386 11376 14177 6105
3592 1747 183 1057 20777 2833 11523 322 18397 534 6183 150 19621 18552 5053 12151 4411 2816 4813 13785
12008 48 374 15701 8324 13866 2173 181 15980 10980 2910 25686 14949 9386 8823 3823 199 4345 4147 12983
2150 261 21006 63 401 3524 2191 14670 2814 1931 8760 1248 14523 7865 128 1311 15906 27714 2249 1474
5404 5312 9959 2165 6086 2924 22 8212 1536 2859 5030 6947 12668 5470 5077 16128 157 15366 9044 1377
826 13676 1384 4819 81 3608 536 7112 3220 10555 7677 18295 3375 4316 7298 6509 19135 19198 1205 5229
7459 247 866 8425 1344 184 13191 3397 454 21399 11638 8022 7960 4135 882 3811 20410 3754 407 19344
1903 3073 677 10604 6333 3542 1055 2742 2471 8669 12560 344 6570 6069 15414 5197 267 20720 3926 10886
2005 16492 8986 673 6692 306 5144 24167 9508 1855 9550 1014 7700 330 20013 112 2900 7729 12002 150
3143 8555 5559 19796 10613 3711 13338 22886 4231 14 6733 3441 9559 4785 9739 10922 22889 23238 14492 212
11492 469 392 7953 4752 6249 1128 6419 10064 3724 3084 14406 253 12802 11805 13352 10498 35 1077 16015
13484 14569 474 11730 9232 7689 10164 5740 5585 162 10530 11346 2224 8587 4678 10981 3858 4899 21746 5582
23807 13306 4849 101 488 1039 2310 62 3256 11070 8063 22410 1293 4461 4260 2137 5635 1446 7963 948
2003 1719 5963 9260 2954 1913 17200 14302 5815 663 11294 54 825 5191 8674 6772 262 2072 16905 4073
18358 3340 12362 1977 6671 12544 17757 4640 1024 2973 12840 351 4640 13937 60 1668 12796 664 7382 4012
14464 14975 13563 556 10408 5507 4922 853 680 2029 8725 323 2505 4565 5215 501 1022 3655 15944 6414
14577 13339 46 197 8123 4337 3097 4440 1284 4550 256 19463 7821 16517 18690 12270 4233 20240 6496 6751
13171 1159 11710 2291 15599 563 9821 28706 15393 1056 24197 599 5438 27403 4348 8235 9264 1405 16400 995
11472 144 6269 3143 8221 1534 1457 14318 9548 6900 15175 5449 1065 76 2643 6558 8170 19564 12011 2142
725 116 6002 879 6223 11483 14523 17805 11849 2889 6082 1972 7319 4207 7327 2163 15275 21953 85 4888
