20
0 63 9 330 282 265 206 821 760 405 323 409 34 502 12 714 8 2 57 611
22 267 11 43 25 319 340 499 300 249 183 337 10 118 9 154 34 157 15 225
146 129 39 19 895 503 256 62 186 163 4 450 881 591 24 407 35 939 67 76
72 84 6 892 624 653 106 5 2 8 167 26 13 148 187 752 506 27 933 774
839 5 100 886 40 146 89 373 350 56 201 128 123 181 711 653 384 18 493 68
94 62 277 130 908 3 413 637 195 11 704 120 12 33 142 95 172 522 58 659
11 423 42 990 173 758 789 346 410 237 262 742 376 231 700 329 321 148 5 337
82 576 87 62 879 558 523 180 87 93 28 3 164 520 615 648 514 601 668 293
429 890 587 35 259 848 868 517 656 443 437 197 3 41 173 241 975 576 853 28
514 294 26 175 238 35 396 39 106 210 89 45 105 322 897 879 43 758 430 389
157 367 38 134 635 194 124 253 699 1 361 105 941 967 667 383 8 868 452 389
155 414 20 735 332 578 109 971 825 434 612 787 4 548 258 773 463 502 666 111
210 13 38 580 184 921 555 364 46 87 579 289 55 809 8 25 579 65 478 2
117 29 229 888 653 3 273 161 401 15 75 6 212 432 341 526 486 7 47 607
4 26 108 773 128 3 909 184 54 702 280 38 719 440 96 22 303 641 796 29
802 313 73 3 846 412 264 205 815 81 192 386 756 266 68 428 99 983 36 1
293 190 831 467 324 26 558 181 497 309 183 460 302 681 529 181 4 288 62 183
161 231 473 8 100 56 390 74 6 303 29 516 6 367 12 103 511 301 247 196
333 7 35 80 845 969 23 456 504 440 417 630 74 4 549 335 553 718 33 407
194 188 42 490 21 125 8 5 110 242 391 664 815 39 92 635 382 154 3 909
0 1103 204 6351 6101 3487 2515 14029 13063 6670 3430 11967 579 8631 225 13445 168 57 963 12927
272 4682 241 927 616 6693 8368 6350 8497 7250 5254 7351 220 3134 140 3800 993 4078 424 3517
2196 2171 902 327 15872 8573 6107 1590 1937 4232 64 9237 22976 10169 709 11968 388 24327 1610 2154
1487 2304 63 11874 7453 12159 1699 137 38 92 3754 447 271 2066 4254 18302 7874 587 22140 11763
10052 140 2582 15513 632 2909 2307 6444 9247 745 5834 2368 3052 1817 13754 11973 7162 376 9340 918
1377 857 6606 1794 17874 83 6166 7234 2751 270 19716 2387 316 559 3020 1669 2820 11465 1000 15442
205 7271 1050 21575 4600 10044 8331 6086 8005 3873 7066 11812 6577 4759 16035 9437 5486 3840 113 6024
2278 6862 2286 723 18266 6414 13554 2692 1814 1907 554 51 3435 8430 12494 15791 9180 13201 15390 7485
7934 18609 14682 938 6258 19102 21274 9261 9061 6616 8607 4844 33 769 3032 6716 21028 14724 14730 793
13346 3719 356 3660 3300 511 8079 876 2202 4767 1197 1345 1278 8538 22562 12053 1224 15910 10046 4531
3255 5860 385 3719 17009 2109 3273 3959 13893 24 5022 2515 16226 17820 9099 6418 207 9281 11446 9598
3573 9584 493 8738 5999 8999 3113 14238 19844 5398 15300 8417 56 13976 6436 9333 11631 12920 8747 3241
2365 289 551 6049 4497 16839 13351 10813 922 1438 13324 7789 1509 23941 230 270 12947 726 10694 37
3124 494 4989 14477 13270 75 7038 4605 7751 286 852 95 4179 5070 9711 14576 6518 189 496 13798
53 742 2205 18245 1864 68 20912 4153 1290 7973 8177 827 8576 7964 2222 234 8354 7543 21772 758
13573 5701 846 90 8558 10600 5492 2725 15612 826 5310 10123 10346 4923 950 4357 2831 17958 979 29
4432 5232 17594 13768 6562 589 11019 4592 5180 4106 2954 12615 6528 11939 10119 3637 87 8044 1303 4728
4378 5662 13865 163 2659 1102 6624 1179 115 4543 636 5527 96 10286 228 2056 10728 5695 5486 4145
6235 119 1045 1786 11415 25943 502 9728 12737 12951 10770 13000 1944 91 8872 5951 11197 8885 365 11130
4936 4478 582 6240 286 3655 163 93 3173 5446 4963 14184 11605 1037 1691 15547 7223 2020 55 22457
