20
0 280 16 36 694 9 18 885 530 86 46 15 480 397 141 98 12 443 71 188
295 52 258 268 311 86 137 816 527 220 2 489 228 549 522 505 489 978 271 796
64 74 140 298 632 81 2 113 45 465 73 119 265 651 1 49 28 225 278 79
317 700 30 121 189 228 108 992 15 361 953 655 76 27 234 5 58 9 455 28
316 25 9 969 6 101 47 101 550 591 8 591 30 11 167 72 446 513 208 488
2 376 485 461 772 945 20 2 673 504 407 978 508 343 310 37 987 224 295 305
16 172 991 39 589 401 818 709 987 726 929 40 524 15 243 369 212 49 80 688
12 110 193 278 74 363 328 637 143 159 791 55 170 24 830 979 475 858 676 511
655 213 349 12 346 530 63 333 208 592 283 37 902 61 3 36 290 435 170 525
14 120 426 109 504 36 19 498 8 493 423 845 733 859 45 46 552 775 231 191
370 340 84 915 84 10 842 384 143 15 14 136 31 15 417 908 465 290 208 45
475 31 174 493 952 276 51 77 18 4 534 683 721 250 484 523 988 347 70 16
13 271 213 833 460 920 494 933 6 647 908 80 303 23 301 497 969 9 42 918
701 929 264 210 681 826 163 3 455 112 275 255 960 2 20 967 262 155 28 665
42 64 369 362 759 210 2 637 112 117 184 704 110 32 485 178 412 37 3 280
52 426 568 683 72 341 902 51 314 422 222 98 165 1 117 28 26 111 72 304
670 317 14 125 405 538 606 521 613 138 339 673 2 79 616 505 31 2 177 105
982 33 214 40 185 582 694 237 655 163 622 143 2 390 32 747 10 206 383 346
804 34 42 108 743 118 113 65 60 322 513 15 52 22 484 162 102 60 970 999
272 422 130 39 608 693 703 233 162 738 706 310 103 322 967 575 329 756 238 765
0 5097 214 609 13151 157 439 19841 6072 1956 823 293 11989 9803 1957 2588 265 9472 1826 2938
8097 1497 5367 6777 6699 1642 1518 18025 5907 6235 49 11257 5923 7499 6884 8531 11721 18481 3402 9735
1315 1514 1956 4648 15031 917 43 2885 1109 8266 994 1457 6081 13594 17 617 756 6257 4024 1008
4150 14951 682 1627 4490 6469 2984 23178 300 6963 11877 9665 1695 376 3415 140 1333 124 8514 368
4688 588 190 24304 117 2004 944 2293 10949 15077 173 15027 445 128 3787 850 11342 12726 3326 7224
29 9714 7320 7929 14276 27221 327 43 19817 13760 7246 19971 6840 10065 7783 944 23068 2564 3524 7443
372 3869 29166 898 8549 4961 21658 10703 11804 19763 16069 826 5329 280 3669 8146 2938 1448 1295 10493
355 2479 1972 6885 1930 10662 4963 16699 3152 4507 10569 1599 3471 437 18288 13830 7724 19665 18722 12772
8236 4372 5485 211 5264 13792 1670 6526 4116 7907 5738 658 18371 1103 40 641 5266 10322 5024 12909
152 1257 12448 2178 7369 971 352 12791 186 11689 7700 18937 16278 13343 1330 636 5794 11595 6456 5303
3710 6616 1071 10920 887 123 19199 7512 1578 243 386 2344 837 372 12124 21836 8139 7941 5137 738
7010 407 4134 7223 15485 4846 836 997 538 48 7233 10819 15594 3913 14213 10756 27833 4996 839 411
253 6267 3577 15097 10560 15995 8123 27600 98 15984 14900 1195 8849 401 3103 14805 14399 193 511 19741
20137 22867 3581 2673 16690 23342 1985 64 9290 1459 3424 3701 13753 40 476 12737 4675 4381 402 10459
544 1313 5532 3754 18371 4074 53 9401 2137 2882 3147 20845 3109 926 4865 4448 4305 745 34 3012
1174 5845 8018 13726 1047 8551 15741 542 6119 8991 5993 2365 3253 20 3363 686 600 2284 1858 6050
19480 5781 229 1314 6190 15717 13679 14025 8812 2614 8549 7142 40 1198 9835 14367 748 22 4047 1204
12172 629 2656 1121 3379 13318 10752 4031 12038 3396 17707 3017 53 6868 742 16853 114 4775 7314 9984
23296 341 556 2945 10413 1816 1719 731 1292 5721 8921 244 1137 473 12070 2735 1388 1353 18251 22295
3131 11365 2826 410 7010 14107 10633 4865 3166 17735 14936 5215 3028 8653 25786 15852 4041 7770 4653 11933
