20
0 337 743 19 164 17 40 481 107 325 311 740 85 3 933 32 15 76 18 729
49 49 644 9 506 420 419 493 852 488 526 481 173 373 22 235 305 16 957 6
28 965 498 369 727 3 589 649 336 53 121 13 228 172 11 999 316 9 734 331
131 114 895 512 14 131 28 8 182 7 5 20 680 2 77 157 138 741 59 46
209 113 59 139 109 196 4 139 281 154 137 241 565 125 429 802 628 242 759 982
283 2 327 105 789 795 957 818 338 940 734 139 782 370 181 455 41 845 735 206
220 53 458 23 11 188 295 271 300 32 103 25 222 81 87 808 247 755 282 428
60 71 11 581 922 161 81 111 1 337 682 366 639 206 610 105 992 485 804 296
1 269 239 595 754 781 98 917 14 1 566 457 702 324 136 325 210 59 746 647
483 502 980 7 16 34 9 575 703 427 668 470 815 111 172 48 458 990 710 592
295 4 71 56 56 427 456 131 584 90 353 119 18 3 890 13 581 82 64 27
207 273 750 125 234 99 567 744 349 731 556 389 179 165 7 59 556 24 336 745
41 26 2 268 157 10 18 772 779 905 882 319 880 4 71 60 829 24 124 141
271 690 16 679 161 872 156 5 501 12 132 930 197 167 902 809 572 517 64 44
168 424 240 20 84 287 485 851 68 547 6 132 968 64 285 17 667 134 823 74
565 88 263 693 506 213 413 16 644 178 485 585 303 82 424 60 42 19 803 5
888 906 385 55 30 24 3 47 316 820 959 882 20 88 893 867 13 210 360 586
520 961 172 892 98 980 50 325 128 356 725 11 50 135 423 156 204 283 4 781
998 490 277 135 20 290 975 817 1 596 471 652 125 289 342 878 339 339 946 49
48 164 305 980 579 814 715 974 464 310 43 408 70 85 942 171 108 257 608 510
0 5308 10120 236 2888 179 1119 10575 2727 4042 7591 8645 1435 65 13633 738 160 1817 396 15039
1153 883 12070 212 6966 12194 8084 14691 21897 11986 8591 8622 5028 7214 522 4787 6070 462 15245 118
509 26435 6196 5172 9719 81 7726 15534 6884 1274 2022 317 4524 1892 300 28276 9072 156 9335 3532
3209 1145 23127 8980 321 3727 518 208 2714 116 118 275 16163 57 2111 3818 3260 17871 646 976
5330 1860 680 2503 1278 3915 87 3436 3751 1837 3795 3245 12151 1972 5416 15256 15809 2656 15287 16916
8244 47 4373 1294 12080 8293 14064 19266 4010 12590 7913 2399 10386 9371 4275 11829 1174 22453 18723 3209
4075 603 13708 245 319 5348 3523 4530 7207 595 2365 431 6332 1831 1726 8760 7020 12604 7259 5404
1464 1336 304 5973 21100 2435 1135 3121 20 4772 14397 9599 12806 3466 9423 1653 28019 12207 13736 4652
19 7061 6516 14862 20479 23214 1074 19303 404 25 12094 8733 19747 5863 2236 3540 3700 856 15365 8770
12000 7665 19040 86 263 564 123 14546 12359 10109 15675 13590 9637 1883 4461 1097 8428 25892 17118 14426
8540 81 1198 1526 1384 6008 8560 2306 9188 1083 4572 1657 209 66 22774 336 16554 2242 1441 601
3298 7343 13809 3248 3000 1152 5911 10296 3625 9913 11452 5411 4614 4718 207 864 13617 576 9920 12810
463 763 43 5414 1756 276 324 18367 15004 20497 15542 5922 20812 119 2093 1750 22496 702 1282 1953
6824 8820 218 15735 2113 14371 4172 63 12427 193 1693 19081 2037 1981 27011 23638 12140 6144 857 586
1939 5654 4246 514 1874 7855 10477 8792 1441 9312 74 2284 25452 771 3546 249 13162 1820 17615 1730
10200 1116 3745 14575 8081 4174 4321 255 13862 3972 9290 10497 5112 2050 9939 1487 975 514 23882 56
17447 15415 6942 1380 605 390 37 728 6749 10195 19638 10682 342 1736 18309 14647 322 3069 4814 17067
10305 17997 4142 25460 1388 15783 954 3621 1735 3932 11688 146 1082 2357 10689 2036 4201 3868 76 10018
27069 14566 3135 1959 377 6221 23498 9844 27 11158 5663 7832 2666 3949 5286 23803 5482 9824 14201 688
925 2896 8384 27277 11015 13365 8050 25629 9734 7731 967 11348 1918 1977 17210 3901 2693 2644 11523 6323
