20
0 233 243 873 407 281 905 132 330 839 772 939 314 391 64 167 617 176 158 181
706 162 548 158 570 16 248 434 1000 1 170 814 17 476 59 50 888 21 874 2
8 9 70 52 166 15 99 428 279 10 246 946 819 121 895 258 223 54 987 264
206 543 400 574 65 513 707 243 217 183 5 970 961 53 342 663 228 55 13 828
924 495 735 33 817 519 23 187 291 597 14 381 678 305 995 423 751 225 425 414
26 699 137 12 963 376 36 221 8 514 259 948 334 151 178 10 516 112 242 805
179 333 267 46 623 807 946 228 447 664 30 523 164 568 18 43 371 103 86 115
356 56 356 764 124 607 333 210 220 36 89 457 290 585 108 538 427 14 3 454
11 567 402 391 113 704 884 201 5 593 387 38 291 1 480 714 88 839 52 963
135 887 186 808 110 12 175 695 55 229 90 244 608 434 3 448 224 44 871 636
213 345 201 275 777 10 723 407 540 141 139 545 27 647 863 153 91 853 36 271
814 602 43 522 267 799 107 595 192 34 57 828 779 732 823 918 924 514 99 340
247 141 918 608 76 42 6 530 119 124 178 979 851 148 176 11 201 130 160 1
25 380 459 88 460 10 434 268 447 752 314 208 303 550 653 279 19 116 138 764
721 508 522 456 604 689 131 145 536 331 176 179 964 529 55 176 2 103 262 205
641 341 714 133 894 2 367 46 942 64 43 742 255 676 338 758 309 189 604 18
9 332 925 167 6 397 766 406 234 132 104 758 978 74 67 47 221 143 368 323
107 842 862 93 819 909 14 220 89 40 338 343 661 458 28 747 28 9 40 77
468 222 758 234 22 11 494 566 120 216 595 704 67 315 67 880 17 595 454 510
217 865 222 86 626 19 870 887 147 387 139 9 56 272 61 375 36 346 139 180
0 4359 6975 18590 9445 2904 10702 2573 5336 20998 10789 17091 7607 5718 721 3618 8852 4815 3804 3742
11058 4509 5604 3273 9679 445 6001 10317 18033 22 2038 15719 367 12789 1090 731 20006 265 18998 43
167 250 1897 1456 4571 298 2217 12679 5936 115 6375 16121 24517 3569 23443 7159 5216 1451 25618 5099
4244 12898 10559 10917 1393 9082 17793 3035 5517 4085 115 23387 20033 1117 5528 15651 4665 1530 259 11899
25106 5126 7508 339 11537 10929 444 2252 6250 11133 233 7187 17503 6751 15763 10886 18903 6328 5292 9171
308 7608 2905 216 13157 9420 436 3310 146 11601 3400 15318 4795 1527 4019 298 13965 2035 5918 23917
3886 4349 5904 1204 16822 14565 20506 5876 10199 13716 691 10198 3922 13662 265 584 7500 1951 1996 3300
10290 976 8329 13705 3444 17702 8545 2838 3505 860 1721 12760 7244 9787 2143 13470 6101 349 33 7580
130 13530 5417 5129 3275 15751 16485 2561 69 11800 8726 557 8350 28 9448 9711 1097 10859 808 26472
2061 10689 3776 14501 1416 157 2036 11868 1368 3580 2265 4446 14045 4856 47 4552 4178 684 17547 12860
3584 7958 2453 2922 19929 288 12217 5171 9507 1440 3382 7075 330 7358 22153 2201 1353 25548 783 4859
24096 6687 462 9404 3652 22059 2113 6023 5435 944 928 19826 21120 13516 22005 25642 15489 14725 2233 7862
2847 1904 25089 14694 1606 504 178 7987 1666 1384 1986 29261 9451 3377 2436 177 2718 2397 2873 23
460 6966 5787 2039 5365 134 10693 3391 6559 15058 4630 2314 3504 5649 10149 6249 328 1666 2671 15178
12818 14970 14030 11382 15624 19589 1395 2221 10194 3491 2772 2127 15778 7596 1401 4728 46 2969 7052 5877
15640 9128 8319 2435 25536 60 6025 752 11888 724 1131 20051 6576 17071 8179 10594 4788 5504 16756 321
221 3497 25906 4848 157 7982 9188 4519 3100 1814 1346 16604 25892 2136 1325 1101 2418 4265 9850 8682
2377 9005 19664 990 22165 20940 196 6241 1866 630 5743 5244 15550 6496 574 18756 746 183 683 1614
5303 3132 7959 4446 546 129 6165 6418 2394 4852 10207 16338 1340 7223 1690 26259 372 7492 11640 12329
4286 17868 6495 1763 10475 383 13210 11204 3822 7476 2355 239 661 7653 1286 4751 454 10042 4035 3110
