20
0 4 548 804 265 24 846 865 11 526 9 480 286 737 154 52 79 137 54 593
804 40 13 78 572 968 54 168 4 57 735 667 128 319 227 288 729 71 114 799
116 94 5 714 148 777 848 288 401 157 929 42 12 544 17 82 330 290 16 603
1 984 127 454 9 685 430 664 315 300 171 542 311 3 468 635 11 56 137 429
718 804 643 920 549 517 495 871 426 682 389 194 4 613 287 355 902 207 94 305
212 448 8 820 731 56 552 36 374 725 990 124 301 22 92 5 509 226 121 72
311 388 6 161 503 134 556 608 16 15 228 47 113 521 94 71 954 966 197 243
40 216 718 688 526 14 242 215 570 784 235 146 427 498 612 31 27 101 290 50
89 968 741 191 981 571 234 251 166 651 396 684 96 454 821 62 387 750 919 117
86 560 411 22 72 162 4 122 18 445 311 256 49 789 12 145 411 202 254 866
139 36 36 404 2 93 525 817 1 846 129 467 72 900 74 446 154 688 429 521
508 130 724 77 474 45 46 640 47 181 85 16 401 90 327 17 572 58 142 192
17 22 488 6 516 320 150 518 201 10 684 93 377 873 490 671 180 1 25 217
968 279 44 609 166 177 179 167 36 677 147 741 4 901 51 143 613 392 553 8
571 974 293 590 908 10 392 219 17 743 57 157 872 300 360 25 378 810 444 462
175 77 905 418 913 43 20 69 158 90 192 25 2 79 820 356 399 112 826 347
453 488 224 4 425 437 15 438 246 722 657 352 557 779 699 674 3 611 4 73
82 188 792 605 6 280 649 11 91 64 189 113 918 694 277 995 99 400 355 419
10 87 80 18 892 850 720 183 133 320 254 38 19 232 800 376 4 609 805 50
27 361 18 378 34 53 140 3 156 997 202 489 354 517 16 119 410 177 90 965
0 93 15064 15440 4894 276 8515 9884 140 10736 232 8833 5961 12010 4303 1471 2358 3182 902 10085
17404 433 165 1616 10251 27225 693 4540 101 1558 8871 13243 2496 3634 5241 7479 14593 919 2439 10090
1355 1841 78 19234 4206 12263 18323 6063 8737 4436 11028 875 346 9299 204 1372 8288 6832 414 15032
12 28955 3616 11121 228 8215 10647 12832 5215 5479 4227 13913 5487 31 8518 9236 231 1488 3362 8520
16962 23705 16009 23371 5976 9310 5321 15641 11191 13678 4077 2659 74 16154 5579 4835 22933 3521 2238 7124
4453 10220 219 11968 15188 906 12025 769 8616 12816 26196 1756 7320 314 2060 126 6916 2935 1287 861
5201 9973 144 1839 12511 1729 16429 13964 341 167 3114 513 2502 8576 2354 1970 15542 27630 2063 3003
458 6055 8153 16103 11327 328 6659 2596 14615 13142 2951 4113 8865 6896 9361 518 317 2555 8303 1358
978 23232 14172 5715 16245 5919 4822 3144 4019 8172 7964 15200 2484 11376 10644 723 9825 17887 18735 1511
2353 16650 4642 409 1395 4192 55 2366 398 9662 3408 5817 1030 14883 138 2647 6272 3658 3201 23788
2970 789 909 7854 58 1532 12176 13638 22 22092 1400 5229 1089 17522 1486 11324 2333 18342 10724 6171
8752 3447 13465 1359 10054 923 629 16928 1272 3419 965 368 8004 2092 8847 287 9865 779 2881 3281
459 374 7377 65 8560 8167 1684 9031 3164 239 20251 1187 7298 18415 12310 19221 2358 16 608 3566
21402 2993 1064 11343 3819 5144 4456 4471 638 15321 3946 10821 71 22637 562 4259 9744 10438 8111 147
10347 17426 3335 9362 23371 164 9664 5411 250 11799 1296 4453 11468 5270 9071 622 7548 23458 11488 13410
2523 2249 20144 10393 19709 832 488 1048 1686 2603 2268 719 60 2267 20485 6982 11004 2153 10991 10067
10725 8135 3383 100 7787 11341 434 7203 6025 10235 6647 8721 9757 17894 7039 18741 74 11372 54 1595
1759 2325 21309 17691 144 4310 17453 218 2171 1766 2853 1412 24681 7149 3186 15536 1735 6228 10338 9729
250 2420 1817 270 24823 12527 10266 2636 3599 7310 4552 786 441 2602 12947 9631 106 6368 13479 754
706 9272 221 10176 380 752 2719 36 4139 19264 5175 12736 7299 14814 241 1518 7978 4155 2284 28941
