20
0 2 676 575 74 235 457 353 932 744 205 77 3 247 58 465 318 707 581 627
508 388 36 488 520 21 879 14 958 796 150 643 466 296 341 346 8 536 935 97
888 438 129 46 172 145 562 329 118 34 62 227 458 399 47 578 928 212 9 31
63 40 50 428 308 877 4 4 367 550 933 908 11 28 894 286 864 22 467 394
282 136 687 4 57 173 404 2 715 931 3 147 586 136 394 850 942 570 553 305
305 2 14 386 49 304 131 434 317 98 287 140 375 70 86 763 647 18 54 874
10 598 6 875 334 78 498 35 56 742 61 673 52 365 606 699 137 975 220 99
9 357 66 242 490 3 51 327 8 568 292 180 618 100 774 935 575 56 956 460
525 413 108 64 524 625 3 125 292 216 231 25 2 517 26 582 737 20 632 703
750 140 237 718 831 280 969 168 721 43 308 428 802 3 814 781 6 93 302 672
106 38 202 436 36 463 809 564 886 832 641 884 250 434 2 614 996 908 410 181
179 291 280 407 72 205 874 17 928 326 59 335 12 300 4 426 520 18 432 168
523 99 18 181 609 284 135 399 53 74 511 2 82 832 930 73 929 678 2 154
539 932 15 35 319 609 885 613 841 167 743 706 62 318 272 766 137 689 676 285
175 4 119 150 90 86 991 489 32 107 74 137 48 34 783 203 507 13 809 5
5 254 246 492 411 296 353 2 329 270 181 891 4 45 544 20 74 103 454 937
48 115 250 123 6 453 698 202 327 945 2 246 6 328 100 592 604 176 693 188
469 882 714 585 385 742 108 575 624 631 54 3 226 473 796 213 96 543 15 32
3 351 542 793 951 272 15 230 128 292 21 568 118 365 15 412 169 1 42 610
886 48 218 4 235 25 12 56 293 998 433 640 24 6 109 170 479 144 6 787
0 51 11618 13213 1677 6975 6433 3705 22622 21505 3972 1114 50 6657 1563 6669 3737 8763 14318 7673
10462 4526 631 14093 13363 524 18266 267 20809 14320 4483 6782 10476 4959 7959 5895 184 11621 16072 2123
25764 5326 3362 1148 4109 3820 10625 3822 2875 384 1696 3727 6611 9734 870 15759 26009 6075 194 315
1083 505 996 6374 6376 11907 77 79 8082 15505 25367 21475 154 420 19168 8354 24181 644 10478 8010
3694 3211 11376 63 1257 2375 7329 56 11638 15973 81 2571 14660 2455 3969 19996 24516 11020 13437 3556
5645 60 210 6633 558 3193 2512 10748 7881 1920 7940 4059 9338 1511 2036 12013 16372 481 1573 12515
211 10534 111 13473 9191 2327 10115 617 1335 15695 776 8549 1237 8115 7256 10127 2548 19078 5271 1862
92 9959 730 3862 7598 43 608 6041 192 14139 4623 4936 9718 2129 18997 18416 6658 1282 16378 5296
12453 8757 2241 698 8352 11697 89 3248 8311 3566 3616 254 31 10539 465 13398 21233 462 7188 10115
22231 3417 6840 17007 10695 6257 23030 2169 16476 1167 4325 11381 11954 46 10296 22461 88 2363 3077 16947
2011 525 5256 12840 957 9939 10442 16705 25143 11910 18176 12204 5008 9001 43 9251 24643 15482 8867 2440
3717 3295 7870 11482 1985 4386 13253 486 16027 7096 1285 8777 320 4801 75 8435 12786 533 8858 4282
12725 1858 334 3395 16262 3530 3158 7605 940 1343 11278 48 2355 20030 20930 2005 20369 7072 27 2286
9227 16528 270 374 4883 13220 25049 12800 20212 2264 16656 14816 1546 6043 4297 13800 2737 7682 10764 4756
3684 81 1538 3007 1070 1905 22024 10238 508 2731 1024 2934 820 939 8004 5042 11690 333 23779 104
72 3790 2523 11465 6396 4972 5063 24 4463 7524 2380 23435 100 1027 6719 331 2198 2315 4685 21311
1147 1941 3500 1918 76 9265 19476 5136 6987 19140 42 2674 147 4899 1779 7191 7696 2546 20368 3927
13193 15936 18233 10766 9566 11609 2504 14056 9608 10008 577 89 6204 8179 12870 2254 1602 9595 444 399
89 6532 8739 10168 13071 7897 424 5582 2036 6178 430 15985 2968 4626 247 6732 4069 14 441 10777
13025 1345 6523 43 5029 615 269 1021 3968 28922 5901 14128 245 158 2195 4811 12543 3499 132 13179
