20
0 115 224 93 269 888 632 106 191 201 33 10 810 41 473 417 154 802 152 855
33 887 427 354 40 424 915 991 762 785 228 722 60 212 825 827 955 17 2 292
240 2 12 721 598 981 86 447 511 855 70 118 24 187 233 148 887 46 187 17
124 249 331 446 35 206 145 651 47 902 162 182 112 370 317 15 479 990 193 2
255 7 451 105 164 857 404 113 190 403 294 127 15 255 327 198 83 212 241 318
776 539 450 414 135 28 400 14 385 360 540 171 366 135 17 16 266 2 56 6
26 991 567 51 24 116 1 24 31 339 782 593 26 222 449 298 76 29 50 224
324 959 14 553 235 861 195 502 708 15 753 286 6 721 252 499 7 85 162 684
10 146 313 483 5 907 782 971 454 303 5 421 481 47 273 526 501 281 413 96
728 301 376 301 877 828 61 184 50 358 649 52 962 12 948 761 657 197 37 428
821 372 249 869 485 467 309 200 31 400 992 783 17 396 545 142 633 860 473 927
526 240 279 160 132 409 753 9 754 160 555 357 30 16 582 694 223 4 50 181
322 143 707 914 54 809 308 674 31 368 940 555 130 773 267 84 2 397 56 70
27 103 53 513 317 80 140 421 139 195 115 334 31 321 104 179 360 746 50 144
792 814 648 698 487 116 665 20 604 531 750 291 156 40 88 852 677 1 333 132
581 237 416 322 270 490 64 109 279 56 138 617 249 613 779 920 66 149 689 818
143 199 34 757 52 442 217 750 301 344 242 62 38 267 373 480 212 391 793 412
324 2 123 137 538 688 55 135 1 23 890 689 4 11 372 118 17 24 4 205
339 93 385 425 701 25 865 274 98 161 4 926 477 76 325 69 11 102 628 24
165 243 140 74 275 336 465 383 760 647 378 782 51 22 273 48 190 862 137 529
0 2802 2960 1223 2855 24596 9210 1411 3755 2228 715 188 23232 529 10646 9815 1853 8697 1726 12162
742 13253 4429 4660 476 11863 9660 14508 22367 9231 3289 16705 1109 6141 13305 18830 12933 418 31 3766
5744 47 222 8623 9791 15709 968 11180 11743 12514 1221 2798 545 4131 6122 4333 15240 674 5042 364
3017 6821 5889 6864 865 2410 4198 8703 1049 23373 2626 2834 1857 9428 3932 300 6334 26265 4014 38
6733 78 8899 1824 2284 20779 8158 1649 3026 9239 7052 2004 274 5967 8600 5774 1987 4344 4972 6141
13482 12249 8380 5222 1798 588 7181 327 10852 7632 16171 4016 8779 1750 171 365 6586 30 814 157
431 18504 15242 1167 269 1618 25 714 828 9025 8800 15264 714 3880 8991 8012 1665 508 790 3701
5505 20165 287 9404 5738 11378 4681 11244 10335 172 21264 5869 110 8267 5743 10301 149 1350 3005 19847
273 3908 6348 6532 94 19795 9491 12624 5805 3465 84 8675 11999 1394 5023 15440 8461 8390 10827 2535
12566 8252 10050 8681 13474 19020 1283 3719 912 7023 18721 857 19417 214 20990 21589 6967 5740 956 7420
20062 10765 4476 13016 10213 10412 6253 5301 694 6938 25740 14125 227 6457 7970 1937 15021 17804 5257 21921
5667 2521 3403 4652 3779 7435 13395 142 12809 4773 15711 5944 458 345 17173 13425 3810 56 1366 3282
4783 3096 9739 21717 1283 16318 3113 14343 318 3893 27277 16442 1309 7909 6655 1176 38 11421 1442 1570
566 2941 949 8561 7560 1675 4103 6692 2137 2624 1642 9038 929 8282 1739 4110 7295 15167 976 4251
10358 19414 10402 12231 6579 2104 9093 334 13402 15705 21271 8667 4417 850 1932 18164 10637 11 3418 3102
13248 5336 10316 3518 5567 6864 1760 2596 5936 1236 3749 14885 4760 8125 18089 26989 1269 3159 9218 24061
1517 4760 545 18832 1169 10299 3326 21313 7682 6399 7235 1256 1036 3822 3788 8708 3811 10176 18487 11909
4937 40 2303 3885 9620 15096 1459 1566 11 475 12138 19184 76 199 4567 2076 370 354 120 2086
9193 2474 7275 10537 19591 382 14737 6114 1548 2361 101 26409 12068 2029 5333 1289 211 1647 10995 454
3632 5253 2453 835 5495 6392 12526 4229 14214 8893 10503 19656 1283 280 4207 1011 3819 17637 3124 13994
