20
0 26 114 4 665 314 396 175 126 224 109 177 4 627 435 845 427 42 855 175
12 853 35 105 27 96 61 217 231 153 837 946 8 316 54 15 607 73 148 246
344 981 795 812 637 112 226 470 900 359 913 186 187 13 10 287 278 267 199 451
334 107 45 92 80 16 170 192 108 155 390 531 840 70 102 302 40 20 128 99
258 77 22 235 225 852 25 10 202 752 2 770 882 193 590 990 399 214 531 611
1 12 95 623 232 436 60 403 61 542 430 397 327 286 219 2 182 453 925 19
5 483 215 130 134 10 702 275 454 923 909 213 62 116 64 23 175 13 13 12
273 115 934 42 300 444 452 49 717 320 515 515 523 820 886 354 88 15 459 15
628 377 47 466 949 271 842 638 6 510 360 312 45 424 697 217 571 441 105 288
965 753 388 378 3 275 255 165 287 730 70 474 693 383 138 240 150 2 4 292
99 216 399 71 304 595 639 405 103 248 599 751 132 277 1 297 237 230 329 633
19 201 71 472 136 128 740 4 385 136 162 519 805 70 367 99 311 268 482 956
446 365 860 882 274 70 664 85 394 171 381 322 437 650 720 475 847 697 733 562
30 12 232 321 85 34 367 249 173 7 48 109 547 70 12 303 52 793 83 760
795 994 586 780 155 860 160 177 37 776 583 30 771 446 187 221 84 958 59 138
5 419 30 321 196 116 80 5 457 796 191 780 84 700 741 305 631 306 36 245
790 55 8 97 237 474 371 487 61 282 3 343 1 448 13 452 95 1 106 26
583 661 571 505 348 73 51 726 48 42 532 261 133 287 4 123 476 678 46 331
167 10 83 959 766 463 672 337 33 44 697 59 386 283 25 48 301 309 195 152
42 154 689 442 1 740 281 179 967 291 951 671 103 213 14 14 604 155 148 82
0 755 1632 114 17800 3994 9552 2857 1732 2688 3218 3427 117 17119 6664 24347 11885 1186 13658 4258
197 18114 425 1100 770 2735 1476 4524 4398 4463 13337 27349 94 5950 1170 379 17900 749 2831 4847
9042 10368 20634 10953 16207 2824 4920 7509 21307 4375 24089 2101 4364 144 140 3665 5846 7876 2793 13034
5893 3198 891 1208 2325 378 4532 5455 2852 4024 9932 13391 15105 1019 2537 3269 834 443 3336 1894
3948 968 275 5535 4446 16685 550 104 4356 16954 48 15766 20919 3839 10481 27568 10843 4030 10362 12439
12 285 2019 12814 4040 9159 1220 6563 1727 7996 6647 9643 3522 7339 4702 28 2220 6799 11029 253
57 6256 2973 3423 2252 187 18884 7592 6170 24967 24360 5199 928 1429 1794 432 4059 233 332 331
3951 1698 26520 1129 8630 5176 12478 492 21232 8856 10911 6314 7193 12975 16180 7137 1903 160 12913 272
6928 8979 1183 7380 18432 7214 12590 9141 170 9467 6472 9268 848 5595 9137 2437 16329 9114 2091 5902
13176 20166 8728 4462 38 6841 4363 2491 6966 12322 1986 9160 10958 4976 4089 3723 4047 50 41 4915
2644 3553 7681 1588 7126 7685 11943 8294 2193 3342 14684 11636 1589 3146 19 6240 3260 4706 4470 9308
232 3291 1153 13965 3737 2480 17756 106 6543 3190 2071 9160 15457 1529 10160 1943 7310 5441 12996 10846
11147 5962 9285 9622 6338 1147 16761 1263 8628 3988 4622 8731 4955 13611 10490 9646 9777 9555 20209 11041
301 270 3518 7648 2316 669 4590 5976 4845 83 1170 2721 15764 1836 318 3056 810 9506 1451 9346
10939 21760 12111 9385 1966 21982 2978 3818 809 8248 12705 437 12690 7264 4808 4243 2112 21719 677 3974
61 8423 639 8221 2544 2740 1697 146 6741 17832 3383 12495 1346 18356 14619 8640 8187 6377 1007 5668
10838 1514 216 1798 4842 9162 6171 7684 915 8227 43 9339 20 6204 178 12751 1854 16 1632 366
6496 10803 7029 8754 4879 741 614 12586 1002 990 7926 4816 1661 4614 68 2924 5575 12742 1368 5452
2232 236 1607 25069 21133 8399 15964 4548 672 919 18232 1235 9732 8089 410 1325 8709 6709 4760 4257
453 3001 16258 10556 21 17850 6614 1931 20282 7726 19748 17968 2755 4515 321 173 17636 3747 2484 2311
