20
0 74 51 909 10 11 44 321 506 112 84 128 907 113 168 236 8 117 290 369
132 652 550 59 2 608 393 138 294 442 924 268 798 28 464 975 216 259 423 18
601 71 284 137 150 449 747 9 233 113 152 273 78 276 192 630 737 2 65 289
228 25 248 400 857 452 995 793 365 587 247 513 443 636 689 144 877 817 442 820
508 22 28 788 517 9 8 368 174 502 999 131 201 152 926 46 21 218 47 740
106 269 457 3 146 57 59 270 78 287 45 16 347 602 265 36 182 991 303 11
814 965 779 656 105 600 183 562 181 43 150 102 970 167 327 253 959 960 824 35
733 7 680 536 71 992 129 632 880 228 703 83 742 98 786 202 473 79 4 388
896 105 44 781 591 555 37 18 17 851 992 223 95 40 294 511 444 33 372 4
5 385 871 6 794 81 854 41 630 13 93 142 991 18 377 441 67 153 1000 796
22 110 92 282 620 895 877 813 688 79 261 3 148 175 329 273 824 662 40 515
15 2 198 36 81 16 525 459 413 17 434 416 138 457 8 818 580 884 298 981
58 272 53 500 399 21 50 912 584 134 822 914 206 399 317 22 146 431 222 237
199 110 94 103 953 118 276 232 760 621 269 2 592 728 185 20 75 137 34 28
490 771 22 34 81 329 629 7 295 854 111 924 302 933 22 31 523 119 152 289
541 456 145 258 30 938 580 324 364 154 222 540 28 818 796 68 608 515 520 457
466 67 912 4 9 394 889 188 188 302 460 678 492 215 738 548 3 12 608 714
514 472 703 425 264 68 302 13 726 19 113 753 891 877 415 240 2 338 218 182
251 875 7 362 268 814 3 564 546 211 314 9 222 814 268 691 587 604 217 155
753 9 764 740 531 816 254 51 10 592 407 176 33 3 11 254 170 526 158 678
0 1890 683 15849 215 176 582 8555 5982 3137 1098 2467 14605 2941 4285 4931 192 2206 6146 5532
1575 12965 12822 1384 54 9967 8713 3419 6321 4754 12091 5410 23869 497 7374 25561 3024 5246 12308 499
8143 957 3314 3771 3974 5802 9067 190 3744 1706 2067 6869 927 6063 1990 11697 21396 21 1130 6649
4950 621 3998 4605 15942 12849 19954 13452 8313 8657 4242 12734 9113 10621 18763 2780 15053 16286 7812 17824
6730 405 544 18283 13684 265 180 8007 4845 10450 12741 2902 2227 4212 22545 670 430 4681 823 15633
2269 7358 6628 51 3470 593 1321 2890 2316 7384 1272 161 7661 8822 6388 686 2902 29141 7071 223
20685 26173 10023 10737 3030 8936 4161 9450 3397 1268 3091 2644 23178 2142 5111 4964 24511 10116 16136 953
18741 142 15053 6323 1073 20623 2556 10082 17132 5788 16685 1615 10243 1008 19842 4809 5364 2348 80 11564
21156 1112 682 14225 6065 13226 590 376 361 10998 23252 3109 1962 1045 8279 10142 7173 433 4335 86
72 6008 22011 108 14909 2379 14110 885 12668 335 1689 1544 22736 438 11281 7491 1310 3800 16442 20516
627 3219 2612 4071 14587 25278 18615 16783 19720 1012 4445 47 3864 3808 5082 7100 18960 14620 759 8518
291 44 3219 823 1356 447 11869 11150 6978 186 12307 6319 1439 12259 118 21252 12903 22436 4878 20378
1196 5905 1455 6494 4845 258 859 21785 6054 2524 13108 12199 3860 11441 6408 645 3030 7190 6059 4190
5030 1120 1997 1813 14752 2936 6121 2800 8700 6822 4488 35 11923 12379 4259 598 1842 3569 811 292
12013 8010 530 1000 1197 9095 12959 195 5505 13572 1297 11766 5238 13560 247 679 14241 2744 2766 7829
13370 11532 3103 4213 698 10491 17213 5194 9691 3197 2640 9942 658 13999 22593 1088 17700 6948 13391 10051
9638 1271 10843 95 118 9535 15890 2953 5611 4280 11298 20181 14340 4812 13840 8850 51 157 8921 7250
10878 7522 17078 8318 6682 1199 6544 257 20314 485 1752 20875 20580 11275 4510 6952 51 6441 4662 2761
4029 12147 129 5775 3861 19675 50 9847 13141 2949 3936 166 4492 14520 4645 20207 15528 11105 6479 1955
9270 255 19434 8745 7450 18604 6875 791 210 11851 6371 4498 497 58 189 4669 2589 6930 4471 17127
