20
0 513 727 276 23 43 97 394 4 14 8 411 642 874 972 432 150 762 56 2
397 166 504 60 351 317 4 189 564 7 371 409 301 541 930 775 353 60 586 148
18 38 94 3 26 5 872 8 91 55 693 395 3 329 354 574 185 404 352 176
284 597 325 840 80 243 2 131 41 466 269 56 22 42 110 132 97 64 947 559
5 272 502 435 100 641 16 696 297 16 241 228 41 2 452 27 45 280 675 915
35 152 85 135 113 12 383 815 80 585 369 456 142 228 367 322 320 466 508 242
407 707 249 72 390 495 514 119 36 584 491 174 4 42 36 3 594 37 35 162
31 347 345 549 716 43 12 149 5 686 622 483 74 431 11 250 291 79 928 120
467 353 690 161 795 7 49 604 107 112 52 925 502 94 88 22 97 978 792 897
780 1 37 184 604 91 870 890 479 605 57 126 156 342 100 596 253 555 218 991
105 804 572 614 48 135 11 787 700 874 951 919 666 3 532 725 78 914 52 439
26 69 128 2 314 931 65 315 368 710 66 265 86 20 90 809 733 130 58 105
70 555 512 12 59 60 512 346 244 18 408 96 40 7 516 12 144 5 880 697
269 215 7 29 244 125 394 269 243 804 288 486 520 196 244 3 574 196 13 243
896 216 334 995 397 166 540 569 22 771 290 427 444 430 579 131 179 224 342 980
802 792 112 861 389 934 486 547 439 225 912 75 162 3 421 953 186 49 471 888
464 50 602 379 136 942 757 535 365 372 271 932 569 88 352 152 262 600 502 414
78 141 294 83 148 7 729 426 773 210 1 62 482 804 413 342 534 2 13 58
127 761 757 473 307 193 790 41 29 425 22 859 109 433 520 26 137 558 131 25
575 27 803 48 73 201 858 833 347 330 135 986 3 396 34 492 229 922 252 128
0 10424 16183 6005 297 1135 1863 4684 53 203 202 9692 15133 14075 22550 11097 1570 22031 875 21
4699 4167 8165 1713 7148 8363 62 4803 7716 143 5926 10725 8399 6226 27035 9001 5910 921 6428 4026
369 1016 2756 84 290 125 21205 209 2391 1446 15236 8797 72 3938 6659 10722 5421 5489 6231 3439
5031 14614 3286 8431 1977 7220 37 2932 841 10768 6312 1246 343 722 1787 3640 2347 1057 11309 12092
146 4989 14063 9009 1768 16328 319 11958 8863 295 3757 3606 665 31 5098 324 1099 5295 17129 25176
486 2315 1171 1951 1234 149 10515 15057 1570 10926 10801 5546 1927 3254 9277 8936 8159 13596 6882 7134
9838 8365 6644 1808 9689 11099 6338 2547 412 12052 10852 4326 90 713 657 33 7238 544 789 2936
619 4650 9258 6887 15036 735 260 1583 118 10410 7240 7264 1002 8213 290 3332 7097 1520 17337 2955
6877 9981 11642 2093 19837 159 942 17888 2620 3155 1484 22784 5444 1846 2240 558 1734 24222 23350 24279
9608 15 868 5256 11777 2295 22844 17881 13968 7603 851 3205 3225 9613 1329 13129 7564 11608 3341 27950
2825 19125 11326 7645 1101 2445 275 11843 18358 17619 27505 19410 9787 88 15679 13791 1049 17828 702 6512
409 1871 2557 33 4966 21890 931 5671 6834 9173 758 5739 1086 366 1210 10637 17824 2725 1708 1891
1145 12083 9998 220 1475 719 14218 10011 2767 502 11658 2654 1026 167 10649 353 1763 94 13563 20569
4396 4765 170 705 4838 3298 4167 5538 4495 13594 3788 6641 8230 5094 3063 69 5969 2159 331 3496
16674 5967 6986 20828 5785 4365 14185 16151 340 21904 4045 5961 7030 6859 7644 3351 5061 4018 9661 13207
15962 13978 2990 17728 5144 17823 5791 15632 11605 5155 11039 2052 2192 43 11768 26055 4936 1053 5958 18075
10200 1028 9607 10490 2315 14122 15555 15794 8834 9918 5173 16119 13000 1159 3759 3872 7511 6179 6504 11070
787 1700 7493 2221 4334 181 12951 8803 21422 2114 24 1454 10153 17798 12023 3552 11621 42 389 1056
3593 9430 10635 8703 9020 5531 10802 899 328 4866 457 17001 2946 6424 5292 741 2269 11282 1775 331
6902 412 12767 1235 1125 5947 24191 22987 8149 8976 1595 16768 86 11800 413 13065 2714 24787 6471 2454
