20
0 141 266 873 112 267 1 754 102 297 515 87 439 84 249 375 956 3 293 181
877 327 673 81 795 683 194 529 14 73 805 15 464 31 967 5 9 500 249 65
117 32 74 411 250 177 77 204 336 789 851 441 18 116 940 4 310 170 439 223
456 5 495 167 108 289 31 80 26 196 40 900 27 353 921 92 760 36 190 249
434 418 572 257 938 843 457 70 320 159 56 714 25 793 436 371 95 474 44 201
747 288 54 439 16 167 390 460 24 60 177 274 327 417 313 22 150 331 7 411
790 113 34 5 518 138 487 833 50 445 191 541 185 223 315 15 589 277 263 108
810 333 78 314 620 240 3 493 4 155 168 166 143 56 293 362 114 726 323 21
30 564 10 359 34 280 816 76 938 355 645 349 484 292 935 57 702 25 122 10
697 475 795 777 671 11 2 362 119 51 982 205 4 438 43 99 216 776 791 612
10 196 175 733 229 67 106 225 420 13 9 696 608 816 441 970 549 43 71 34
337 873 108 210 853 2 119 8 37 27 14 69 299 531 225 232 510 313 205 562
271 906 622 132 230 677 409 470 232 12 13 67 24 176 895 329 729 19 239 917
136 56 827 220 19 630 17 475 526 931 364 20 565 243 237 781 256 19 483 44
737 457 40 2 833 11 388 813 163 963 208 217 250 908 112 303 858 174 14 806
571 791 53 868 221 143 146 636 980 641 142 207 765 214 1 755 84 12 166 96
532 36 93 5 313 152 88 55 81 1 202 95 292 580 70 331 3 265 6 14
530 202 376 622 41 967 922 421 211 182 314 9 39 470 503 874 418 30 278 489
647 889 58 2 131 541 89 340 595 38 382 1 8 12 375 729 5 623 121 567
132 162 742 223 5 8 528 235 176 680 460 5 927 193 927 5 21 563 184 907
0 2388 4836 17573 2495 4693 24 17293 1721 8473 10229 1931 11625 2028 2744 6291 15764 83 5171 4191
11855 7865 16780 1126 14154 8169 5444 6634 225 1352 20222 314 13714 879 14823 141 153 5506 5548 1705
3377 697 2179 10008 2858 3935 2042 4665 8901 22714 14700 13108 385 2965 15925 114 9190 4988 5503 5769
5325 110 6404 3046 1251 4734 389 1598 617 3962 411 10577 725 6920 11490 2562 18389 507 3113 3076
9239 10448 9838 4736 16280 8670 10584 1107 7162 4518 1095 19457 600 22874 8960 10022 1685 14177 495 5615
21606 7971 1415 11038 312 4246 6867 8789 352 889 4474 2836 5043 6626 7169 584 4049 8884 91 9129
9736 2141 949 90 12349 1848 13616 9679 1063 7965 2169 8063 5118 3259 5986 405 16686 4965 6738 2108
17696 6601 2036 4777 14026 5004 75 14694 94 2986 1696 1791 2686 1340 8189 9018 3268 18873 5561 540
831 14301 283 9318 403 5257 24468 1223 12802 5814 12970 7332 6686 7085 10793 1328 19491 478 1504 295
19246 6192 14251 12659 12621 244 52 4119 2823 1082 20115 2702 113 4556 976 1596 2794 18721 21673 13834
261 2263 5095 8860 4937 1290 2167 6618 10676 326 248 8107 8528 23034 11019 19407 10061 788 2071 802
4057 8980 2576 2207 13651 30 2996 88 425 506 380 1018 3031 10298 6188 4733 7011 3821 5160 11400
2759 21014 18067 1792 4576 7552 9846 11486 5466 248 355 1645 656 4904 15726 5342 8903 217 4189 21769
3552 750 21271 3780 206 16652 257 5367 10360 22022 6939 503 11886 7110 5792 12822 3840 211 10094 775
7815 7957 760 55 16428 260 11353 10180 3622 9904 3316 5314 6878 15892 2778 6046 20368 3567 338 21779
10651 15201 1378 21769 3560 2437 2175 9936 12128 14025 3882 3224 21876 4783 17 17559 934 158 2657 2721
7412 914 1678 114 8714 2145 1585 943 820 18 2576 2099 4229 7158 1424 7362 75 7481 176 213
10938 5608 10966 12127 987 11861 18771 7578 3889 3866 7056 227 680 7271 6945 19328 8049 440 4189 8365
11753 10645 1648 25 3120 12559 2052 6870 9217 523 4017 16 214 328 10927 20697 88 11185 2354 13214
3610 2589 13833 5549 98 188 5655 2645 2085 15446 4993 116 11900 3674 11661 61 570 16595 3110 21830
