20
0 794 254 313 62 117 7 342 2 471 136 33 392 674 112 113 159 159 489 369
91 144 606 773 35 492 164 72 594 510 23 450 616 5 5 37 71 432 9 152
293 154 391 851 319 468 402 44 711 750 830 176 6 542 262 412 7 261 36 365
325 55 242 634 63 76 64 2 148 303 512 243 108 878 377 391 301 13 587 90
3 135 47 622 287 51 347 583 25 13 470 164 507 490 902 792 409 986 478 5
283 815 34 369 3 97 425 375 20 758 224 39 154 692 779 17 94 528 986 822
11 397 317 525 67 300 6 787 59 955 15 258 364 798 219 364 91 31 752 655
258 6 522 537 237 6 101 347 690 672 95 944 26 554 18 56 366 411 121 5
522 124 12 698 38 219 3 149 612 119 386 373 15 91 788 90 282 683 687 917
115 449 126 1 815 197 584 445 597 432 771 100 760 90 872 146 11 73 168 902
42 769 832 487 832 281 723 876 891 255 856 14 657 957 433 354 658 169 13 9
41 36 100 481 10 63 158 11 363 790 24 30 244 23 48 3 722 332 893 112
238 953 502 334 662 180 322 41 88 857 93 86 441 5 303 126 152 563 8 60
987 655 292 381 194 423 239 29 26 437 194 613 26 1 10 268 105 722 297 314
482 598 742 812 208 881 86 287 2 392 328 533 719 87 485 85 714 42 174 83
230 25 191 543 895 255 390 181 247 404 395 20 18 8 850 50 507 669 656 186
354 147 678 27 118 48 831 35 636 566 806 42 106 265 63 45 10 49 223 457
384 282 150 389 651 256 750 10 718 645 99 25 436 3 517 287 628 35 5 164
122 82 74 505 933 794 198 5 371 30 571 24 20 875 123 717 939 283 431 347
395 700 605 269 18 53 149 569 325 622 615 83 11 292 11 373 902 9 754 475
0 13287 6826 4360 1792 3407 204 6858 58 12702 2464 752 8360 9349 3140 2690 2952 1664 11654 8101
1220 1663 7206 19173 932 14068 3200 1383 12840 7986 440 5214 13075 147 150 397 1248 6178 124 3085
6079 3323 9885 9116 6560 5397 8219 1128 18833 20684 10101 4332 94 14805 6350 8228 190 2908 593 6922
5838 1562 4550 7133 860 2220 848 23 1748 4225 12829 7022 1152 14238 6372 4389 7862 298 16785 965
50 3846 1359 7647 6892 1228 7869 14871 412 165 5791 2937 15006 9891 10704 11445 10025 27033 6127 51
3151 15548 413 7558 34 1174 12235 8783 596 21683 6365 467 2924 11208 19303 264 1035 7847 16049 13399
161 8138 7603 8416 1096 5165 122 9077 1190 14786 238 7672 6061 9612 6252 10044 959 700 20090 16108
5078 92 7834 11892 7036 139 2712 4268 10393 14543 2075 27689 444 8593 357 1666 4968 9239 2080 115
12597 2559 139 17789 942 5839 89 4401 16062 2149 9720 4906 352 1851 11102 2355 3183 13688 7368 22847
2219 12688 2877 12 17128 2115 7727 13126 6982 10602 7801 1968 15673 1521 17260 3849 182 1864 4698 13247
837 15130 24328 11826 17592 7298 15929 18586 16451 5335 18148 400 12884 16529 7447 7005 13538 1775 255 125
516 1055 2942 10212 262 700 4577 278 10754 21158 688 872 2867 635 1127 64 10175 3898 18421 2464
6094 22099 6599 8556 9946 3734 4043 698 1123 14317 1978 1786 7706 147 3596 3035 1798 14257 182 643
25881 7375 3353 9722 4422 9843 4875 297 385 10225 3211 9222 263 25 148 5679 2880 8681 4400 7411
11141 8988 21131 24099 4568 8950 1570 5940 34 11083 7484 13547 16142 1333 9610 1599 10563 1022 2542 1967
2446 523 4931 15167 19244 4078 6213 3248 4948 11635 6323 260 335 220 22271 864 7825 18238 12360 5066
7806 4314 14043 763 3410 661 12693 906 6696 14370 12439 756 1308 7840 834 1297 229 861 3156 9374
9211 3303 2873 10521 15159 3192 19965 139 7991 13889 2860 401 6192 84 8330 5905 11727 918 55 3105
2072 1080 1263 7672 18414 8157 4690 118 5892 580 6160 532 427 24563 1904 16641 10995 6874 7948 7426
4029 16754 10573 7345 516 549 3151 12303 5166 16813 10486 2222 275 7276 330 9915 16259 158 21339 5458
