20
0 70 750 995 74 561 485 830 343 415 328 513 145 159 66 204 720 754 97 267
249 486 630 965 80 15 57 157 537 43 370 80 618 217 3 514 51 220 330 112
931 240 208 14 119 598 146 650 619 16 931 19 70 94 648 110 128 401 649 94
200 450 36 72 876 2 8 28 50 3 283 504 324 286 56 26 70 735 27 502
400 314 535 122 19 219 378 895 306 501 108 406 253 37 619 555 137 40 908 4
104 37 503 324 67 349 686 156 536 9 2 506 44 325 34 568 258 979 54 19
163 356 15 484 182 277 182 22 59 511 41 663 687 92 36 5 20 802 4 44
370 418 515 255 701 100 611 10 925 25 891 43 696 544 104 628 619 365 828 99
16 116 50 128 37 78 189 156 468 812 991 148 21 12 557 260 118 13 505 116
174 737 919 580 71 93 2 164 224 216 792 474 81 384 350 20 71 207 118 56
29 97 139 910 194 961 466 29 254 486 238 451 158 684 375 811 240 912 751 51
226 957 561 501 283 408 240 381 61 24 614 99 66 9 129 168 323 214 174 61
5 81 208 816 367 16 623 51 53 30 231 713 818 645 32 13 476 93 708 515
543 176 113 851 964 197 787 952 68 41 209 13 13 341 84 2 420 217 931 18
105 77 262 565 269 159 285 449 510 24 24 765 159 117 422 227 134 486 268 300
270 676 41 268 48 175 203 16 765 48 216 590 605 305 810 265 89 434 160 80
739 148 441 138 400 1 11 205 840 856 48 658 342 300 767 94 793 949 885 254
592 880 261 2 478 970 953 27 606 29 2 754 53 90 661 87 971 395 31 14
846 147 31 461 720 181 361 242 15 187 58 185 418 49 523 25 56 12 250 782
551 45 161 480 855 570 60 85 360 143 42 351 678 540 157 979 2 121 13 619
0 1100 21365 23003 1538 10416 10382 21622 8365 5507 3842 9962 1813 2260 1563 3903 17007 9357 1855 7299
2601 7985 7564 19605 2320 176 971 2440 12797 763 9641 2051 16900 4258 60 10460 1171 6228 4527 1458
23585 3658 2122 280 1936 9907 2122 10837 8245 180 9927 235 896 1203 17138 1608 2432 8965 8619 2186
5572 5914 637 1965 12477 22 176 671 654 87 5320 12673 4731 3143 593 373 1525 16297 684 14169
8467 4518 9672 1546 250 6113 9066 16290 6093 5490 2825 5548 5136 936 10359 7970 3570 454 13282 80
2429 431 6392 3879 978 4545 14534 1761 6845 156 25 8020 751 6737 375 13560 5782 27047 1535 389
1843 7659 258 12497 4267 3741 3370 625 1472 14272 1070 16649 19426 2545 884 127 416 23336 63 1146
9120 7984 7064 3537 7176 2060 6164 246 11651 361 13818 931 20204 9570 2523 15967 9291 5499 21647 1721
440 1224 568 2984 825 1752 5237 4062 11050 17554 28787 2506 366 270 9614 6284 2292 363 7086 1388
1911 10046 26313 13345 1757 2351 33 4333 5012 2602 16352 8918 1062 9171 4041 258 987 3979 2794 1492
386 1917 2597 22437 4368 25977 8525 461 2837 10266 6374 5477 4687 18897 4818 23174 6727 10461 7914 1218
6780 18236 13789 12213 4949 10440 2558 4617 1044 535 9830 2570 1087 253 3204 2459 3277 2211 3209 1636
75 1096 3380 18606 10641 476 10332 1229 1056 419 4836 12215 13438 12241 699 246 13178 1350 7634 5743
12752 5274 2138 22254 16728 3672 17959 19792 1270 1025 2523 389 175 4328 1833 26 12016 2537 17462 317
2374 1521 7462 11230 6860 1811 2938 10493 8127 335 440 13518 2032 1235 8967 5382 1467 9194 5518 5211
5061 12112 959 5850 1094 3682 5790 470 21714 492 6140 10270 11008 3210 11820 4759 2420 10767 3428 1411
8939 2197 12433 3579 11590 19 326 3592 23348 16646 824 15132 5157 5638 12614 1331 12223 14747 21035 5048
16366 22283 3346 46 12296 27591 11787 471 6987 811 24 16157 1262 1783 8356 1296 20828 7732 570 417
12965 1775 536 8574 7828 1841 4446 4237 291 5001 1430 4902 5441 1196 12567 669 1227 209 6828 21974
8074 472 4787 10795 15429 5717 798 1894 7198 3089 1204 8138 10439 15846 3634 15844 30 2681 319 17144
