20
0 948 410 83 4 911 599 89 460 817 87 64 15 804 793 9 74 655 746 258
210 95 255 62 3 528 127 129 934 383 670 108 580 338 421 331 364 594 686 145
704 822 284 568 78 733 858 45 325 778 583 381 314 872 62 11 181 655 330 703
210 42 149 884 510 4 95 194 534 815 499 41 17 289 394 10 704 11 805 260
68 299 261 356 600 990 722 504 266 831 8 21 19 322 38 803 61 26 827 619
162 348 331 620 682 808 156 129 3 11 632 897 585 244 688 2 748 348 690 966
652 904 22 68 25 46 34 1 672 972 451 681 536 939 691 250 52 71 426 56
720 260 2 438 4 82 107 727 167 110 61 14 776 45 167 5 10 363 833 38
298 577 676 177 142 476 809 370 703 28 223 230 519 78 419 406 11 610 2 48
212 344 11 78 39 5 506 377 222 976 46 598 525 56 385 816 797 769 726 195
41 48 14 218 435 103 176 5 127 434 98 125 738 176 337 481 136 992 116 721
777 4 93 808 343 319 33 44 27 493 421 8 703 147 5 7 254 7 34 33
105 114 638 219 11 851 911 9 495 197 143 17 60 953 150 88 22 136 44 349
25 627 110 803 4 338 911 572 596 234 280 171 233 64 979 96 477 301 11 317
11 125 165 670 610 921 158 29 581 187 60 332 3 169 494 523 634 491 722 11
42 705 157 225 19 895 3 526 33 66 151 21 14 591 341 238 739 36 22 259
555 514 124 586 8 877 105 610 537 853 576 188 75 185 8 516 521 290 928 90
553 847 81 677 852 11 337 237 983 390 290 653 67 247 172 199 452 55 495 99
533 405 618 534 342 439 2 755 550 694 41 36 54 138 823 3 327 552 699 319
25 757 448 565 40 863 891 74 365 54 23 335 37 752 420 190 73 15 760 300
0 19053 10812 1288 80 15878 15800 1430 7284 23912 1710 644 416 19484 20085 133 1165 15648 8653 3946
4344 1143 3495 1771 62 6032 3610 3378 11227 7016 16612 2055 13491 4065 5584 5500 4798 17666 18156 2016
20313 19757 5784 7946 2101 12101 19064 1031 4871 20036 13417 7323 4288 20395 932 320 4128 14366 8898 11850
5764 1115 2465 10802 5811 80 1183 2761 13808 17669 8473 900 189 4201 6960 144 12832 235 11611 6739
1930 3526 2699 7635 8570 15774 19057 5288 5948 17117 109 330 260 6203 1028 22676 1300 685 16940 7287
3474 6664 5604 12833 18490 12261 2825 2974 39 283 11879 17270 15719 5996 8796 36 20629 5854 14411 18334
17226 14354 454 1620 429 840 922 15 19063 28269 7087 16542 8096 19433 14512 4588 973 990 4719 1210
8396 4307 60 6374 66 1256 1546 20520 4538 3007 1235 242 9413 884 4457 134 134 6499 13452 680
5003 16723 18743 5244 1444 8792 13989 4792 19598 724 5908 3480 8106 1978 9521 8713 148 8232 41 1427
3598 9689 314 2033 981 106 12716 7205 4235 11439 1377 17724 6703 696 5885 12031 14482 20452 8967 4342
688 658 229 5116 5542 2409 3278 130 2952 7291 2646 2308 16426 3125 3848 11227 2823 14826 2755 18655
19198 108 2682 8857 4256 7570 484 801 761 4962 9021 157 13463 1964 94 165 7342 161 1014 337
2760 1697 9932 3727 246 24851 20875 191 5616 5904 3296 377 1179 24253 4304 906 462 4016 578 9624
502 10232 3005 13043 48 9982 17302 7159 7913 2936 3493 2998 6846 1602 14556 2607 5977 6990 285 6508
288 1423 4196 18959 10589 26557 4131 647 7644 5032 1196 5998 35 2484 6393 9650 11868 9587 14716 235
510 10347 3946 6466 322 17846 35 6383 824 1726 1859 567 333 9775 4880 2464 21830 462 564 4756
12748 6661 2826 13384 208 14340 2366 16155 9644 13055 9103 3043 1862 2888 203 6242 8131 4151 20208 2647
8961 19126 1552 10558 14408 254 8322 6728 10046 4605 6787 10190 1708 6795 4528 4510 12287 1569 14361 1907
14547 7894 15275 7978 4560 7350 41 12831 11081 10018 705 487 939 2122 12377 66 7395 8705 20182 5461
320 18992 7461 8705 828 8727 16868 2205 10592 1134 291 5802 562 20598 8620 4652 1904 296 10450 6216
