20
0 66 8 220 392 186 37 564 152 160 612 470 262 210 50 594 122 247 293 957
609 17 5 207 1 23 276 170 460 786 175 317 649 699 20 172 109 258 621 130
548 883 994 245 53 384 623 342 505 55 440 889 793 218 770 571 387 118 769 89
143 76 525 809 247 838 813 66 36 200 707 69 877 398 320 354 23 46 17 27
531 408 429 48 39 378 537 747 514 447 355 504 719 476 14 840 38 908 507 626
339 617 732 150 326 57 97 113 310 522 651 593 240 803 4 23 154 375 360 85
6 795 8 431 105 11 11 491 594 51 664 958 33 48 17 197 156 474 204 78
264 87 579 130 451 458 195 915 309 66 379 639 155 737 26 728 1 752 647 450
84 28 400 995 784 576 23 999 47 76 732 4 170 20 252 35 183 9 170 535
333 22 26 43 399 565 976 9 399 4 32 392 774 327 265 176 171 550 119 179
213 85 491 109 696 119 28 13 910 154 459 449 434 2 17 713 129 372 850 264
5 754 766 646 89 790 1 636 71 209 130 424 863 312 1 175 225 30 5 186
361 749 169 29 1 56 48 87 106 414 886 28 449 441 742 242 515 83 402 76
240 421 19 554 885 155 987 126 186 844 564 129 367 156 778 145 78 123 4 919
286 841 3 89 310 490 428 415 299 307 904 81 124 119 914 54 118 8 56 353
164 105 209 610 5 238 521 839 759 818 770 861 326 144 35 129 358 118 734 117
46 28 10 656 238 673 350 68 264 518 36 129 26 163 614 56 1 58 203 28
624 993 345 982 390 644 806 188 118 19 64 777 810 283 484 375 145 306 191 978
254 177 681 112 770 465 834 78 594 289 460 30 216 165 250 338 20 2 723 516
674 213 20 80 11 300 484 763 173 1 893 430 226 443 900 496 45 816 343 123
0 1444 108 6325 9190 5514 876 9858 4022 4743 16646 7997 7585 5295 1446 11703 2964 6552 7214 16347
8174 500 141 2793 18 669 4890 4189 7745 13450 1845 5766 10007 10941 322 1951 2761 3301 17026 1974
6629 9545 17897 6470 1579 9867 6248 9321 6578 1595 6204 25512 17964 3516 18996 12867 10203 2768 8923 2576
1655 1162 10483 21922 7284 14617 12256 1717 436 5572 18995 865 9399 11875 8007 8698 521 893 307 807
14805 7841 6831 1022 587 5929 14442 16203 6975 12975 4982 6854 17068 9400 194 16979 750 16252 11818 6314
6748 16082 13967 3738 9553 1401 1352 1789 3532 11201 12778 7611 5053 20497 83 648 4032 6248 4752 2514
172 9248 190 11811 3109 125 170 5557 11742 1012 16605 19798 965 939 331 4750 2115 11574 5198 1200
6452 1637 7194 3347 5947 5683 5257 26473 8185 1524 4490 11076 2912 8149 454 10718 25 21570 11255 8258
1028 438 7787 29416 23412 9807 511 11882 1387 786 18746 85 1877 428 3952 987 5216 99 3144 15407
5403 246 296 1119 11021 5908 16176 246 9505 69 744 8760 15352 9601 6655 3802 2721 6705 3505 2653
5040 871 8442 2785 19075 1268 819 381 24075 2068 4714 9610 11342 47 351 12088 2010 6843 13631 3148
150 12155 16517 6867 1755 10428 30 12339 934 5595 2591 5176 9956 6652 18 5081 4201 371 105 3948
4316 7814 3272 294 15 909 705 890 2364 7067 23602 687 9700 10555 9016 2821 8679 2068 6682 1085
6594 11302 392 6601 14437 3836 10278 1736 4040 11328 10225 2305 9151 4582 14293 3323 1199 1476 71 11763
6607 20155 50 2522 8315 12341 8669 5553 5516 7725 11158 1127 3464 1624 16765 1459 3387 216 1369 7788
2894 2913 5330 17154 72 2732 8144 24278 10927 19216 14505 15020 5490 2200 457 2594 8328 2123 21048 1315
895 349 132 12037 6739 10740 6175 1752 4622 11661 450 3550 306 3321 16297 1246 11 1021 5933 403
17874 15573 5398 15359 5565 10454 20989 4373 1441 304 965 10201 19366 7730 5134 9607 4204 6431 5342 15540
4036 3563 14455 2483 19607 8041 23787 1065 14030 7499 8565 429 4855 2228 3983 6868 548 53 7685 8670
16367 2719 530 1381 329 5496 7748 11209 2359 15 24067 8467 5260 11611 13506 14557 740 20660 5872 1716
