20
0 536 317 447 49 547 856 75 914 716 240 281 215 26 2 531 844 509 51 248
239 336 228 939 46 14 674 113 203 628 27 3 754 251 1 43 76 168 751 324
36 3 3 6 325 702 464 43 564 118 228 203 286 107 269 28 72 177 345 786
583 145 177 270 562 32 865 796 244 398 259 435 655 17 957 615 629 28 552 618
471 363 472 453 365 405 172 94 874 34 672 471 193 512 69 326 19 209 449 840
65 254 95 518 462 65 80 5 713 535 109 889 427 606 18 553 939 520 37 258
647 167 164 928 43 42 935 626 80 700 789 4 19 107 444 640 303 410 390 997
608 65 253 857 22 32 48 31 467 673 94 191 199 28 21 349 471 400 122 241
834 179 848 838 496 220 226 60 160 517 2 41 409 1 655 499 4 322 559 238
1 785 24 605 303 827 77 204 507 119 335 398 884 203 79 586 188 911 557 562
78 212 103 76 250 1 987 137 544 224 109 977 984 214 977 11 919 25 735 673
900 744 199 376 277 302 260 478 90 143 190 537 102 89 848 21 343 388 899 158
65 67 403 606 544 394 604 975 316 847 335 399 29 76 33 229 545 13 191 245
115 20 913 61 966 890 892 182 145 929 51 3 90 445 490 708 466 510 947 329
863 102 316 806 695 686 533 657 156 97 979 30 427 816 880 335 846 414 4 23
251 18 21 407 12 497 334 435 36 284 123 840 498 627 443 13 970 149 484 69
33 368 960 9 363 206 137 303 393 871 473 684 101 824 309 181 194 8 37 859
129 907 4 288 25 488 109 69 2 11 283 208 396 14 228 7 698 165 533 8
628 771 921 94 372 772 829 130 710 217 548 594 116 804 977 16 566 128 578 98
110 691 366 6 820 707 496 179 532 260 387 108 457 11 63 590 347 909 58 477
0 10258 8399 7277 769 16014 13733 1024 18846 14958 6775 7619 4540 532 21 15836 16043 10512 721 5511
3340 6567 2352 24543 577 354 7927 1620 3870 7733 280 66 12648 6990 29 934 1142 4739 20643 9352
768 76 61 72 3369 18270 5126 902 13741 1262 5318 4458 7933 1298 4202 403 2126 4488 9844 15763
6556 3280 3135 5729 13247 848 10404 21647 4411 9224 7324 7869 16535 498 15806 15549 7222 793 14681 11356
9558 10726 11048 6789 9205 8706 4253 2293 13370 762 16646 11341 3208 12438 1651 4718 384 2419 13345 8984
918 7438 2197 5671 12475 1460 829 69 9266 10866 1284 16508 4736 15245 221 6395 10469 12787 946 3479
14008 1739 3692 25500 558 451 24371 10399 2223 11439 14445 109 248 1920 10395 10953 7738 5239 7808 10123
14653 1857 5745 21665 291 519 838 587 13559 8550 1128 5120 3946 688 482 8207 5962 5556 1620 4467
23490 2038 18602 23997 5107 3864 6536 1306 4474 11884 56 515 9440 24 9119 10907 77 7495 8061 4894
10 10341 313 6445 5503 23715 2064 4063 11733 2517 8697 6281 9977 3859 2091 16774 5426 10606 16191 13778
871 6263 2945 2045 3999 26 15259 4038 6612 2974 3094 25264 21034 5240 16908 260 11813 645 18304 8733
16710 11255 3326 4832 4759 5988 4016 10030 1327 2764 2901 9649 2616 2353 24520 545 4868 5479 18315 4626
1793 1710 8197 16830 9314 5223 10424 25257 3728 11820 4834 5549 536 1302 822 5750 8043 154 2537 5360
2012 257 24972 1168 25157 9146 25920 2832 2867 24316 1362 43 2615 6998 5781 10210 11010 8799 22202 9074
24397 1339 6375 11863 14657 17732 13672 19017 4024 2140 26095 861 5481 8363 12186 5998 8775 10311 105 650
5523 412 282 9677 255 13988 9629 11438 692 7364 1351 17766 12870 18601 5868 155 16195 2397 7909 1151
834 7367 23414 168 5906 3794 2158 8950 8381 17326 8522 10057 1605 15024 6553 1991 4109 149 761 9900
1731 19646 41 8520 445 9252 3246 1575 55 289 3306 6239 9587 170 4265 142 9865 1940 10066 202
9829 14723 15572 1343 4446 15747 15220 2249 11289 3782 14489 14500 2250 12102 15058 377 16910 2205 10978 2748
2009 17616 3678 119 21538 18364 6451 2147 14227 2641 9648 2141 12606 311 867 14305 9554 25793 651 10069
