20
0 66 360 123 528 239 541 297 772 497 495 27 16 25 975 873 641 403 14 844
10 251 608 34 646 357 909 115 246 610 993 284 1 220 472 624 6 673 64 22
285 912 200 894 647 720 18 275 114 290 812 110 422 619 423 292 4 560 156 330
217 19 131 43 64 19 62 887 284 675 265 385 788 8 604 384 123 208 214 297
730 240 239 56 547 227 644 4 409 3 5 640 31 109 163 32 454 39 852 634
980 933 137 367 525 143 491 849 19 40 673 67 395 339 727 771 432 274 451 14
7 143 585 172 210 863 18 9 106 822 375 62 266 7 361 256 129 16 721 97
212 549 794 531 703 973 119 114 437 143 192 139 380 30 940 366 16 368 29 137
980 690 152 330 15 32 50 873 869 73 397 40 165 143 288 45 889 769 909 338
322 848 5 5 40 14 129 836 778 848 77 15 10 699 99 316 240 504 306 194
1 81 68 514 169 323 91 199 314 718 5 501 4 42 304 184 1 481 339 133
242 37 298 846 2 93 40 598 64 45 163 655 594 610 961 645 125 27 702 396
12 208 703 16 818 12 10 301 37 561 736 521 788 90 5 500 822 13 95 429
216 184 902 733 18 210 389 154 791 81 5 315 675 75 389 285 88 584 24 6
68 314 541 561 887 278 446 336 322 258 295 298 190 11 76 205 33 650 35 344
252 44 201 393 35 28 105 549 624 867 3 656 776 574 108 811 493 518 10 439
554 342 42 75 416 507 81 24 87 123 195 2 36 595 439 222 16 553 144 413
211 11 500 153 172 6 133 134 133 395 573 447 558 283 26 162 757 321 3 460
82 65 786 384 886 702 28 346 87 165 756 40 48 8 410 991 490 119 868 124
488 362 613 933 8 423 193 608 120 169 909 6 5 612 814 804 405 87 422 9
0 1387 6305 2918 6883 6105 10428 4750 7887 13584 11666 719 211 651 17832 18001 6630 4088 233 15357
167 5734 15139 536 13534 7169 25810 3401 5945 13268 19375 4556 14 5019 11673 6444 172 16087 1411 588
3749 16594 2151 13855 14147 14063 259 5697 1499 6208 20836 2624 11131 15880 6595 5631 46 12765 3568 8271
5855 374 2331 1267 652 283 741 24773 8298 7218 6885 11190 18111 160 11804 7382 1914 5124 4833 6638
18175 5739 2596 1528 14104 4208 7230 89 6039 81 105 7914 523 1188 2171 546 7311 593 24019 13686
17138 12833 3108 7463 8455 2694 8069 23086 411 1025 12365 804 8175 7492 17164 16121 5175 3679 11489 311
163 1619 8337 2518 3838 12659 520 106 2539 20040 9323 1591 4156 160 5281 7663 2323 410 9965 2708
4706 7812 8223 10201 12801 27009 2934 2470 10194 2048 4219 3986 7172 580 11209 6849 331 6282 795 2175
10733 6905 2432 3958 166 584 1016 21510 9779 1183 11214 875 3967 1749 3339 722 23010 17898 13876 4913
6938 22390 91 119 617 287 3106 18602 23275 10092 1646 364 191 9228 1065 5598 6367 8795 4625 4544
16 1903 914 7997 5025 9666 1840 5266 8211 20824 54 5226 56 942 6733 3010 30 13734 9497 2593
2912 803 5485 21313 41 1864 985 12279 1266 643 3450 9256 13748 12087 17569 14377 1335 471 17610 5828
274 4507 8526 207 19806 354 277 7184 891 9489 14327 10469 17839 2542 98 14914 20157 361 1506 4983
2221 4745 13434 21795 275 4266 3922 3292 12416 1399 74 6045 11336 1368 11364 6671 1796 14114 589 63
1143 7825 8345 9090 15887 3801 11155 7167 7637 4358 3833 6669 4750 278 1378 4151 830 15948 1032 7303
5355 779 4496 10959 642 771 2742 6686 8393 12553 79 15364 12744 6322 3062 17661 5793 8329 132 5934
12869 5979 790 1167 7361 13894 2250 283 1306 2570 3186 24 663 17107 8052 2994 247 12124 3158 6154
4468 135 11471 2029 3495 151 3040 2786 3141 11492 8673 12270 10654 3788 263 3330 19675 8347 76 7777
1575 1844 10963 7292 26186 8496 368 7604 2295 2529 17909 1186 604 217 8150 15689 13546 3185 23159 1296
14209 9576 9658 21818 212 5122 3521 8841 1237 4837 16479 168 86 13103 18487 11797 11288 2162 9560 269
