20
0 752 941 900 83 34 17 928 1 37 16 212 130 37 556 105 875 527 520 217
119 246 207 535 43 510 335 267 693 555 772 195 416 332 22 68 240 268 755 407
396 182 27 162 506 464 43 29 427 918 15 84 68 28 664 653 544 8 90 839
63 398 89 580 302 5 16 56 235 105 221 844 70 764 532 229 359 31 2 3
15 32 3 587 234 391 265 235 25 6 365 436 836 58 331 897 505 46 168 24
9 6 107 794 255 111 594 218 991 483 562 39 396 495 16 11 468 18 42 125
411 692 256 902 602 64 316 16 900 68 644 15 216 458 234 911 302 283 461 572
111 85 150 281 906 646 41 724 240 12 851 125 316 194 65 435 693 786 154 208
482 29 440 683 15 755 22 371 841 4 60 211 5 795 39 814 290 2 10 105
290 195 164 356 13 158 360 826 220 562 21 40 441 33 3 572 794 24 972 965
690 217 169 190 95 229 937 147 210 108 5 726 671 3 981 82 176 47 484 412
312 222 6 152 392 383 122 4 4 108 244 666 992 476 828 664 325 272 790 678
861 972 411 36 922 291 815 184 364 204 358 523 729 781 903 12 157 519 573 705
822 12 156 532 840 243 466 88 2 120 90 552 444 4 531 248 387 522 330 236
102 2 517 185 463 387 62 410 90 210 172 564 3 16 590 48 274 45 781 887
186 46 30 8 332 72 196 513 49 124 7 73 88 19 597 559 216 3 256 620
562 87 1 325 366 29 897 2 265 585 102 8 2 685 10 10 194 556 353 124
25 880 496 37 32 3 134 926 759 295 67 33 129 310 244 6 999 326 920 386
49 11 989 244 21 326 434 1 221 895 81 701 18 43 40 159 639 426 121 94
594 1 117 651 901 969 69 350 413 23 15 16 140 191 572 368 635 504 138 131
0 13491 13762 13417 2440 574 226 16542 26 959 421 4972 2173 689 12859 2708 19365 6828 12173 6017
1212 5185 3514 13615 528 8546 5818 4199 13757 10321 11116 5736 9259 9135 568 1438 5901 2755 19687 11640
9581 4464 668 3651 7147 6015 1022 690 6169 10180 348 1964 1986 745 7907 16191 8923 150 1938 15596
1482 10413 1745 11338 8731 82 405 613 6915 3105 2991 18143 2091 19025 7325 4615 10009 353 34 72
352 947 40 8805 4524 7126 6312 4245 453 120 10458 8445 14610 1141 6894 10689 14219 1249 4968 648
90 158 1912 21218 7110 1849 10280 3929 21441 12243 14147 762 8427 13839 237 152 5122 362 592 3716
10938 7312 6559 19493 12081 686 8346 282 13877 1404 15043 437 2469 11129 3156 26292 4897 4049 8590 6092
1623 2500 1701 7031 19674 17002 857 10698 3021 126 12514 3721 8639 5260 1654 10634 10263 17921 4123 3545
13277 480 9824 15612 370 18239 331 10381 10164 57 1200 2393 93 7999 563 8586 8037 50 217 1297
5975 3786 4658 10549 157 3747 9464 23520 6009 6037 234 927 7714 764 47 11806 19291 253 13606 25803
8652 2454 2363 4534 1197 2712 15609 4224 3871 3192 145 7340 7769 89 13011 922 2404 884 10769 5475
5101 5919 106 3767 4280 10570 1838 109 107 1366 7101 17411 14309 12612 17625 9575 8870 5209 23116 11677
12088 11518 8480 555 17418 7969 8664 2087 8248 3195 6985 13158 20828 17037 26747 325 2969 12860 6267 8952
8679 341 2350 7439 20887 6544 13389 1585 41 1287 2353 7652 6013 50 5318 5294 7198 6039 8381 2732
1724 22 5836 3942 11332 4767 1299 8980 1258 4945 2116 9536 56 307 11810 641 3384 1322 15247 21840
4296 1156 554 99 6729 2088 2980 15201 651 1971 203 1823 1309 445 9746 10113 3424 66 7543 14221
6175 1636 17 8576 5594 771 18137 28 6715 12391 1529 202 33 12933 238 240 5475 7714 3587 2139
349 24005 10708 577 528 87 1790 21795 12492 4017 843 787 3625 5449 3087 166 14785 4722 26304 5271
556 226 24281 4212 460 8090 5236 15 4443 16883 1292 15692 497 989 447 2864 14873 6497 2100 1582
9281 15 2733 14745 21947 13188 1116 6909 9405 348 339 175 2429 4934 6045 7754 9238 14324 2019 3284
