20
0 34 54 220 441 843 54 344 6 141 960 599 871 67 645 83 651 611 850 17
818 142 435 340 352 983 129 706 163 961 34 977 6 729 850 953 984 929 421 14
993 3 8 150 187 912 76 910 184 777 15 72 541 24 959 6 712 11 85 62
49 59 17 439 72 11 4 105 319 12 618 387 18 38 885 197 361 422 316 24
386 40 131 326 126 377 40 89 951 116 500 874 611 404 399 11 667 327 72 848
1 387 38 874 14 166 711 300 940 812 616 21 927 324 99 506 723 66 112 52
143 418 119 998 125 910 285 62 40 884 267 325 765 202 443 632 645 856 380 5
160 207 78 190 201 843 142 134 656 558 458 602 74 732 398 232 219 929 158 10
143 534 206 15 562 535 432 21 7 480 723 631 3 117 18 791 21 127 772 32
382 191 977 600 44 55 101 634 179 961 4 19 116 90 682 1 41 75 887 153
3 254 241 779 885 634 641 795 73 490 125 739 480 8 556 6 83 609 136 839
15 480 886 116 396 151 287 733 184 704 482 941 41 46 62 321 406 435 283 350
40 583 140 833 681 42 8 449 815 496 272 678 815 511 238 428 34 19 767 36
626 16 347 877 376 864 43 849 412 177 36 53 51 10 109 25 3 192 485 52
184 238 9 498 147 119 241 98 17 40 424 75 582 541 77 37 70 240 402 6
2 175 639 316 767 436 1 159 92 238 530 175 651 75 233 307 277 637 531 409
829 495 655 467 365 94 70 32 43 27 541 335 595 687 1 9 304 654 81 138
367 9 506 83 705 582 2 53 140 215 247 46 430 613 49 664 827 56 4 73
172 70 46 54 31 123 238 16 441 815 365 530 841 209 80 428 640 33 15 74
82 30 353 428 73 88 602 265 1 987 92 105 140 3 377 43 139 182 7 319
0 354 1489 3289 8976 17424 1454 7037 133 2556 19969 10853 12001 1853 7297 1526 10451 8526 14837 173
21756 2557 8827 5139 10053 21109 3199 19381 3937 16681 357 22687 79 11528 13405 17651 27524 23056 7605 405
26449 74 235 3553 2574 9927 2152 19801 3347 20138 151 2025 15141 295 23076 141 20422 214 1568 1266
1215 1553 338 7823 1946 126 48 2482 7893 350 12408 8473 352 486 13066 3821 10273 7922 4434 318
4636 1114 1531 6123 1919 5705 778 1039 15052 2514 6312 9947 12161 8442 10731 128 10125 4476 2024 22093
13 10963 1116 20381 146 3456 14035 4034 19507 8463 17379 309 12080 6136 2012 13149 12090 1333 1461 742
2794 9421 3078 21713 2108 17576 8526 1005 1099 23195 7573 3421 15527 5671 10202 14081 14164 20465 5797 105
2938 4377 1062 3112 4603 13680 2393 3667 14588 6151 11173 13362 2048 13163 10048 6493 5123 19354 1996 109
1482 9654 3607 398 8377 15439 8689 609 88 13194 10006 16742 49 2921 192 17071 559 3686 12559 657
11051 3028 18567 8373 594 1077 1846 11967 3614 26734 75 466 3471 1118 10723 22 661 2178 8937 3045
72 5340 5916 14537 21890 11282 8413 20129 1491 8572 1889 11474 13245 203 6502 146 1392 6757 3444 16205
282 12565 15395 2789 7018 4100 6208 18515 2291 13418 8061 10548 551 1002 1353 4634 10518 9534 6017 3593
1144 15308 2469 9422 17040 478 166 12558 13614 5068 2804 15100 21926 15044 5745 12296 399 263 18184 1079
14574 190 9926 9236 8133 25233 674 16079 6513 5194 751 1533 1253 154 1348 571 54 4131 7171 1427
5238 3518 249 5544 2900 3504 5200 2915 455 650 10234 786 16130 11663 1977 449 1209 2609 9096 66
59 4960 13801 4833 21853 5216 11 3323 2230 2921 15735 3705 8674 1639 4614 6512 6708 13591 13563 7218
14263 6686 12604 7707 7148 1374 1043 928 1019 782 7103 3410 8780 17887 18 134 3127 6993 2326 2757
8493 99 13705 2290 12118 9061 42 1204 2472 6340 3407 824 5216 13635 1254 13068 16252 1112 65 1905
3780 1877 1029 1081 755 1411 3976 232 10110 15670 6910 11733 14234 5050 2111 6912 8715 580 270 1256
1526 821 9511 10175 1433 1903 13250 7895 15 26890 1974 2269 2898 83 6377 806 1822 3658 144 3389
