20
0 529 786 584 112 376 501 545 815 932 438 236 24 43 2 857 684 401 598 71
14 515 744 711 114 148 790 54 132 28 451 439 14 236 51 802 131 890 452 481
854 186 9 535 1 10 174 683 320 456 457 503 216 83 916 247 61 28 30 465
6 291 457 503 550 715 232 2 702 103 547 143 716 318 812 159 187 754 40 925
295 649 370 48 396 849 156 271 648 421 498 229 430 483 670 1 253 61 430 469
973 615 27 179 145 44 92 336 230 5 233 147 392 76 148 408 418 854 451 102
529 315 417 417 3 2 976 318 182 158 594 477 127 645 51 208 144 815 952 972
137 228 435 467 103 117 568 2 527 714 42 238 404 60 169 451 345 185 1 47
155 189 694 896 218 757 792 521 95 570 516 117 409 891 248 199 780 121 654 25
10 6 982 113 34 3 65 143 735 586 6 98 635 373 386 624 21 282 4 354
287 10 860 611 879 102 605 859 673 2 16 59 406 74 907 730 381 782 74 344
880 27 824 354 150 988 661 100 398 784 413 945 999 331 379 466 673 287 10 585
713 465 59 251 783 77 85 138 86 59 933 781 414 367 311 142 38 476 239 891
667 287 92 778 10 68 361 25 304 597 31 25 243 255 685 310 6 119 989 842
25 133 351 70 230 121 158 2 727 12 548 8 100 620 99 17 115 166 345 838
724 490 16 575 176 112 208 269 39 505 26 2 12 47 582 4 45 2 67 135
291 31 77 675 360 881 42 771 709 331 295 120 582 864 830 26 648 865 230 100
285 146 473 151 430 583 13 329 748 809 196 229 249 14 22 69 227 206 5 61
16 539 710 117 2 106 131 555 431 998 198 657 827 97 30 317 79 77 546 29
12 271 148 22 38 649 874 720 648 669 852 783 941 129 241 15 727 878 936 373
0 6519 18719 11341 3067 10239 8202 6883 9316 13117 4801 4569 561 647 23 8684 14704 9901 14137 1059
310 7388 9789 20325 1863 4407 17057 1484 3273 538 5554 5517 206 7010 1481 8968 3868 11050 10635 6294
21890 3873 225 13667 23 174 2687 11158 7656 5693 7305 6181 2180 2335 18943 3318 1197 445 664 6974
101 8270 6087 8644 13010 15441 2615 52 7664 1315 10748 2857 12798 4454 8981 2767 2180 12678 555 12244
8102 17337 6289 1130 7962 8797 4374 6728 18711 6715 7216 6107 10257 12547 13498 19 4372 1585 6395 13920
10260 7330 692 2312 2244 569 1093 8095 2302 125 6786 3810 11703 1836 3118 9661 6036 19489 7549 1580
9268 9191 10613 9418 71 50 27862 6230 4489 4493 8551 12032 1956 9658 1049 3291 3291 19802 24754 25998
2927 3259 7884 8516 3007 3030 14009 24 6630 8955 946 4652 4644 843 2285 6667 5902 4877 26 759
2469 5422 10322 18770 5267 21555 8456 15278 1286 11071 8236 2596 5663 12841 4723 4339 19495 1295 14611 424
281 117 17371 1545 412 78 991 3560 21609 14893 95 2938 10954 3893 9805 16948 474 6997 44 5452
7800 251 12566 11822 19406 2694 18114 25682 10343 23 463 657 4766 2135 14090 12980 7845 20113 1611 6704
18999 596 13515 5420 2150 25920 18732 1414 11085 10120 10822 19839 24890 3810 7613 13197 14137 3940 162 7449
18871 7085 921 5360 22623 1809 1240 3207 1955 1078 25588 10381 11592 3819 8160 4241 668 7321 3452 24285
12211 5548 2604 19139 159 1707 3933 519 5960 10959 684 516 7134 7190 17656 3160 142 1473 12306 20926
400 3815 6658 1640 4186 2725 4352 34 15749 196 7065 170 1895 7329 1392 214 1501 3403 6621 14229
9731 11836 190 10783 4408 1504 4164 7275 555 6934 738 48 134 1213 15864 80 548 22 1869 2613
4746 337 1884 14262 6607 24042 1242 17570 8355 6472 6083 2642 9766 16403 18825 679 16850 24669 5321 2847
5066 3376 6299 3043 4466 12625 360 3477 13180 14501 4363 5963 4323 393 438 738 3290 2627 133 1325
448 7081 13673 1879 26 2800 1895 8820 7687 16717 3978 14382 10111 2081 320 4963 2033 1191 10162 672
163 5410 2195 430 704 9537 12408 18160 16884 9598 9813 23257 10338 3403 2472 340 8773 22432 23604 9150
