20
0 2 785 107 748 8 106 425 374 640 128 207 94 302 512 167 149 63 46 163
2 182 42 9 211 690 78 7 123 369 54 355 280 123 26 568 776 312 925 123
301 423 496 188 51 433 438 40 795 101 91 11 937 541 186 567 689 598 260 6
33 473 849 422 332 22 56 4 143 28 685 582 2 16 13 525 16 74 729 944
157 8 2 829 488 218 26 64 81 54 71 141 417 939 714 122 13 291 852 11
27 580 276 788 128 486 231 135 358 395 56 581 492 365 147 135 674 429 358 834
351 13 927 150 153 130 542 46 445 588 108 683 238 27 981 979 870 709 18 149
855 163 82 319 129 632 90 978 313 265 820 1 831 140 25 395 518 45 480 10
584 66 802 694 338 65 135 105 76 143 50 801 3 509 314 10 11 95 378 385
426 18 200 334 215 88 429 175 57 385 910 803 241 821 3 80 21 493 237 104
874 26 60 845 22 64 127 455 195 567 228 729 394 4 25 726 912 749 677 707
654 735 211 693 608 963 964 706 283 406 25 104 492 198 407 333 392 2 362 349
174 102 122 12 463 238 53 248 7 17 20 487 33 293 680 328 57 298 23 146
195 2 168 59 139 353 952 439 170 481 126 63 359 29 136 625 121 82 424 1
739 395 208 12 490 899 24 295 609 2 41 169 595 641 631 505 312 73 26 602
608 903 4 10 56 9 42 289 924 718 206 342 354 270 580 1 25 115 23 665
60 63 203 25 153 320 2 623 2 164 645 796 109 494 822 827 225 205 962 628
659 504 80 430 257 9 257 120 231 384 585 149 656 477 4 575 419 33 476 655
35 155 706 967 3 67 15 497 63 146 82 225 919 167 922 35 22 71 103 62
47 17 28 224 185 193 906 613 535 87 331 5 906 593 71 513 492 35 22 113
0 49 10527 2425 19989 134 1527 5994 4737 10444 3706 5568 2288 4046 5768 3162 2796 1498 764 4631
47 2212 534 234 3347 8879 1996 148 2555 9468 1493 5958 4171 3104 487 11587 14863 7057 24921 2838
7211 9814 11389 3322 772 4784 5892 1169 12707 2689 2196 305 24362 10906 4820 6095 11342 11136 3349 79
353 7760 10992 11078 5816 586 792 114 1546 769 15517 14384 23 311 293 9713 339 1919 12006 15223
4083 175 20 12229 8474 4132 374 1191 2168 834 1957 3190 7579 20076 9005 1518 140 5021 23088 266
769 12924 5045 15800 2674 8959 5903 4035 3772 9081 1174 9395 10257 4755 1598 2022 19018 6211 9860 19777
6369 330 24644 4121 2334 2354 14573 1298 6644 14400 1957 18732 5365 531 19271 15416 12822 19092 340 3980
10400 3260 1699 4914 1932 11261 1485 14750 8970 7210 13276 23 23225 3435 502 5305 8613 976 10755 194
9610 1617 13776 12373 5606 1465 2302 2134 1547 2576 518 15648 82 8354 8325 183 150 2686 5545 10895
5373 381 5405 8289 3477 2018 4381 3080 720 9200 20428 9744 7130 22010 70 936 626 10029 6901 3073
8774 502 1000 24415 621 1399 3543 7600 2783 16317 2640 12681 4902 69 545 16615 18892 14357 13177 14784
16015 20421 2734 20170 10375 15059 15754 11323 2892 10980 453 2006 6985 4190 8163 8785 4821 47 5177 8898
2816 1812 3017 254 7360 2859 1242 7241 98 306 423 7220 619 7724 13386 3411 797 5903 599 3659
2496 52 2554 992 2919 4125 24097 7439 5058 7001 1876 1658 5834 448 1966 10985 1637 2138 9516 28
13458 7229 2870 221 8014 20791 288 4294 10883 24 893 1940 15045 7772 6848 12930 5762 883 740 10101
13177 25583 65 286 1021 168 1187 8569 15999 18078 5676 10233 7099 6059 8530 15 593 1316 289 16475
1369 1335 4229 717 3709 6813 32 14864 60 2344 9111 23874 1789 7139 18293 13094 5048 2498 23030 9933
18084 8101 1923 11862 4956 112 4150 2178 5409 9798 17513 3758 10406 11754 70 16924 6419 424 7729 7398
521 3680 16339 11915 76 1855 219 6355 745 1772 2399 6287 17129 3800 16327 820 225 766 2866 1802
619 270 606 4671 4440 5141 18932 13561 15546 2317 9215 114 10739 11066 996 13483 6287 889 446 3258
