20
0 788 92 111 21 924 939 533 175 9 147 223 358 27 2 966 52 259 646 158
974 318 746 142 63 442 10 4 829 894 171 673 861 905 4 28 252 510 757 917
571 584 721 59 864 491 1 47 237 25 651 149 367 36 17 216 104 569 80 711
796 784 787 5 479 362 138 288 6 884 816 370 291 5 243 52 103 144 424 963
40 101 2 829 152 543 230 365 27 81 519 3 126 488 71 163 132 499 730 80
528 276 824 384 477 7 696 148 7 2 456 595 207 375 5 15 87 198 191 247
470 32 59 79 282 27 742 3 31 49 311 79 127 993 880 78 321 53 397 307
402 7 810 338 739 697 357 184 17 552 36 583 260 656 143 806 42 744 834 461
105 427 815 238 382 3 361 22 263 585 376 370 871 47 497 118 841 191 549 625
186 760 407 204 34 467 130 407 404 2 891 701 50 333 61 215 254 416 124 656
2 401 398 847 206 324 2 885 524 27 304 256 57 764 330 551 50 248 995 3
37 7 50 224 5 593 20 550 135 948 955 47 749 254 60 572 15 189 829 321
178 308 442 35 104 193 582 997 108 252 183 32 181 364 800 913 142 410 329 207
3 53 191 14 252 192 312 404 190 490 364 633 1 7 100 908 462 297 499 460
26 28 135 519 895 812 83 6 394 672 100 56 285 222 10 123 988 615 288 16
799 25 141 114 396 99 255 130 360 91 394 152 233 13 902 773 926 522 36 30
166 807 187 918 169 632 923 124 431 744 21 446 569 1 8 95 181 2 534 444
167 341 252 611 538 18 249 659 231 179 50 439 366 60 668 9 313 301 89 271
815 50 724 626 485 716 335 97 51 65 709 990 949 801 775 723 222 532 974 208
120 197 253 857 310 371 625 727 225 173 2 734 914 385 142 220 781 826 6 286
0 15459 2518 2594 524 15826 15706 8268 4609 269 2465 3478 9515 760 48 24011 1043 3923 7560 2589
22073 6183 14593 1991 1493 12184 169 41 16261 17965 4597 16217 21639 13447 88 808 3513 7292 15883 10986
11195 15576 20400 1321 19520 9127 22 771 5991 495 15579 3884 7923 559 295 2624 2886 11774 1868 13457
16703 14014 18205 75 13646 4106 3319 6151 118 11931 21493 6841 7174 144 2700 837 2474 4016 10809 19442
852 2483 35 24804 1532 7451 6677 6770 708 1807 6393 81 2709 5892 1867 2269 2014 11470 11857 1743
11302 5389 12993 11056 11007 118 11809 1666 98 28 7695 15553 4680 6609 123 187 1400 2656 3839 3043
8130 399 1536 809 4415 415 8245 75 840 545 4110 803 3734 27654 20018 876 4260 705 7137 4837
6398 197 23715 7322 8521 16098 8270 3518 268 9230 921 8749 4348 9649 3880 17231 433 21274 12808 13016
1328 12145 21472 4320 4993 60 8989 522 6080 7135 9530 8910 21196 709 10439 1204 24487 4841 8776 8583
2230 11982 11146 2730 446 8552 3601 9364 11450 49 19674 7996 661 5747 1172 4211 5957 7476 3302 10085
26 9829 9607 8838 2375 7583 52 20103 13615 668 8297 3688 1254 15003 3504 10478 1288 6449 22003 73
904 169 1216 4209 92 10352 410 15934 1463 17436 14445 1068 13929 7305 1587 9691 198 2077 20196 6734
1880 4065 9184 852 2588 3743 14627 27419 3013 3692 3355 591 4547 7328 12415 16401 2675 9874 3968 3555
44 862 4774 404 5840 1953 5989 9656 3751 14303 7286 13798 27 93 1920 20118 7475 3453 5620 8023
526 769 2205 8279 16307 12362 2349 103 4925 15328 1851 1558 6510 4781 120 2552 23305 10840 5749 320
13863 557 3528 3333 6051 1942 3371 3459 5716 2274 6792 2467 3870 363 23125 22412 16119 15222 609 620
1781 12323 2164 13324 1856 12230 9674 3392 12255 14944 480 6600 9553 24 199 1017 5357 27 13004 11640
4318 5734 7041 15588 11805 394 5965 10148 2860 2657 828 7160 5861 1276 16317 228 7909 8156 1585 4337
9738 1075 16282 17257 13414 19308 6446 1111 529 1231 19439 10370 20346 9996 8563 18159 4035 5378 13522 2936
1270 4267 5219 14918 4405 5736 12053 20088 6049 3725 21 10668 15941 5098 1680 3849 11001 12548 133 4230
