20
0 309 710 410 529 315 152 134 136 78 591 20 550 62 200 393 971 628 707 120
248 83 443 293 130 388 705 619 855 49 838 876 804 296 249 759 214 24 83 293
292 666 2 178 310 591 137 709 180 563 44 289 92 58 125 190 51 296 50 753
3 195 83 234 29 709 728 195 135 302 106 538 983 167 392 344 113 111 578 789
189 918 454 17 159 678 77 66 49 365 266 282 804 299 684 404 304 348 260 363
141 889 202 423 94 569 32 549 93 188 750 508 771 366 469 409 344 584 181 667
887 94 443 8 420 2 581 91 352 22 667 65 551 546 815 18 31 168 612 370
542 961 346 225 59 134 176 124 865 692 30 571 422 410 44 64 114 999 849 177
287 2 32 81 841 3 734 721 500 785 669 633 77 111 542 194 748 557 2 195
517 639 212 235 156 91 282 127 630 554 27 266 651 612 673 105 43 166 472 443
351 388 96 2 163 131 462 146 490 101 112 792 582 13 67 605 814 145 18 46
889 873 608 236 10 563 258 4 856 85 14 19 231 224 57 403 154 38 374 7
550 99 164 604 222 530 585 20 195 22 910 241 584 779 205 43 1 841 182 304
206 45 70 885 24 501 173 376 279 575 242 41 83 17 996 54 12 730 290 332
440 881 153 5 477 89 585 428 67 511 539 966 210 893 569 61 51 201 973 974
684 294 861 490 35 993 392 836 897 676 109 18 145 355 210 246 677 680 416 887
381 361 484 74 999 143 646 76 482 26 841 10 534 9 28 13 308 887 578 755
26 875 763 4 11 523 702 62 462 153 77 136 285 30 17 39 653 606 11 55
120 17 96 180 294 205 1 21 413 438 218 953 12 375 228 306 312 3 372 556
958 285 699 23 30 6 3 862 19 454 403 561 741 279 83 598 811 296 838 107
0 5338 11863 5303 11574 8147 3043 2772 3453 1693 16529 290 9162 1674 3434 8159 13352 8388 20572 2882
3514 2378 10721 6088 2401 10245 11694 10886 16757 900 22368 14889 20278 8355 3164 12346 2895 660 1464 7832
4975 8913 37 2514 3780 16770 3332 14526 4298 14421 473 5019 2331 1062 1335 1951 1039 3974 955 14563
77 2854 2198 6439 369 18501 13767 2516 2072 6491 1163 15255 18575 2327 8398 9200 1171 2876 16289 20426
3406 16334 9605 475 4671 10243 2247 1822 1047 4216 4953 5310 9971 8209 9866 7276 6669 4512 6755 7219
2240 14237 3456 11090 2669 10042 408 6805 1595 3972 9830 7246 17101 8182 7853 10580 6154 10902 3327 9959
15856 2723 12566 124 11953 36 11969 1814 9480 412 18760 1477 14609 7934 12020 257 623 4620 11419 7637
11777 15874 8716 4502 998 3586 2012 1268 17372 11031 500 15058 5002 4682 865 721 2590 15612 16334 5241
2871 27 951 2039 18633 37 21793 10326 8576 14508 19391 14280 1422 1799 11792 2084 18455 9875 28 2043
10491 6691 2176 3851 3515 1078 8338 2953 8235 8024 590 3111 13232 7391 18841 2753 1289 4143 12594 10297
7029 7855 1370 37 3894 3465 11187 1798 7132 3011 2264 18036 9473 202 1608 16162 13146 2548 390 1202
13251 23104 17838 3180 153 7945 4390 118 8677 2269 374 242 3314 4015 1196 5728 2084 1017 9586 112
11833 2480 4385 8419 6075 13454 8176 202 4694 240 9985 7017 11676 12011 5118 1268 14 11073 4750 7671
5607 1040 817 13463 315 8501 4188 4589 6813 10860 4082 1137 2116 183 13972 1225 312 16732 6980 3631
5675 24417 3290 56 5969 2140 14799 5025 1678 12113 15012 11529 3546 9141 12693 1106 652 2543 25156 17279
7824 4208 24842 8445 701 20465 6582 14052 24148 9299 1435 404 3490 5591 5621 2649 13278 16680 4987 15105
9179 10610 11829 1825 17905 2890 11236 1882 11613 332 8697 144 15500 261 816 387 8010 16990 16818 10561
290 10815 15901 86 206 13628 15003 1840 9476 2382 772 3103 3598 315 437 1169 9673 12140 176 1052
2994 443 2008 3391 4927 5449 18 609 11856 11703 4982 12044 146 7458 5192 5240 8036 73 8894 10367
18492 7216 9159 297 316 78 56 22473 496 9820 4057 9800 21965 6821 1991 16481 9908 7448 18918 2960
