20
0 13 637 247 17 326 534 431 654 303 643 4 249 263 974 8 81 54 790 357
1 386 551 38 638 1 778 911 73 455 823 231 54 579 278 144 13 474 6 59
309 442 315 46 64 440 12 961 243 94 19 60 210 12 528 537 709 617 20 3
709 59 69 19 953 153 297 315 12 65 590 267 31 366 161 160 340 850 25 341
398 874 72 394 687 976 788 590 511 82 729 99 82 338 316 272 752 904 671 153
575 418 701 830 71 147 806 7 247 904 8 100 178 844 578 51 417 15 253 73
666 767 294 34 292 668 364 790 198 211 230 667 997 238 75 111 612 538 293 9
464 22 23 376 556 263 80 204 147 285 343 95 6 142 309 440 276 46 13 374
185 262 310 203 489 512 77 696 245 138 369 937 201 371 114 139 8 624 926 97
455 15 761 2 100 833 64 464 378 346 169 452 54 298 147 220 836 95 295 779
24 783 61 391 443 165 6 852 19 452 343 13 25 479 850 327 324 2 500 427
126 664 248 41 769 7 114 555 472 30 410 791 544 655 831 514 118 110 54 694
413 892 159 381 304 515 802 77 724 38 574 5 840 110 3 12 183 321 149 123
240 675 699 14 643 125 914 886 297 836 105 67 102 86 27 18 991 157 91 48
16 803 861 131 159 339 123 645 752 113 10 3 182 651 31 412 617 792 604 700
492 60 19 88 75 137 363 162 101 1 407 485 393 4 543 228 2 466 695 953
556 63 808 24 349 6 13 270 247 84 343 576 725 43 403 166 419 34 183 746
839 994 258 529 555 459 711 911 55 368 709 124 615 183 18 927 768 374 74 546
643 93 272 519 919 147 474 773 299 2 85 902 154 888 397 822 125 107 292 618
68 64 585 106 5 263 271 133 540 20 457 14 856 141 13 68 47 165 181 71
0 225 16496 5379 366 9761 7316 12258 18475 3297 7752 48 6455 6399 19993 220 2072 1398 18670 7918
21 6285 13515 966 12933 12 20559 25764 1623 6686 16401 3917 872 8524 4494 2368 196 8915 87 1286
4068 13133 6843 797 1796 9992 138 15201 3403 2077 431 949 4214 267 8148 8829 15378 10306 253 33
15835 1043 705 246 11011 4165 6321 7566 156 1428 12110 6313 653 9627 4385 4621 7435 25352 527 8711
4599 24249 1136 5402 8069 18347 15053 11663 7717 2142 17957 1781 1365 3809 9406 7661 19394 20590 10364 3012
9350 7126 16625 9956 2105 1997 10428 164 4732 14377 187 1855 2245 10706 6161 886 10913 394 6268 2100
7157 8881 3449 541 6347 14030 6929 8292 4612 3801 5290 9281 18684 5084 1595 2471 8840 7873 4209 191
11721 279 386 3899 15107 4730 2008 2641 3179 4818 6515 1438 150 2450 8951 12358 3559 1131 246 5148
2036 5325 5005 3674 13975 13622 1081 11021 4217 3793 3776 25158 5723 4156 1332 1680 203 11656 12640 2299
8525 167 11973 22 1839 23090 1870 6676 5894 6497 3447 11529 757 6329 2639 4950 10467 2416 6932 9345
496 21886 1597 7759 12718 3297 147 18739 255 6117 9371 174 560 10142 9286 4377 8199 40 13011 6514
3606 11420 4157 559 20159 147 3379 14616 9682 804 5831 19338 9695 16901 10847 6790 2827 1955 974 11600
7049 15992 4296 4782 3614 14877 16628 1252 16576 999 10259 62 12286 2006 73 149 5127 7929 3475 3492
2610 9202 7443 198 11319 3473 21878 23408 3678 20427 2439 1601 1791 2410 745 333 12954 3669 1312 605
383 21345 14368 2578 4702 8625 2378 11358 20908 2329 226 40 1927 16586 799 5671 8629 22651 6971 20569
12000 1487 454 1230 852 2969 7195 4106 2964 26 9759 8683 5265 83 13511 4604 28 12918 11651 23397
12103 1002 22048 689 6771 141 367 4701 2563 1312 4703 16866 11459 704 6429 4070 6313 894 3222 16040
16237 25671 7529 8399 14335 9451 16689 17444 1080 7555 11980 1854 6253 5434 335 13954 10799 4660 1984 5925
16505 1926 6863 8633 12748 3831 7969 9541 7920 38 1119 17721 4309 19383 6653 21004 2542 2292 5952 16479
1405 1331 10852 1556 114 4636 3872 3777 6245 289 8982 166 25161 2363 302 1835 1035 2298 4805 1305
