20
0 186 630 659 99 5 779 261 25 12 234 1 883 393 460 212 555 199 3 550
3 332 106 475 282 694 7 399 108 38 947 18 11 899 258 264 138 1 203 238
527 737 663 120 590 118 511 217 8 64 364 130 642 23 277 890 771 54 143 249
479 462 34 10 54 905 3 799 140 168 357 195 194 232 52 5 587 316 503 297
509 134 490 117 511 787 880 443 493 735 156 190 802 711 33 76 4 699 369 148
156 842 830 1 822 883 187 66 76 53 3 971 684 865 855 641 286 4 555 598
756 31 290 5 9 437 479 189 332 5 36 4 369 15 491 633 82 44 116 712
714 535 498 734 612 71 751 389 336 431 22 119 180 19 76 288 57 9 519 610
22 330 298 90 92 49 81 66 3 677 23 143 108 657 767 225 450 3 331 88
14 73 803 92 445 116 155 44 641 5 207 34 182 303 23 779 786 216 370 787
4 5 580 10 39 77 319 361 217 385 349 54 673 771 499 7 12 570 928 284
205 416 238 8 184 163 75 73 906 899 8 88 664 304 158 161 145 11 4 929
5 58 16 2 50 42 278 442 350 888 706 925 17 799 82 343 613 28 235 958
182 973 401 49 880 492 730 16 4 659 976 77 875 896 982 284 596 12 39 6
426 9 43 6 835 101 332 320 921 71 12 216 70 487 4 340 700 32 426 980
4 16 15 615 385 129 906 59 504 678 104 903 689 326 25 658 941 653 45 38
752 30 740 868 671 914 360 121 165 720 516 614 253 10 701 309 265 202 335 155
638 97 619 56 296 48 205 92 44 367 203 468 486 635 114 401 330 99 493 3
577 619 193 87 15 24 47 969 38 714 975 8 10 955 592 681 123 348 85 14
312 577 508 15 591 578 290 9 133 660 339 3 899 127 126 376 5 8 875 585
0 2299 10290 14254 1573 102 7941 2770 367 194 6650 20 23328 7752 12761 6305 16125 5214 43 15901
67 9581 1632 10696 5147 7010 83 6444 2335 831 25443 510 135 11884 3595 3600 1413 12 4327 6124
8546 16407 19589 2138 16797 1649 5966 4003 157 1252 6190 3379 9242 481 6262 21331 17518 1187 3882 4651
10938 13154 477 228 843 12302 50 23723 3899 5032 8532 3714 4624 6931 1132 140 8877 5550 12114 6722
10742 2608 11022 2958 8905 11985 14523 10858 9682 14279 2746 3337 14016 16834 330 1531 111 10438 5592 3950
2329 16455 16677 12 18155 15752 3560 1523 1835 616 37 19207 9966 19509 10989 12704 6399 114 13369 16890
21800 599 4035 72 141 5625 14172 5021 7703 119 614 76 9199 393 10123 7374 2008 892 1647 9697
20192 11350 10802 16620 13208 1996 19838 4749 3658 11962 427 1227 5207 268 1753 4008 1074 238 14048 14842
647 7209 8455 1535 1591 547 1874 1802 73 12659 256 3790 2323 17635 18667 6321 12317 36 5338 2553
357 1480 11457 1616 8970 1963 3767 796 10984 136 2725 528 3455 7693 458 17360 12388 5482 7165 16695
95 87 14620 241 942 1459 7032 8887 5063 10478 5947 968 8434 7979 11462 140 125 8998 9299 7746
3669 5219 3265 187 5074 2304 1697 1266 22464 16539 130 1695 14603 3463 4355 3742 3529 304 41 24214
82 1580 204 21 632 585 3639 6542 9516 25068 7907 9550 407 19188 1722 6251 17808 377 2830 15881
4053 13271 11004 1067 14157 12398 11455 216 47 12854 26576 1642 25973 9761 15945 4083 16934 180 426 132
11131 173 469 113 9397 1387 4758 4369 15269 2006 187 5277 1030 6935 62 7273 9281 388 9207 17411
70 346 379 10795 11368 2723 15423 1675 14713 10429 1832 9506 14914 9657 527 14946 16436 17573 832 1018
12529 455 20851 14652 13338 19722 5479 1592 2149 16574 13328 16447 6509 296 9996 7703 4567 4293 7400 4147
7448 2104 14234 1027 4189 1393 5299 2355 847 4890 6062 7135 9090 14207 1207 7706 6989 1186 7613 60
8080 10369 4838 2494 270 577 761 27435 990 20498 26776 83 268 22747 13778 8888 2476 10197 1420 403
8473 15704 10128 244 6868 8624 2948 215 2008 15346 4683 67 17633 2290 1506 8591 133 117 20274 9298
