20
0 110 895 809 314 524 53 25 143 18 624 627 973 141 23 947 696 616 51 161
90 229 527 47 529 319 301 249 439 51 386 4 625 85 399 835 30 313 43 218
35 419 485 646 35 786 663 30 608 824 144 412 8 62 120 67 87 123 145 80
530 235 292 1 4 369 907 232 235 3 908 101 672 273 15 476 213 118 137 322
262 241 24 676 12 20 6 427 61 453 834 464 158 377 80 143 653 138 567 249
994 202 542 583 852 572 6 68 24 926 285 914 84 236 92 556 285 84 546 124
198 715 338 551 153 45 320 681 202 9 246 990 29 234 51 709 616 4 555 774
8 896 3 206 144 299 183 447 11 443 774 729 272 95 321 190 592 443 550 226
42 271 602 328 527 8 961 794 24 435 28 567 491 653 280 950 672 895 303 77
2 12 184 364 578 482 231 521 184 795 147 118 77 526 541 730 21 434 356 493
84 975 968 924 686 1 511 18 711 19 10 461 688 250 53 184 66 847 78 509
883 266 822 194 5 216 434 485 140 554 883 312 286 814 768 646 277 960 149 357
630 228 357 101 100 154 790 929 942 10 410 2 75 688 751 16 436 598 10 397
69 257 72 774 944 346 788 42 337 299 446 473 24 251 445 28 734 631 339 452
219 855 48 593 306 93 279 32 171 83 193 118 982 571 921 97 368 446 764 229
48 391 755 8 304 277 285 233 493 501 474 20 98 27 925 736 144 545 17 367
144 337 4 24 2 382 867 493 39 991 9 397 436 43 112 3 810 569 264 194
411 653 978 39 127 196 243 557 930 317 14 178 38 15 790 7 929 333 658 822
961 431 954 31 290 100 19 643 29 20 220 507 582 29 207 646 29 138 206 40
13 4 814 196 457 567 87 119 6 993 53 6 548 283 324 310 185 508 137 14
0 2544 20727 15497 6145 9608 1053 650 1872 349 14751 12574 18677 1515 299 17608 14461 16086 1200 3877
2441 5105 15564 802 12822 8215 5621 6440 4535 880 6903 85 12520 2210 8194 13292 626 6277 643 4083
975 5264 6443 13641 954 9467 17027 596 10279 20338 3079 6651 140 1341 1720 985 897 2876 2033 900
7932 6949 2999 14 55 6875 17301 2950 2848 78 24163 1346 6931 3196 344 7632 4060 1912 3418 7756
5620 2959 597 11963 241 424 107 9627 882 12986 14079 7224 4311 5938 1857 1768 18758 1565 8994 5260
24903 5752 9786 10671 11120 12228 164 763 439 22099 6580 13200 1394 6436 2222 9360 7399 1602 14606 3019
5474 10101 5899 11534 3835 987 8226 13567 4228 216 4280 20071 759 5098 764 13918 12014 51 9426 11136
114 25937 58 5875 3638 8194 4378 9180 175 6597 16555 11696 2968 2518 9133 4584 5990 5090 16352 6241
643 6247 7303 7878 5835 119 28339 10020 574 7047 391 12855 9247 17362 3357 13640 11928 14998 8376 2098
54 238 3410 9938 9846 12338 4927 10982 5027 12251 4390 3265 1842 14664 12578 11786 400 9449 9756 10120
2224 20636 10400 19048 11542 15 6588 464 11528 555 246 13187 14924 4428 1084 2177 1040 18390 2064 6227
19564 6853 14920 4331 69 3150 5713 8037 1688 15768 10398 5280 3725 8276 12253 18529 6813 10813 1523 8169
16397 4750 8197 2376 2851 2751 14441 19852 14377 151 4230 38 2234 7232 12279 407 5421 14493 300 11909
1137 5578 1435 22646 13220 5645 14897 488 4468 6678 7572 12585 674 3058 7295 420 13252 14349 8790 8688
2307 11286 1407 13281 6688 1051 7678 387 3272 1405 3684 1263 18952 16759 17618 1817 10174 8360 11619 2435
885 4655 16580 84 7393 6685 5296 6733 9658 11219 11762 404 1284 556 19384 13714 2683 12651 488 8880
1852 10094 83 264 22 6864 23270 12193 1076 22918 165 6720 9541 928 2839 75 9792 11332 7130 3878
10815 8055 13292 949 2342 2464 6637 12410 12270 3465 196 5190 962 445 8084 128 19226 6283 8304 15657
25832 5735 18421 357 5421 2762 283 17616 538 456 3494 7615 10977 370 3237 8310 682 2125 2290 1171
156 106 8983 3223 4606 13698 1176 1380 124 21038 1403 114 7851 3630 8065 6754 5057 14401 1619 168
