20
0 374 783 141 158 658 206 850 96 337 312 3 157 14 20 13 31 309 159 203
440 817 536 126 46 481 674 310 11 279 497 205 87 243 191 80 803 842 486 111
985 448 836 661 177 50 43 164 640 404 289 365 145 446 187 5 2 50 728 201
535 24 49 761 600 58 521 919 497 574 71 777 12 86 349 4 587 825 414 267
196 19 126 596 494 2 422 223 708 80 83 975 701 709 778 27 655 53 576 654
19 948 11 76 231 480 29 669 22 894 114 52 782 21 980 721 344 276 934 820
482 354 764 388 42 70 196 227 810 3 752 201 97 189 671 161 179 707 1 500
276 82 454 181 5 466 394 201 166 6 847 330 682 260 862 28 532 46 521 126
475 533 800 872 213 88 488 340 565 2 563 199 20 797 286 119 339 792 116 306
393 248 147 97 533 353 180 572 802 643 264 291 776 557 725 670 5 353 45 930
480 410 337 19 1 626 498 160 55 720 551 103 3 4 80 794 662 294 206 1
40 172 262 362 79 62 124 248 4 25 67 199 911 713 236 223 477 336 240 186
876 26 222 37 506 576 811 14 352 217 948 208 202 554 43 4 911 886 709 3
61 30 62 2 605 238 135 9 511 3 23 284 66 266 540 667 71 258 225 17
366 684 132 248 84 872 761 288 64 902 413 597 653 247 104 561 564 232 76 13
954 91 476 589 993 249 230 12 15 928 981 958 230 289 4 588 101 183 274 4
209 207 114 6 964 924 951 948 355 495 262 47 103 951 39 651 707 77 822 254
522 35 633 317 4 35 14 835 634 333 24 160 130 396 291 162 3 208 17 35
741 590 126 48 7 184 598 440 768 402 441 342 90 20 141 5 568 11 50 391
628 344 743 678 433 3 876 511 68 4 9 376 912 286 43 674 668 470 301 189
0 6187 14514 3475 2493 11055 4273 9153 1486 8640 8786 31 3241 292 479 176 640 8076 4358 3333
5879 20809 14326 3520 1337 13894 19421 5848 263 3857 10063 4958 1138 4932 2320 1005 14144 8487 10224 1495
28726 13002 23049 19029 2664 668 468 2421 15160 9833 8317 4830 2217 7063 5196 148 35 1167 17678 3240
5372 241 830 8825 13638 1436 5459 25903 9199 9427 1617 15050 288 1328 7178 45 8919 20057 12296 3702
3688 516 2741 11406 5830 40 6050 3688 9058 1590 2445 25936 16944 14737 20839 597 16265 986 10764 7470
378 21711 216 1723 4516 11768 301 12445 535 10924 2099 1463 9389 528 23252 8398 5352 5447 14936 9840
14153 8269 8087 7428 627 786 5630 3651 20378 74 9031 5019 2203 2455 17102 3070 1877 8905 11 7092
2953 914 10428 3200 72 8751 8812 3438 1980 79 19294 8232 7265 3529 10374 304 6414 1065 15300 1499
7173 15748 20877 10022 3210 1772 5345 4743 15388 24 14602 5914 356 23409 6732 1724 8779 10973 1403 8428
10362 3580 3532 1928 7214 7214 4464 13642 18664 9313 5687 3865 9832 13748 12485 13606 106 8180 627 27510
7417 4858 8704 380 22 12744 5750 3992 1187 8572 7317 1765 33 78 1732 21563 9126 8060 5624 24
735 4240 4539 4214 1901 1619 2196 6407 51 490 1456 5197 12777 13284 3578 4982 4857 10047 5977 2645
23824 718 3931 524 11912 16297 18236 367 10430 5783 14386 4518 4215 11657 973 115 14519 21013 14299 48
799 360 1662 29 13330 5168 2284 269 12293 45 378 7637 1137 6228 12223 13074 1190 5601 5922 374
4178 15357 2343 4753 1280 17127 10093 6178 1872 11718 11383 16333 11868 5631 1680 6877 15005 6266 2158 240
21963 1266 5110 16811 18050 3272 4973 148 305 10857 14665 19580 5872 6962 49 6074 2520 2470 4236 89
5107 4578 1565 154 11995 21149 26566 16383 6748 14802 3348 1096 1990 10258 953 7065 12199 2259 15300 4156
10140 841 9034 4234 58 774 262 18984 18567 5564 532 3763 1403 5436 4119 3894 46 3009 366 534
18532 13403 2481 856 188 3652 10544 11120 10697 10042 8078 7105 1001 558 3640 65 16160 146 1084 6602
17600 6676 14988 6985 12247 33 23151 8004 687 72 228 4635 17568 3061 659 15640 9794 11033 6737 4036
