20
0 3 182 757 904 18 60 742 218 108 609 355 2 59 236 107 61 929 163 644
22 509 97 382 465 237 28 54 165 62 19 9 333 665 511 9 179 690 222 1
202 31 321 6 239 764 68 624 721 365 126 44 535 18 65 530 2 45 19 383
579 4 285 32 337 13 771 815 16 38 12 29 332 24 729 9 564 229 153 401
121 608 237 217 167 778 3 970 159 930 94 284 3 38 278 46 832 194 136 288
70 75 491 469 481 738 224 715 776 762 4 2 9 7 584 73 338 380 683 384
8 827 4 8 557 7 723 861 103 16 12 234 144 101 29 345 723 472 97 33
19 16 285 9 455 203 968 37 792 6 204 846 266 543 4 44 5 206 75 782
311 111 422 786 984 920 781 212 389 331 185 387 699 832 755 154 15 454 608 4
2 860 155 527 3 525 125 124 340 476 969 2 89 26 595 671 67 822 84 635
461 32 201 120 88 327 463 259 856 341 274 308 794 182 488 12 2 222 149 26
545 94 897 971 814 79 994 131 19 892 206 2 464 795 274 912 223 124 210 738
906 755 123 440 113 236 655 216 92 498 687 103 37 2 991 184 289 558 101 429
21 996 863 15 287 986 486 511 83 122 278 639 98 90 4 23 3 952 515 83
678 75 918 48 45 23 739 558 153 375 279 6 14 390 495 521 391 939 492 157
940 192 136 173 30 802 167 105 78 474 24 204 43 335 164 151 72 884 718 1
313 662 502 363 316 110 522 439 443 212 862 31 798 690 73 370 664 389 508 127
9 531 96 845 720 559 706 621 175 84 828 289 52 45 290 410 442 111 113 177
101 11 957 473 39 14 125 403 541 3 731 159 550 312 127 272 254 307 721 379
135 366 542 653 12 600 227 741 264 285 770 35 54 170 537 788 103 180 350 524
0 72 3910 17711 19243 237 1781 11129 5232 3101 13466 7613 48 1312 6892 1470 1663 26284 3010 11911
559 6219 2332 9612 5610 4384 292 1542 2182 1773 490 128 5094 18030 12788 161 2137 7019 2725 12
5877 704 9424 68 6955 11198 1770 15228 18147 8492 3195 978 12741 286 1344 7353 28 492 446 8228
6607 97 6154 735 9627 313 18767 17810 386 519 158 617 6267 440 11083 251 9594 3787 2501 8328
3188 17957 3012 2500 3243 15876 46 16188 3153 23239 1942 3951 72 480 4963 1108 21938 2826 2164 5393
1921 802 8040 11493 11043 14514 4865 10897 17039 7876 95 41 263 184 7986 1446 3554 8518 9429 3968
106 16930 111 234 6394 150 9589 14254 2344 420 193 6958 2301 2309 869 5294 11754 7794 1130 813
459 162 8051 218 9993 5517 17901 1010 11695 139 2892 10463 5214 11347 54 731 88 3927 901 9447
3130 1507 10367 16562 10662 14059 11336 4618 9515 9622 3501 7639 12699 19876 12416 3654 266 11430 12140 75
57 17987 2450 14839 48 6428 2516 3169 10027 11544 25888 35 1196 662 12326 15568 1937 24639 1553 18968
9862 756 5911 3204 1226 3588 11878 4532 11526 7309 5228 8342 15383 3190 14086 218 40 5226 3865 518
11396 2478 26206 9763 12632 1286 18482 2667 324 24939 2142 34 6511 23461 6717 22574 3640 2412 3169 21000
11333 14977 3125 10896 2977 5360 15364 3418 2372 10392 15066 2409 444 31 28090 3430 8527 6641 1539 5527
442 25615 17406 360 3982 14385 12084 15118 1956 2591 6605 17856 2243 1388 98 238 62 25955 11857 1828
17716 888 10783 1220 753 489 16027 16220 2131 4704 5068 88 370 5636 12462 10595 10573 9995 8102 2090
11838 2463 1896 5187 671 11882 4381 2892 1067 7890 429 6067 468 3727 1954 2118 1581 16969 9987 28
6120 16613 9789 8115 6466 3181 8438 6658 5553 4449 11301 438 17031 7120 994 7288 13639 5534 15073 2915
97 14289 1204 14818 14521 8381 9204 8818 4769 2108 9773 4645 910 672 4595 7669 9962 2574 2311 4980
1488 265 25970 4912 1073 354 3395 11176 7075 55 9197 1895 7107 6694 2469 6877 6792 6860 15477 10543
2088 7103 8753 15151 209 10063 5740 18405 7276 4360 20214 608 1151 4696 15386 14743 1933 4028 4004 6433
