20
0 518 989 927 96 351 30 365 261 234 632 467 79 629 950 479 586 406 52 706
254 3 735 94 233 944 212 55 7 33 64 182 904 483 120 975 395 783 10 141
64 815 710 212 100 30 106 827 922 237 100 2 347 248 121 27 216 241 223 418
28 112 662 334 5 194 2 545 446 942 375 19 945 78 117 431 217 15 273 402
127 62 16 2 22 285 107 150 43 527 254 12 384 644 815 123 346 560 619 65
292 530 97 941 246 203 42 738 3 97 24 630 327 781 31 385 456 129 393 738
12 199 52 137 381 754 270 277 14 3 155 306 48 944 72 36 372 568 263 842
583 447 481 835 641 304 610 2 402 979 742 56 92 608 44 715 839 169 119 5
150 194 758 544 954 76 2 486 45 705 55 260 214 2 128 914 131 110 733 106
129 511 13 888 19 14 47 5 307 727 195 92 578 979 4 912 385 571 471 485
271 667 567 842 64 27 578 148 814 166 1 31 303 74 45 961 149 187 967 56
440 361 351 793 768 279 48 68 796 167 2 201 30 133 4 452 790 979 25 366
452 832 26 100 878 418 628 111 52 132 661 737 84 343 407 736 795 870 12 838
5 902 6 8 259 64 851 564 452 756 37 195 21 902 285 157 541 36 599 88
598 734 93 795 976 902 84 3 815 105 201 3 630 584 818 104 2 103 153 810
175 220 225 554 855 65 149 71 630 925 941 476 448 574 157 166 102 858 188 692
668 453 30 263 919 192 115 221 810 41 244 29 659 211 433 984 710 553 32 290
8 87 827 206 234 265 5 269 102 971 129 163 276 3 728 821 986 744 992 2
95 27 3 204 607 572 40 1 215 500 118 520 369 4 80 804 428 3 668 205
355 370 804 452 91 16 369 71 180 18 107 428 483 551 4 8 88 71 175 516
0 10873 28452 20870 2096 4945 710 7280 5504 6844 7776 10287 2142 7503 23716 5840 17099 5213 1266 15212
5676 58 7950 980 2499 18992 4084 809 90 742 752 2793 12545 6830 1443 25522 5009 15800 258 2066
1031 19447 8693 2175 2353 728 1940 18126 15772 5373 1668 31 7197 5939 2377 445 5013 4782 6439 9744
747 1322 10119 9706 71 3527 39 11661 6938 22242 8784 436 16319 2223 3492 10839 3299 194 5924 10383
2441 1596 316 39 462 8529 2437 2298 575 11337 5082 281 6974 7418 14038 1554 8701 8473 7450 722
3434 5777 1997 22438 6954 3531 1028 7556 44 1731 548 11046 5505 17673 896 11302 8191 2049 6627 13274
178 4365 1033 1629 10920 11313 4930 3249 332 36 3842 3458 994 12366 1237 848 8962 14223 4595 13577
14701 11723 5632 20468 16209 5302 16721 23 5526 18879 14384 603 1509 17237 523 17580 9956 3024 1395 105
2738 4854 19584 12907 14476 1999 53 6290 1047 8587 1436 5360 5002 58 3037 17889 3853 1437 12060 1814
2645 8841 173 10769 464 176 773 133 4186 15524 5745 1460 11283 23787 46 23481 5308 10440 5280 9899
7827 13262 11845 8870 1796 685 12186 1959 10873 2877 11 438 9021 1466 778 16192 1812 2586 18115 1428
8335 5882 7348 23390 12466 5215 576 772 17095 3701 27 2419 540 2328 93 7822 19544 12276 733 6518
12548 23453 446 1529 20116 10130 17449 1145 1230 2237 14696 10510 1506 6002 11235 11892 12013 22396 150 10462
55 17879 81 102 5990 1118 15680 7323 13195 22506 678 5359 379 25747 7044 2067 10724 798 8138 1464
13783 8867 1741 10725 10239 17995 1730 84 15881 1660 2335 69 8756 14698 9194 2513 35 2919 3948 13075
4146 3451 4083 15485 19611 1763 3260 2082 12937 18838 11925 10065 5838 8449 2930 3921 2176 13207 2551 13511
11595 9831 625 3104 20485 3069 2531 2793 23959 927 2820 425 11508 5821 6531 28722 13237 13555 376 3295
232 1395 20739 3429 6223 7893 57 5782 2472 16397 2183 3546 7821 41 9710 15296 18807 10438 19319 53
2686 538 83 3111 9905 6658 498 28 6124 12931 1816 8918 5866 47 1188 12961 12608 89 13864 4368
5733 4457 14825 11776 1864 297 10813 2101 2562 212 1914 9455 10757 14667 62 100 1070 1959 5053 12347
