20
0 510 164 173 363 50 173 2 520 413 991 15 588 397 222 60 697 271 634 710
349 13 481 22 290 7 43 127 607 372 238 64 636 178 390 336 111 986 698 382
151 37 59 130 408 802 562 262 201 127 290 251 621 12 2 362 966 716 40 747
102 98 240 113 29 203 964 504 19 6 588 838 345 264 522 665 413 703 2 428
334 5 196 385 3 401 10 575 484 709 505 47 130 474 219 62 572 251 537 900
40 300 407 116 354 345 101 538 205 52 763 711 987 23 54 703 103 133 543 14
184 736 553 22 81 837 383 796 458 608 996 79 851 443 798 195 465 685 51 423
48 150 10 967 254 316 53 45 215 880 211 250 172 9 468 317 798 16 530 14
557 544 397 14 556 414 89 623 3 528 282 254 354 441 774 270 604 301 344 72
537 267 281 515 764 18 285 418 31 620 41 618 125 4 250 268 399 507 194 48
135 318 413 319 919 851 336 862 102 809 939 42 836 367 371 15 349 58 640 684
11 233 655 409 2 6 604 723 727 961 25 209 73 3 317 52 304 207 669 12
437 272 212 6 274 468 4 451 94 40 773 600 186 575 784 627 567 892 133 44
406 205 7 624 434 596 29 168 657 449 782 7 5 222 53 581 210 672 219 231
75 794 495 14 634 756 311 210 267 375 7 796 35 827 529 490 2 158 932 201
52 24 13 984 150 151 931 496 793 474 954 454 782 580 852 795 806 221 170 602
314 542 1 860 16 229 246 64 986 570 96 897 417 270 685 10 63 33 216 2
870 186 722 720 3 261 245 382 10 61 46 29 77 174 2 405 153 764 131 144
44 512 39 505 248 85 207 103 57 962 56 490 538 3 638 30 161 533 380 160
473 624 169 307 84 83 24 668 241 224 502 46 661 204 976 410 859 403 308 57
0 10063 2779 4906 4681 1025 3257 56 11127 5396 25297 257 14562 4749 5443 1675 13619 7681 12262 12541
6298 278 9122 432 3233 204 962 2307 8846 5494 6527 683 11251 3000 10162 5288 1978 19572 18382 5504
4275 513 986 2062 4414 18576 8860 4693 4115 2761 6447 6323 9155 338 43 5761 19945 14250 444 15286
3016 1007 7129 1580 854 3190 9702 8406 354 82 7747 19786 7633 5237 11728 13538 9954 17293 56 5569
3478 58 5389 4704 40 4519 258 15154 10883 9452 10296 646 2173 8503 5910 882 13012 3124 10565 24867
600 5709 8755 2745 9697 4486 2439 8433 2149 871 14493 11131 22107 465 1447 8232 1809 2075 14074 230
1891 7427 6007 510 2298 24768 6990 14304 5628 6304 19026 2254 14620 11977 13510 3060 9240 12598 926 11404
1358 3349 199 10693 6475 8276 1557 464 5417 14392 5931 6012 2516 184 7782 4741 12387 182 12965 260
11790 12074 11717 307 14140 8794 2296 17474 66 15106 6666 2698 3606 12790 11464 6051 16183 4039 4558 1768
12346 7580 6312 11261 16267 280 3292 4486 448 16777 996 7964 2252 100 6191 4431 10584 5986 3905 1194
3631 4078 7385 3517 20493 16130 7405 24434 1968 9919 13930 434 22651 10703 8650 208 7551 1458 13130 11078
158 3139 17250 7217 38 146 6256 13131 18041 19376 452 3621 1559 34 7278 899 7224 2869 18882 358
7875 2916 3248 154 4700 12317 91 12546 1486 647 12016 10287 2881 10697 9668 7869 7852 11810 1567 599
11384 2415 86 8981 11120 9939 464 4486 8789 10635 9385 112 52 4913 811 8873 4812 18302 6040 6783
903 21966 10769 264 8594 21833 3564 5149 2706 5823 100 20799 490 11547 10391 11403 28 2730 19182 3625
1480 249 312 18292 2284 4248 9487 5881 15022 11106 20081 12004 9624 15128 19558 12123 13587 2703 3198 9101
4697 13217 28 22567 436 2450 4680 1101 17699 17010 1289 21029 9901 7224 11323 174 949 608 3594 32
10978 3031 19805 17045 53 5161 6371 4313 242 855 1047 457 2269 3639 31 11166 3602 18090 3731 3095
550 12344 536 7850 5061 2390 4428 2684 1638 19133 1620 6690 10569 44 12074 312 2911 7579 8916 4341
6359 10655 4980 5584 2474 2160 285 19029 2748 6438 5667 495 16212 3330 21956 11233 13474 10977 3558 631
