20
0 866 589 3 14 4 983 46 8 620 233 330 100 807 538 340 604 234 221 563
871 173 823 284 72 158 71 110 556 130 589 560 151 227 137 960 31 133 343 725
269 714 120 450 182 63 151 382 39 647 24 979 278 774 51 13 608 44 83 315
16 42 250 489 11 59 405 471 409 774 917 344 511 335 67 313 138 194 450 771
770 85 894 61 424 346 636 762 997 798 55 121 2 760 283 15 22 72 28 172
25 96 352 1 50 712 798 226 277 564 500 746 66 218 473 179 631 941 403 799
26 433 337 937 691 22 169 71 232 185 13 43 809 856 83 537 2 728 960 102
494 640 29 522 139 183 739 504 227 106 266 485 28 106 643 921 393 442 91 103
843 76 674 49 272 1 248 321 193 991 27 5 97 344 2 2 860 5 769 20
368 881 4 447 247 945 149 3 204 5 985 362 10 899 44 1 933 340 406 167
27 231 592 344 5 255 9 135 154 979 842 60 266 129 201 196 643 17 915 613
288 565 47 172 257 818 997 284 6 19 271 119 26 290 2 266 182 827 305 249
710 615 944 104 4 35 95 437 52 255 157 533 717 724 2 3 89 24 336 453
50 691 151 428 826 5 52 137 732 24 3 985 140 416 234 799 203 90 46 557
268 966 946 212 839 220 66 117 7 363 25 898 405 11 910 266 403 907 637 109
510 7 717 278 1 375 62 578 118 114 564 2 248 579 300 157 37 121 7 36
244 730 24 32 41 18 898 850 2 216 2 883 445 368 345 118 237 147 198 536
55 272 150 2 641 160 425 328 496 359 26 319 664 14 754 674 775 41 5 400
610 355 495 9 86 11 51 2 367 31 4 416 558 552 311 827 600 59 120 71
501 210 454 374 63 187 137 361 5 5 147 7 105 910 493 439 38 4 129 951
0 18770 10139 56 338 104 24424 1064 104 18409 4596 9057 1277 17391 6583 7572 9115 3941 4033 7589
15872 3212 19325 3480 754 2251 978 3061 12609 3140 15856 7689 3506 2599 3527 26127 352 1469 7578 12175
5522 16558 2581 8490 5274 1778 1535 8290 655 15615 375 24346 6186 21933 705 165 12114 728 844 9385
336 1143 4457 9291 115 695 4551 4970 4596 12387 25784 5796 5755 7476 1067 7495 4053 4471 6711 10771
14128 1177 26227 1044 7008 5522 18298 21212 13227 11449 1065 3292 24 22482 6708 355 498 866 751 2772
263 2350 7207 25 1429 14342 20349 3392 5056 11436 9472 20225 1972 3009 8859 3617 15993 27914 4483 10758
532 5511 4893 24003 7186 569 4263 2092 6468 4577 248 587 16661 18208 2389 14559 50 13735 26518 1631
6600 12940 333 13646 2587 4309 16135 12805 6661 2414 4394 12353 725 1881 9344 24830 6370 12710 2548 1938
22385 1839 16623 1468 7301 11 4683 8295 2044 11184 608 66 1809 3679 39 22 14368 110 9150 235
8591 16083 113 7100 6432 26414 1673 45 5280 56 16461 7263 222 19192 640 27 10426 9837 7550 1748
419 6627 6156 7140 131 3471 242 1446 3530 16601 22159 769 3934 2791 4944 5537 15397 249 9568 10831
4533 16047 976 3054 7334 16986 17259 5175 173 345 2941 1880 569 3822 53 7891 2466 18628 3282 3975
12542 15254 12589 2859 50 667 2548 7797 1180 7030 3397 13596 9585 9796 54 63 1640 283 3827 12331
1100 12203 2177 5829 10469 132 522 3505 12840 460 46 18849 2589 7884 4970 21113 2133 1455 891 10223
6978 26317 26046 3876 21308 5935 794 1657 126 4389 411 25371 8949 258 10037 6566 5251 10160 7747 2289
11551 94 7864 4361 28 10147 1680 10973 1701 2156 9670 48 3441 13383 8856 2151 760 1883 150 595
3439 19009 693 420 487 278 23027 14584 41 3868 55 12116 10423 8090 7797 1746 6539 3019 5598 11191
1590 6376 4424 30 16670 1641 12676 3802 13288 9630 756 7515 11272 328 19847 19527 15847 487 88 7310
7798 9998 10446 102 935 214 1169 55 10889 464 89 9937 13667 6540 5470 8928 15675 1689 3475 1390
7245 6032 9410 8914 899 2341 1760 5574 122 67 3166 138 1135 21971 9567 7881 616 53 1391 21533
