20
0 157 329 322 91 654 43 148 476 243 281 16 224 288 474 183 29 608 574 95
693 8 76 118 285 58 40 857 740 14 10 661 434 948 422 829 533 37 1 57
109 620 716 765 170 300 787 491 302 25 650 363 19 580 747 325 3 25 10 531
399 772 218 663 167 795 366 215 3 286 586 207 150 274 738 347 373 26 130 435
235 891 103 107 135 25 21 299 271 672 158 47 468 562 89 889 216 42 349 284
42 506 2 33 25 509 436 894 405 5 850 38 571 873 756 2 691 632 675 232
522 9 421 7 69 26 181 210 743 442 2 840 728 889 159 559 715 135 94 256
827 587 589 22 119 230 80 766 510 695 839 5 37 860 27 820 4 475 104 14
215 260 8 728 40 553 633 188 107 170 738 66 19 174 471 31 968 359 1 32
910 65 37 133 64 387 84 5 2 129 80 4 331 328 340 4 17 867 335 53
605 516 311 34 72 576 653 798 427 881 700 7 224 920 98 809 59 227 30 781
121 432 517 701 579 59 905 725 631 643 64 365 15 397 109 612 435 368 173 695
32 30 809 19 900 553 635 155 423 6 152 584 132 406 217 267 264 895 387 33
849 362 95 175 102 61 55 130 848 139 4 14 335 410 45 263 233 971 262 835
89 533 122 559 235 43 329 414 367 221 154 20 898 108 190 264 7 259 634 317
7 14 162 369 308 26 780 190 296 552 77 100 20 703 742 35 755 267 520 167
7 113 353 417 549 404 2 646 729 91 312 774 89 257 259 851 192 260 350 271
825 969 591 184 372 948 666 53 95 214 3 344 68 893 288 538 32 928 37 101
885 313 57 370 986 2 615 95 833 496 788 238 22 492 171 969 284 367 6 108
97 14 984 704 29 668 178 372 777 453 21 143 127 140 31 766 156 218 130 50
0 1711 8537 5597 2142 15501 852 3545 11002 4609 6595 452 2769 4126 12824 3959 612 6942 10776 1995
16338 227 999 2203 5048 1557 790 22381 14412 385 217 13228 4352 20972 6258 9383 13664 972 26 1292
1499 16518 13555 20397 4993 5686 20906 5168 7513 534 16012 6600 313 15451 9343 4269 36 526 268 14030
10935 10387 4407 15857 4018 15011 3835 4840 58 6618 14180 6036 4061 5833 14822 7049 10915 623 3823 9244
6994 18851 2901 1186 1366 583 391 3736 6649 16474 2399 1146 6906 8351 2222 12805 4770 695 9105 5969
1024 11882 28 894 472 6355 7600 14030 9706 69 13628 389 6283 16006 15140 33 17575 16510 10312 3042
8321 202 8023 183 1265 581 5219 5232 15784 5964 60 18848 11036 26002 2545 8739 14798 2109 1303 6152
23774 13215 12381 487 1441 3172 1589 13968 11789 16335 24026 84 969 13074 757 24145 104 6399 2954 417
2702 6235 201 13665 529 13955 7817 4532 2432 1917 20542 951 416 3256 12819 597 14861 5112 26 554
20115 1909 1061 2185 1177 4822 2040 129 55 2371 1907 58 4993 8409 8242 57 291 25955 7193 1316
15819 7269 3896 976 1763 16817 7849 9806 9036 10553 14208 192 2675 22021 2460 15499 1483 5834 572 16212
2979 7794 11874 20068 9221 1414 24880 9992 17960 10533 666 6219 247 5809 1352 15962 6728 7613 3669 15283
380 516 8319 451 25653 9800 18926 3707 5074 134 4386 6238 3470 11091 6289 4961 3716 15555 8733 850
22206 9153 2014 4154 2660 1819 716 1419 10541 3851 72 187 3599 4949 463 5434 3708 18651 2775 10959
1690 11482 1979 13094 5514 789 3299 5852 4450 4266 3490 595 13654 2790 4504 5267 154 2887 10851 8662
136 257 4813 8775 6820 432 18392 5322 6916 8692 803 2284 495 19933 17697 919 14995 5215 8307 4275
168 3260 6004 9355 12330 6600 53 12793 16651 1610 4961 21679 1965 2866 3936 13594 4042 6210 9517 7007
10164 24286 11501 5057 4031 12569 9195 1337 1781 4783 48 9539 1161 24651 3645 14620 921 22553 1014 1037
15910 3895 1354 6055 18057 30 10029 2552 14235 12331 18998 4826 593 10168 3378 21636 3116 5709 128 3157
1096 248 15475 8736 594 8025 2526 5661 20219 6704 388 2425 2886 3890 338 8414 3375 5317 2294 1068
