20
0 291 789 157 107 555 35 2 3 925 413 243 650 16 11 247 739 21 612 28
378 382 347 509 950 892 980 17 753 888 168 259 46 148 667 162 818 590 111 885
1 136 281 5 413 667 150 36 372 313 800 22 981 718 122 87 780 41 6 819
325 395 24 10 512 172 62 801 900 105 898 5 65 5 6 185 994 43 351 97
74 696 177 24 4 269 593 287 51 20 415 924 301 123 106 680 59 332 509 776
345 919 10 186 977 153 354 768 4 368 16 654 848 8 27 871 777 817 100 389
920 153 21 593 80 231 685 35 2 904 12 25 194 620 73 410 831 20 7 451
156 444 195 233 165 3 288 544 146 209 72 555 232 1 381 77 70 26 694 42
291 369 447 212 65 15 112 88 7 667 312 758 5 48 5 107 970 329 659 479
483 587 747 40 100 511 640 51 272 857 116 805 223 300 4 5 518 513 599 215
202 2 461 874 466 19 855 384 56 363 190 41 869 47 943 34 36 314 368 5
28 79 20 126 188 601 708 11 368 505 615 418 902 293 27 49 5 630 100 926
496 38 13 616 177 155 785 254 415 736 12 105 145 627 614 482 879 172 13 382
449 170 721 5 48 773 2 112 677 42 137 483 644 324 4 320 572 63 309 274
357 331 35 5 635 654 178 351 421 15 125 862 59 309 58 13 255 363 2 870
685 14 792 631 391 573 92 303 3 267 240 656 949 825 829 221 5 85 468 4
131 148 52 420 29 192 99 349 549 124 364 782 268 67 394 840 42 9 136 230
552 219 247 543 270 74 24 791 152 113 78 7 368 245 146 195 730 164 1 274
311 170 292 271 37 51 502 503 30 927 384 56 346 152 2 35 640 23 721 411
852 611 896 959 957 811 478 185 434 562 199 253 232 329 150 9 4 3 33 5
0 8329 16426 2145 2134 9250 934 54 77 25019 11583 6559 17229 200 214 6674 16035 429 6578 444
6213 4799 5465 15152 10686 10856 15064 459 19834 12077 2142 7310 1148 3627 15796 2661 19514 12982 2514 24944
17 2643 2913 142 11239 18531 4379 820 9474 4807 23456 593 12835 20496 3319 1384 17687 613 85 15081
6127 9782 419 137 12619 3477 1433 9176 16945 2794 11327 141 1143 134 62 3900 17485 706 10000 1609
1254 13170 1901 505 69 3613 9529 7541 889 360 6778 18337 8650 3477 1342 13190 1073 4767 5864 17865
6754 9562 114 4909 10249 3787 8627 8655 94 7945 293 8857 12085 131 683 18355 18475 22750 2297 10839
14911 3872 288 16050 916 3799 19102 712 21 26614 135 377 2283 11318 2112 8989 12357 501 177 6703
2739 9745 5058 5249 4346 85 4059 5454 3587 6252 763 10728 2367 26 4482 1696 859 764 20414 1171
6144 6669 10587 3669 1499 261 2593 1576 107 8871 5496 21740 99 1366 91 3143 15790 8078 16629 10786
7604 15733 7850 627 1014 9576 18401 1340 7255 18499 3126 8239 2642 3537 69 67 8108 5832 11316 3484
4372 27 12284 20730 5280 420 17051 10863 875 5613 4294 811 23905 704 10697 756 514 7863 10878 99
300 1774 425 3435 4940 10259 7285 152 7835 8588 15891 5643 15057 7579 425 660 65 17127 2626 23531
6081 869 311 13764 3705 4467 10930 4599 10853 8872 319 1207 4341 8402 12914 6295 17637 2694 305 4205
11153 2031 12867 112 1415 18745 43 1796 15360 432 3859 6241 18937 7351 97 3240 13180 1331 7987 4268
4648 5165 410 124 7233 15067 4803 6168 8312 281 3697 23626 1478 5956 1661 240 3113 7242 20 25920
15328 354 16495 12178 4896 13651 995 5163 82 6745 3570 19156 23895 23146 22070 3170 95 1088 11677 94
1626 2860 976 11778 788 4522 2468 10174 13322 2461 4701 20230 7262 1731 4711 9749 454 113 2342 3489
15201 4088 5503 11384 3006 1531 572 13537 1683 3117 1651 163 8390 5926 2702 4775 18914 2576 18 6944
9265 2100 4154 2990 565 1391 12354 10797 408 23357 10478 1412 9400 2706 40 498 14845 519 8637 10264
17346 16148 12604 10017 11921 19245 9992 3113 6796 11380 3125 6819 5192 6164 2546 253 51 79 433 81
