20
0 230 669 63 265 25 13 497 744 26 2 13 681 124 295 865 569 2 33 43
306 629 16 700 469 845 617 985 128 158 270 3 627 433 998 662 201 110 8 705
149 624 94 46 54 328 47 15 983 182 201 121 58 415 17 653 319 234 998 69
958 455 506 99 41 22 555 9 879 375 16 8 91 44 257 631 61 3 588 429
111 57 797 703 998 58 603 672 719 116 3 88 753 554 567 22 195 543 461 185
624 401 610 513 1 467 869 224 435 454 53 159 895 230 46 7 190 7 253 58
676 435 467 111 382 731 64 482 75 296 366 884 140 181 232 113 61 269 109 41
664 177 663 38 455 618 377 305 27 6 114 563 682 362 5 875 541 484 495 394
139 4 153 582 390 236 468 513 60 371 2 3 421 706 788 704 88 352 340 292
939 67 576 780 132 342 45 259 60 42 300 15 394 390 191 179 56 130 572 328
911 449 138 6 195 408 627 44 404 4 107 192 225 552 254 738 133 21 878 141
122 404 886 621 3 360 463 23 719 977 689 94 812 937 358 607 607 725 11 338
12 15 178 116 463 17 10 958 277 30 354 100 136 436 88 40 38 887 576 19
664 66 1000 340 228 203 8 15 480 62 89 65 63 265 420 13 857 880 707 927
252 474 28 119 287 566 569 479 839 496 602 131 220 91 266 620 385 601 905 24
448 300 46 503 272 602 48 106 29 317 2 896 548 38 55 6 31 682 238 142
815 920 650 48 306 715 9 5 926 2 997 573 90 838 853 189 47 1 941 374
163 374 744 146 150 835 406 1 3 399 147 331 170 118 71 919 451 408 796 365
10 624 292 430 546 897 474 360 71 298 267 17 151 22 169 12 608 771 34 304
33 846 837 269 539 752 18 147 26 830 412 128 71 207 999 145 53 80 741 13
0 4858 9448 683 5804 283 301 9639 20150 408 28 280 13878 1969 5618 12508 13702 52 365 529
3292 7774 347 11819 8621 24805 10484 17200 2650 2370 3175 45 8803 4734 16810 11869 3893 3261 166 12681
2305 16049 1506 792 1539 7200 1139 267 20099 2396 5315 2494 689 11791 445 7960 8149 6678 27656 1258
11125 4557 13021 1485 920 266 8609 217 10285 5029 245 221 2091 822 7314 14687 868 85 13906 11411
1331 902 23346 20659 13512 1707 12455 12433 14920 3053 50 2050 15526 11877 16807 619 2047 7038 13483 2087
8663 9734 13556 8252 17 12533 21456 6305 5604 12377 1045 3642 11690 5498 1088 192 3223 200 6861 1601
13137 9309 5259 1149 9375 18341 1087 4954 2203 4397 5961 25871 3049 3117 4009 2715 1770 7116 2289 435
14489 1792 16173 535 9005 9561 8393 8423 657 78 2316 14390 11039 5698 111 17843 7112 11918 7608 4521
4102 57 3572 14321 6993 3120 8802 11648 1566 6830 33 67 6510 14308 12632 13461 2129 5608 3756 8216
21665 799 8457 21013 1746 9378 1043 4012 1639 490 4679 309 9461 8811 2577 2667 1679 2333 8570 6958
13118 6792 3578 168 4314 8278 17960 1268 10896 40 1568 3691 3886 8357 7147 9637 3334 606 18659 3899
2004 7346 9677 9257 76 4269 10263 473 16533 23576 17902 2649 18148 21799 9779 11968 12663 10997 219 8772
174 401 4490 3402 11778 214 287 23138 3616 440 9952 2859 1870 6187 946 1081 695 9648 14207 514
18512 687 19178 10089 5511 2189 202 196 9579 1484 2614 1561 971 7858 4531 359 22198 20593 11652 11686
4888 7706 360 1669 3347 13090 14375 13245 12552 10519 15364 3498 3590 2170 6641 18105 10001 6632 26997 515
11732 8119 1174 7320 5631 9124 1293 2041 750 9308 55 23808 13447 1013 1301 171 505 11951 4364 3042
19196 9546 18657 1370 8142 12469 184 86 17279 26 25088 9350 1475 22088 22496 1920 1364 15 12201 7315
4539 9526 18566 3379 3042 24659 9226 28 56 4649 2072 3758 2800 3462 1205 24656 9338 6290 23430 6548
241 9461 3876 12235 11214 22948 8534 4194 1328 5180 3550 503 3798 566 2247 315 18168 12459 482 3730
643 10001 22126 3790 14324 20790 539 2807 301 14500 11744 2433 1331 3498 15344 3436 1049 1300 21676 199
