20
0 125 481 254 85 644 58 350 108 700 18 23 92 361 373 814 162 690 372 44
2 356 86 94 151 589 774 665 523 368 67 151 130 279 52 136 936 448 715 151
51 14 239 6 208 55 105 300 82 163 516 4 6 35 7 716 83 242 90 379
727 305 229 765 25 880 170 19 2 11 386 245 1 124 650 24 939 124 46 106
47 503 83 30 20 63 6 375 264 29 282 956 136 181 402 643 751 254 25 14
90 734 748 509 684 443 337 443 67 64 851 356 2 547 617 71 252 6 206 842
368 880 19 132 694 83 814 17 71 139 202 197 52 5 874 60 952 178 837 17
917 283 92 909 890 832 810 252 195 312 564 209 450 32 55 955 952 162 273 174
276 746 340 265 107 767 50 135 49 265 253 52 17 6 448 15 678 387 410 665
628 100 40 6 158 16 18 34 18 588 606 297 277 41 14 10 45 611 28 879
421 117 511 358 634 491 2 233 841 327 649 129 136 8 368 988 527 354 477 173
7 860 469 397 590 486 588 747 397 541 84 575 424 137 214 64 7 479 18 444
16 670 901 112 87 364 27 52 526 923 9 253 16 906 108 453 4 28 362 55
100 531 893 49 978 74 684 892 531 208 138 46 653 443 608 302 49 924 8 849
154 825 398 409 976 752 687 39 279 21 2 90 79 34 258 29 85 121 111 31
25 21 229 183 499 64 196 834 133 198 226 747 360 270 821 74 23 8 226 112
260 498 126 17 72 887 6 131 191 528 64 849 774 23 237 968 784 965 223 92
7 789 135 398 267 880 822 186 19 226 49 933 39 25 20 6 48 321 987 12
518 579 771 646 387 382 220 41 829 979 158 628 207 54 338 26 61 155 965 134
4 5 555 152 468 729 80 676 479 39 463 7 761 167 583 858 852 294 179 50
0 2555 14048 5706 1886 12671 943 8456 2197 13562 245 359 1451 7745 9372 12950 2345 9449 6888 1295
28 6915 2390 1379 2886 9231 19600 8491 7525 8971 1250 2840 2453 5012 739 2303 21367 5303 9890 4481
1280 159 5688 136 2382 1494 2139 8442 2304 4452 10474 108 135 357 136 9270 1828 6920 2580 6519
12518 4620 6548 12607 412 12613 3657 431 29 326 10049 3709 21 2211 16908 693 14500 3424 1079 2719
490 7065 965 341 254 1358 86 9391 3983 531 8053 22245 2950 5344 5420 8871 12247 3480 289 252
1727 13742 10004 9203 11282 4679 6492 6241 1463 1836 9753 7307 49 10765 10884 1648 2625 116 2744 10734
5080 11514 487 2817 8710 1293 10498 286 915 2753 5603 3012 635 68 25697 1499 12156 3771 8481 468
12698 3869 1260 18207 17353 11884 18925 6264 5132 3389 15411 4198 4599 915 1477 17269 10274 1881 3866 3603
6240 20839 6725 4471 1975 7795 689 2717 795 6736 6588 620 180 141 9468 320 17297 5611 8983 13813
15046 2372 1154 140 4732 313 526 748 217 11450 14919 8262 3864 1123 313 144 644 14668 409 24369
9920 1577 11787 6069 13809 10156 35 3687 9702 8022 11932 3416 4031 110 6927 16950 11501 9595 12383 3576
97 24351 10206 10375 7592 14545 17229 20131 4599 12749 2380 11085 12081 3748 4755 1712 131 6356 341 9159
290 19920 18788 1275 2078 5426 808 679 5340 24482 115 5280 304 18297 1380 12287 87 549 6550 1404
2723 8913 15947 1156 19997 1131 8925 19831 6042 5906 2654 1139 17122 10202 13703 7648 986 18825 96 19405
3118 18051 7518 10388 17504 15323 19945 461 6756 323 42 2528 1360 885 6502 504 1199 1910 1137 731
394 605 3418 5405 5749 811 3678 14071 3536 4561 4115 22058 6942 3347 10698 1727 449 231 2519 1276
4883 10956 3718 436 987 11131 175 3389 3320 11419 1406 20003 12730 521 6638 12748 23367 11536 3761 2662
135 20040 1617 10078 4597 21716 22156 4553 283 5266 1294 11377 849 672 386 144 1147 5878 22966 231
9561 16805 9327 9775 7920 4854 3924 1070 22717 15389 4608 15117 4155 1163 7842 713 1241 2487 18422 3573
46 142 10001 3909 9555 16793 1499 13687 14088 454 9859 122 19100 4886 9604 17807 15541 5106 3460 832
