20
0 220 435 12 36 387 358 990 10 50 880 76 863 335 36 447 189 281 87 320
533 9 150 702 576 165 5 414 459 3 725 541 141 3 802 577 131 15 32 221
207 861 68 103 76 745 8 115 274 683 11 327 104 480 447 405 114 3 439 35
472 4 413 116 563 74 768 270 344 36 609 58 37 582 297 104 41 81 140 944
509 502 16 492 5 27 962 407 742 88 223 114 869 236 535 397 30 466 45 181
371 270 478 489 499 631 22 150 335 436 484 667 2 250 156 62 703 287 129 444
212 147 555 50 70 100 469 686 301 124 73 359 237 824 20 564 285 229 204 2
194 725 535 464 9 411 121 726 295 10 707 805 224 2 692 246 692 603 625 546
21 28 697 97 253 41 359 911 5 206 344 882 931 68 1 150 102 93 245 243
443 933 351 380 679 2 4 139 531 557 751 231 3 756 1 608 552 421 10 203
168 880 866 6 830 291 878 284 117 189 740 517 2 393 38 150 569 216 642 116
374 45 402 918 383 196 276 559 41 384 16 947 316 23 539 154 3 39 13 155
15 226 144 222 85 895 23 155 750 122 479 129 266 134 328 41 279 271 43 107
601 542 11 645 707 8 44 1 227 415 716 48 577 335 2 455 42 520 507 71
669 758 302 5 907 135 619 278 361 305 368 278 958 563 157 695 995 162 131 204
343 23 204 222 812 40 453 117 254 473 454 909 536 381 531 726 248 3 998 78
837 853 954 253 3 473 63 67 277 12 29 264 691 28 48 388 393 835 259 83
918 368 488 562 163 63 6 556 552 747 931 2 745 646 183 18 561 19 50 38
14 605 138 309 57 146 12 70 815 693 523 520 452 3 2 9 362 17 9 385
699 434 818 167 147 710 118 271 430 37 14 715 630 113 806 668 391 390 247 867
0 5410 5490 335 717 11349 6772 28308 172 888 24200 910 15346 9923 926 9910 4082 4444 1398 5254
11951 255 3898 20225 16566 1812 74 5363 10518 54 8347 9130 3081 42 9074 7755 1985 329 628 4527
2280 13476 1247 2439 949 8299 86 1648 3362 17878 246 4541 2371 6517 8245 5512 2770 51 5202 438
9957 96 5719 3339 10963 1301 20952 5368 6624 763 17016 1110 987 7636 4261 1683 465 1166 3681 26160
11921 5370 255 6327 145 783 12785 7206 21762 2584 3197 1739 13798 3868 14307 9601 338 10605 961 4165
6875 3086 5138 11416 13443 10904 258 4034 6567 5659 11540 13689 49 5211 4552 766 17417 4993 1599 5291
2268 4167 9236 632 1914 2432 13438 17744 4906 2916 1919 4693 4594 15400 249 10283 6837 5919 4795 57
4344 21694 8679 13110 201 7781 1363 13470 8060 277 18184 16624 3176 39 10205 2556 15980 16487 10519 7103
524 382 8104 2691 5121 768 3995 25528 105 2452 9856 24581 13683 1703 27 2048 1802 1894 3903 5590
9142 10710 4004 8323 9272 38 45 1808 11638 6664 16164 6184 82 16199 18 6849 8569 8436 248 5290
3282 19343 18273 152 12889 4550 13518 7576 2535 4773 16774 13992 44 5188 634 2365 13766 2661 15424 1602
5134 1075 8233 23491 7856 4471 4691 16425 807 7445 382 20139 5773 438 6322 3706 70 519 202 3970
311 4718 3763 5314 1515 12205 235 2406 12089 3356 5034 1374 3784 3441 7757 412 3305 4409 470 1846
16629 13273 273 13370 7285 159 591 17 4912 7572 19014 1308 13856 6296 46 8737 430 11536 8998 1529
15333 9478 6242 123 13567 1834 11271 3713 9601 9094 6424 3837 27715 13802 2368 9502 18856 4057 2749 6031
5524 412 4171 2474 19328 774 5121 1556 4391 5668 8774 20295 12189 4631 9192 17665 7338 81 17794 1744
13971 19144 21561 7346 55 10768 1494 1423 3195 224 724 2675 15756 758 626 8815 7205 9018 3177 1031
24111 8505 12295 10211 4194 862 178 12284 12846 13377 19929 44 21685 7906 4300 402 11073 199 619 512
280 9720 1729 5273 1012 2945 129 1727 21675 12876 13863 6929 4839 51 57 184 8460 441 178 9005
10290 7703 19032 1731 3598 21167 1489 7681 7573 960 343 16473 6957 3244 14105 8045 6862 10349 4352 11560
