20
0 553 521 89 906 837 418 496 185 319 41 92 399 263 975 571 15 340 5 14
192 15 2 45 842 103 185 9 30 995 787 134 773 267 404 177 710 15 364 134
53 182 49 469 172 699 621 218 824 495 96 525 363 993 90 580 419 21 971 231
219 474 49 103 61 103 563 109 571 234 789 188 713 762 68 518 7 196 52 799
877 93 744 172 764 320 385 871 497 764 200 185 215 379 59 53 536 861 880 43
11 881 767 756 175 124 107 210 612 900 54 198 158 131 773 44 278 826 608 84
100 228 18 886 1 672 48 677 926 389 8 49 56 709 830 516 354 594 527 458
276 934 12 186 677 366 3 686 839 477 2 605 132 912 360 363 551 411 293 145
57 407 163 4 51 20 2 86 393 573 11 900 376 330 383 832 2 174 24 402
2 116 953 805 210 197 69 115 170 130 61 66 780 798 887 876 589 50 528 762
998 36 4 99 338 688 155 895 237 442 104 584 929 25 84 2 84 104 1 355
304 204 49 501 274 660 293 318 223 405 304 359 586 157 750 291 130 813 566 319
667 487 37 276 157 272 174 477 382 690 44 266 11 404 16 522 531 468 832 123
11 551 38 109 74 433 986 10 210 197 65 11 482 78 5 45 3 615 906 21
5 652 923 792 5 816 967 903 307 110 132 299 753 70 7 21 552 428 120 9
40 664 20 946 46 46 602 488 4 220 774 111 246 206 4 740 293 63 747 54
630 64 28 72 254 82 116 33 653 23 278 976 568 186 30 223 776 870 388 11
15 910 60 457 565 110 614 985 172 275 30 341 8 183 377 866 25 43 275 310
3 889 660 340 705 331 290 58 206 217 120 125 77 36 585 43 971 517 464 12
74 503 973 183 203 542 24 377 95 236 490 221 3 50 21 11 432 26 209 196
0 10339 14233 2507 9873 10443 10063 13765 2516 7528 1072 1314 5131 7003 17867 7710 185 8586 148 355
5246 330 54 955 19883 1237 4664 188 490 21553 16478 2348 22235 5843 7716 1951 11212 192 10017 3558
976 4729 910 12245 2346 18649 11367 4909 17760 5132 1119 5589 10457 24212 976 9952 12058 546 23344 5876
3176 12727 923 2562 1421 1042 13039 2188 15127 5391 23527 2840 16611 21690 1621 7687 164 2931 1310 11095
25556 2339 13800 4135 20037 7663 9639 21132 10393 14958 2482 2637 5410 6597 967 718 7442 23883 9318 1134
191 19058 19781 15171 2390 1324 1513 2760 13182 20422 879 5658 1986 3276 22857 794 6551 9993 6102 1770
2709 3886 244 23603 16 11871 1128 9494 26371 4396 188 1388 614 18412 17456 12182 10193 11668 6701 5720
7988 23425 193 1929 9906 9363 38 17058 14885 13419 52 7413 1886 17417 6558 8459 16081 7744 7309 3094
1532 5379 3152 45 731 442 22 2074 10068 14734 306 20519 6753 8265 6592 24070 50 3535 662 5374
39 2974 17654 16815 4843 4823 727 2910 2037 3863 909 1684 16165 9771 12783 11753 12414 731 8266 19450
25668 708 97 2199 5142 17310 1803 13550 5536 8922 1497 15928 13819 708 1342 55 1335 2957 28 4019
6791 4776 1171 12552 5095 9067 6377 8594 2940 6394 6578 8759 7963 1677 19837 6688 1958 23398 14367 6980
11888 11580 641 5806 3268 3853 2830 10258 9367 10063 518 3715 192 10120 301 9357 14553 9204 16501 3636
209 7457 752 1833 1410 12773 20874 225 2823 2661 1893 252 5317 2121 63 924 81 6747 10149 237
61 15641 10372 13588 125 23236 17923 16495 8307 1315 2238 8815 15139 1395 86 395 13119 8656 2030 184
1169 16656 593 27150 1186 734 8792 6678 102 5623 17600 3170 2853 4271 71 8112 4561 1795 11996 1353
14483 1166 406 868 4823 984 1591 487 10954 356 4795 24125 6821 2463 805 4407 20825 18156 7668 272
246 18132 1090 9242 16604 2793 7542 15560 4389 3843 422 5261 227 4386 8994 18202 340 1250 2948 8775
86 24780 10284 9301 11561 3557 8550 1456 3789 3056 2645 2607 1392 909 13146 1033 26342 13114 9101 277
1485 10172 26803 4408 2448 9766 641 8211 2549 3047 7089 6138 82 836 555 301 8722 324 3197 3264
