20
0 56 434 987 24 387 615 620 522 266 5 478 141 554 754 25 328 993 40 131
45 662 269 397 4 256 52 3 76 109 832 692 983 312 191 553 864 138 946 534
2 473 305 530 27 582 26 3 590 665 44 511 54 268 295 274 308 957 872 3
593 817 112 70 2 66 129 463 75 34 572 54 638 638 35 357 841 801 220 9
396 2 3 297 529 18 3 61 390 325 316 335 86 38 34 589 263 960 478 284
310 299 688 902 17 90 12 2 734 864 780 227 38 35 821 9 539 197 32 261
28 408 59 548 91 621 143 8 34 842 39 754 106 481 496 36 101 47 747 591
412 57 103 48 582 734 128 71 461 194 318 46 757 525 20 525 859 172 119 275
45 468 901 160 324 190 208 94 28 249 679 19 328 621 813 752 305 212 533 6
169 140 23 156 555 129 86 307 14 145 400 874 43 442 629 31 12 10 388 169
582 50 504 75 217 612 16 549 747 347 14 400 35 774 328 269 440 116 92 117
892 68 447 710 334 304 20 790 35 102 454 850 497 2 567 30 181 776 48 26
49 694 34 68 33 117 18 201 238 399 5 797 92 177 3 36 277 723 17 951
454 614 24 794 601 444 95 689 850 659 970 433 527 363 50 610 61 586 981 37
493 67 2 684 159 969 317 228 68 974 122 853 502 469 129 947 246 98 331 191
800 138 4 71 326 709 774 979 26 879 979 916 1 14 337 61 26 554 721 302
606 375 870 4 117 946 100 108 300 79 130 334 8 707 61 147 216 89 190 47
138 723 628 769 838 198 737 107 464 14 357 228 521 793 7 609 748 32 259 912
280 128 751 1 14 303 147 434 575 616 137 465 563 15 9 601 89 354 592 640
685 143 47 765 560 496 5 34 62 12 177 153 181 434 613 10 219 447 18 782
0 1162 10082 20852 521 7968 15322 9330 14817 7256 52 11212 1743 15057 17349 714 3322 20633 1166 3418
981 16270 4371 5090 81 4275 1025 82 2206 1777 22440 8821 23038 8313 5126 9975 20016 2859 23164 6279
54 7318 5180 11934 413 16010 699 72 15827 12618 705 9115 1007 2823 4584 7505 6205 14926 13297 32
8665 11844 1338 1250 37 1722 2697 5108 2247 869 13225 792 10419 18770 685 9387 17447 16699 5296 119
8201 31 69 4407 14038 345 78 1570 10724 6889 5341 3707 1603 656 383 13454 5820 25398 13485 7181
8462 7609 16266 17432 390 2313 134 49 9270 23056 11062 5834 581 984 21482 111 7719 2297 584 7232
582 11193 1657 8471 1422 9306 3964 152 1013 11254 520 8897 1224 6701 10232 1031 2112 1072 12192 13880
5543 935 1565 907 14494 15603 1631 897 12068 5564 7451 1200 7767 10646 462 10850 19921 4105 3429 3188
1095 9939 14504 4793 5545 4740 4354 2552 524 7240 9376 332 5887 14009 15699 8286 8277 2860 13543 73
3255 1510 585 3932 12444 2711 1860 8306 156 2950 8692 11333 447 4562 8482 322 291 228 9160 2061
13715 1310 6879 1338 2921 11420 328 8990 17185 9800 262 4165 604 13848 9119 5302 9050 3473 1396 2900
16667 1558 6643 14433 7317 4199 484 11781 486 2375 9486 19601 5197 31 14100 629 5382 22748 639 490
906 16080 617 1814 792 2656 315 2893 3361 10576 89 16927 1297 3387 47 799 5227 7485 469 11135
10745 9257 442 13329 16075 12571 2434 19038 12953 7671 16284 12510 7703 8635 1125 13519 1198 15891 11578 691
12413 1947 55 7549 3892 27750 8252 3687 834 20199 3119 13336 10410 11660 2530 15808 5521 1815 9897 3174
15854 3788 101 2123 4285 18174 12619 12040 516 11943 15360 24399 21 215 7777 1513 336 15933 20564 7829
17298 6906 16156 112 1207 20032 2652 2025 7622 2156 2072 5986 229 9338 780 3049 5260 1890 2677 642
2660 18988 10085 19473 20767 3076 19443 1408 10196 350 5820 6524 12260 8337 168 6243 8119 533 3425 24285
4471 2906 9074 21 370 5273 3541 4796 16765 18031 2337 7459 8126 388 129 9799 1595 10350 17491 14973
17056 3125 513 17206 8970 5374 82 456 1373 300 4692 3052 2633 8518 10588 133 6457 11051 263 18806
