20
0 264 181 14 2 136 6 375 384 603 87 270 779 395 156 52 26 847 646 343
106 125 2 345 524 169 642 295 39 19 310 418 652 775 447 602 402 485 763 652
67 530 16 24 104 602 511 38 694 673 15 448 16 305 201 99 14 86 65 733
4 544 203 301 220 569 545 85 838 155 4 228 843 485 372 615 596 7 90 512
556 40 883 162 443 7 695 5 977 5 796 187 71 536 846 665 3 929 422 2
643 104 669 444 585 889 6 62 600 799 651 35 504 90 278 1 540 498 79 539
218 85 35 3 842 158 10 814 86 30 44 889 193 122 186 3 5 593 459 161
7 332 347 67 404 1 587 43 521 30 247 190 408 352 80 49 518 297 735 5
485 365 59 944 393 861 664 518 35 85 363 107 311 89 559 768 29 136 700 597
3 96 8 661 234 162 892 26 393 739 173 441 12 171 140 83 358 870 141 27
18 653 296 274 115 452 637 327 218 1 52 425 141 292 548 283 1 938 272 529
27 53 363 1 371 8 897 145 287 97 304 468 43 712 448 976 277 589 723 509
299 283 9 8 943 326 689 21 184 62 61 12 559 725 8 769 595 224 276 25
779 505 730 215 4 11 88 886 675 28 89 873 211 155 681 54 734 205 104 861
792 5 606 254 767 167 191 420 27 576 991 4 98 119 2 3 763 15 772 673
624 73 17 44 643 5 448 476 563 600 632 435 147 43 712 20 730 338 117 643
530 589 327 489 29 377 8 625 680 100 121 237 76 4 66 6 773 95 963 31
666 55 511 767 59 9 669 3 674 95 235 3 38 428 450 204 17 198 55 601
306 6 744 912 144 12 288 8 476 108 394 41 515 530 577 2 32 136 604 84
573 10 287 6 760 363 310 324 250 756 591 12 229 13 337 674 679 313 990 466
0 2865 3492 205 44 3454 74 6539 8038 17872 1981 4640 20130 6081 3262 747 531 24169 8540 9382
2072 2843 27 5229 10655 4146 12584 3422 892 257 7117 5533 16535 10640 7769 9443 10499 10628 9145 12259
1511 8530 448 637 2071 12731 14879 530 15674 7387 250 8651 250 9018 5485 2439 281 2539 781 19833
50 10626 4269 5621 6035 14130 7591 1106 21232 1851 91 4111 9992 13993 3819 7143 16573 209 2007 5897
10404 998 13042 3259 11246 166 19102 142 10817 99 20049 3205 1759 10687 9809 9226 48 16931 11926 49
8633 2502 15813 4522 6338 11465 171 1232 15831 21690 10102 511 6194 2139 8250 11 15771 13091 797 10736
2273 2099 454 70 22793 3275 166 15742 1926 789 734 19177 3512 2996 2568 78 108 17235 8420 4251
82 4220 9789 1344 7219 26 13947 504 7793 431 6066 2217 10249 5956 1337 1315 10307 3288 16303 64
11327 9525 1428 24445 8535 11068 14181 8277 856 2401 9814 2207 3855 1338 6739 20533 571 3772 8305 16004
56 1442 99 10741 3725 1996 25687 447 10946 20428 3934 7379 126 4983 2193 1967 10514 16479 3455 524
512 11776 4803 4579 2024 11906 16822 6847 2498 17 1223 5940 3332 4584 9844 7362 13 27806 5513 8072
467 905 8217 21 10191 240 19346 3957 4214 1566 5139 12303 945 13958 6405 27297 5789 12341 15757 11680
8070 4407 141 164 21222 4771 8677 344 4393 1577 1549 227 7730 8415 184 21646 13254 5065 4103 630
8411 12842 19893 3285 54 132 2490 24479 7327 823 2456 25320 4495 2219 12177 1556 16125 5189 2405 23296
21096 121 16184 4183 17384 2193 3437 6882 634 6401 21785 59 1129 3335 22 44 11804 311 16985 7525
14545 1019 435 1236 7480 96 9439 11980 10056 7597 11932 12322 2979 842 20943 504 20784 9679 3504 10248
11464 8931 4002 5576 453 11269 169 10953 7605 1526 1417 4507 2112 101 1618 72 9832 2132 11371 437
11314 1186 9494 19542 985 137 11588 48 6751 1937 3159 51 512 7800 12657 3037 502 2678 1271 9714
3509 116 14187 13885 3097 194 4651 168 13006 1981 4957 833 10858 9188 9500 26 635 2783 12096 1528
8511 103 3134 123 21603 6592 5727 4793 4260 7838 8199 186 3527 306 9558 16852 17114 5884 19593 13877
