20
0 714 184 239 255 681 17 997 22 164 596 95 2 799 582 361 513 14 979 272
368 700 978 790 32 23 9 102 821 648 111 15 171 44 942 45 68 262 32 493
59 780 525 312 27 232 229 157 153 141 196 360 8 140 47 963 70 320 373 16
3 156 701 60 660 188 229 526 814 777 898 51 98 870 264 241 792 79 76 190
779 385 392 141 447 68 12 145 164 407 607 548 252 670 120 4 943 482 25 465
14 50 776 545 263 343 75 29 502 76 784 872 44 13 681 2 384 23 65 170
7 131 117 108 897 206 80 901 102 444 616 6 992 759 525 909 730 671 261 248
402 590 240 237 424 173 657 32 22 117 502 749 585 161 210 678 988 66 4 9
283 470 321 365 359 246 631 323 11 22 437 491 585 175 365 147 670 884 21 14
26 85 25 276 96 31 300 292 119 277 177 956 76 265 327 497 36 178 77 461
9 13 16 48 48 270 301 341 281 291 962 909 290 17 307 469 718 31 222 353
190 60 58 218 365 3 295 3 526 109 237 206 526 49 590 170 194 849 237 221
16 81 285 6 348 83 3 782 76 310 371 370 727 398 26 691 535 1 266 66
601 180 23 978 354 165 143 631 268 923 726 25 107 63 16 897 59 582 311 4
37 130 576 118 569 7 934 207 462 874 343 31 955 91 284 747 410 575 3 94
633 64 22 273 715 175 145 90 171 112 98 13 808 377 813 762 43 615 505 29
6 89 723 39 117 757 82 202 745 40 105 413 199 77 406 5 114 966 562 493
105 928 848 276 329 4 375 33 458 499 296 46 937 717 164 68 392 902 392 923
717 399 402 17 129 214 685 145 171 220 69 64 165 53 516 158 82 357 551 22
336 14 47 20 606 218 2 429 301 852 346 4 660 73 84 578 108 138 3 500
0 16087 3833 4111 4853 8350 482 24610 277 3730 6087 2484 51 12246 13894 5040 7882 329 18290 7811
8836 7358 14414 8812 782 272 174 1350 18380 9377 1338 443 4094 545 22975 1139 1469 3814 554 10537
1725 20299 7328 8347 422 3123 5635 2689 4127 2888 5627 8921 193 2258 833 16539 1007 8286 6755 373
40 1802 12631 1033 19130 5306 5001 15263 20829 13289 24117 743 2785 12588 4251 4459 16855 1122 1930 4012
15181 11105 11344 2007 5571 1526 355 2650 3200 4619 13720 5746 2632 9905 2801 57 11649 12988 396 7540
369 668 14293 12375 4291 4132 1668 801 10330 1224 15672 25130 555 208 15143 51 4783 507 1824 3453
146 3032 2072 2245 11670 5490 878 22824 1914 6336 9421 87 12524 16707 14574 24731 13751 16453 6890 2575
6713 12333 3474 5494 11611 3822 12223 814 329 3061 14569 10704 11941 3566 3412 12611 26715 1637 105 261
3559 11779 7067 9168 9066 3982 15367 8697 252 233 11991 8782 13493 2847 6607 3545 11398 20169 223 337
697 1490 467 8024 2185 659 7514 5443 2893 4356 3858 24449 1691 7369 4121 7450 760 4601 2280 5978
119 254 236 1109 729 3219 3448 4807 7509 7095 12522 9380 4519 246 6723 11588 21395 482 2232 4592
4316 953 920 3384 7352 63 8113 80 12833 1700 3566 4697 7285 602 12299 3361 3402 20959 6808 6399
201 903 5311 62 9187 1727 47 17603 804 7896 4712 10850 18945 9082 705 8136 10344 28 3909 1328
16862 3954 378 24332 7751 2694 2402 8428 7574 12579 9297 612 2551 773 301 23489 685 8649 4102 68
907 1761 16409 2731 7445 168 15793 2076 10474 12652 9432 429 13262 1339 8052 9405 5110 8185 55 1989
11110 1631 352 7532 20676 2558 1539 1150 4487 1315 1288 201 9683 4432 13904 15813 470 16686 14404 324
76 1460 9455 676 1967 22331 2209 4084 15837 962 2216 7150 3860 2147 9789 120 2769 18976 7666 8922
3061 16150 22324 5741 4960 92 8046 371 4688 7150 4458 642 11394 8259 1983 891 4769 13371 3990 17510
11120 8949 10071 265 3289 4881 18427 2972 3271 5577 1228 833 2798 1457 8818 1642 2296 10545 6490 403
7622 165 1227 331 17665 4102 46 8174 7047 13571 8124 44 11923 1196 1868 16794 1380 1856 71 14723
