20
0 50 119 232 17 175 162 151 142 333 441 1 122 602 489 38 732 21 115 13
744 712 56 844 680 34 199 118 355 37 998 687 728 797 480 13 31 701 25 10
168 398 631 134 93 434 643 797 36 768 61 173 36 506 567 8 361 20 6 283
109 433 7 328 791 412 505 715 460 963 601 48 557 79 14 265 177 593 100 186
629 585 458 483 147 167 721 475 306 101 542 174 15 575 907 40 150 79 494 61
367 12 941 487 862 194 910 9 102 42 451 287 502 278 467 627 120 356 298 765
853 110 648 62 703 237 237 317 279 605 117 991 35 184 13 679 201 145 69 750
698 403 114 647 48 2 17 27 38 821 111 949 113 660 37 931 249 561 945 54
109 205 454 117 993 441 2 431 375 33 544 315 39 109 210 975 149 223 61 441
710 392 349 118 697 380 236 333 174 478 26 860 220 724 241 560 53 568 166 163
778 64 45 16 463 12 58 325 323 224 959 691 723 41 758 608 9 368 139 338
297 310 313 67 5 63 840 361 53 466 145 793 241 71 44 150 590 335 56 437
104 3 784 51 244 32 645 333 278 25 215 107 933 55 648 980 103 95 405 500
247 262 308 189 103 247 241 145 75 163 857 13 753 266 323 12 75 130 1 654
547 37 70 399 10 895 317 364 174 734 268 653 7 514 4 68 30 754 5 787
41 418 344 780 545 621 114 632 681 39 499 895 313 71 152 93 3 932 846 459
41 492 31 97 842 21 411 302 958 308 538 28 19 32 454 204 70 207 637 700
4 146 38 408 227 16 302 827 208 6 467 356 184 908 192 285 23 137 756 338
531 12 66 17 959 516 618 8 21 804 844 603 497 518 25 99 87 16 226 237
662 709 35 449 660 754 80 84 127 522 26 99 648 23 184 69 531 13 357 84
0 1360 1320 4005 434 4911 3878 2611 3008 3985 5568 13 2761 9307 7629 900 18423 377 1905 245
17460 11058 1557 9969 13075 765 5788 1281 7574 527 12022 10710 12264 17139 4886 213 833 11789 668 110
4034 8688 10556 2236 1945 6474 12642 15635 548 11833 1341 3801 966 12553 5888 145 5925 574 172 6375
2070 9557 204 8479 18618 5751 11224 16098 5135 18617 16490 1006 14364 942 372 5223 5289 8333 2375 2299
15838 8320 10985 14184 4313 1881 15522 6436 3505 1947 9952 3115 337 15000 23773 768 2758 803 11444 1288
8228 184 15690 13229 19234 2664 18924 144 1994 763 12197 4226 12860 6730 11586 6567 1249 5242 8206 18026
24692 3195 11613 734 14863 3689 3913 4344 4919 14018 1200 11428 933 2546 311 16261 5993 2763 1077 15306
18538 10848 1378 11454 728 38 486 794 502 15302 2503 14447 1740 11982 512 26711 5458 6817 11659 1016
2642 2952 8937 3292 22207 9261 46 12428 6448 487 13100 4910 919 2946 5232 23017 3276 3451 1362 6925
14096 10593 7484 3086 20424 6035 3288 7725 5159 13362 403 11791 6112 9603 4516 5717 1015 12292 2506 2276
22033 1284 981 334 12339 341 919 7257 3840 6053 17028 17927 10320 550 17666 9337 105 8222 3039 5475
6432 8704 9288 1305 140 854 16066 10479 852 6291 2883 11207 3099 1964 602 2844 9986 5736 1333 12528
1219 70 13437 1033 6029 508 16588 6555 6876 252 3703 3189 15552 1080 16144 18139 2124 1425 9072 8633
4163 4398 5498 2013 1901 5426 3342 3048 1578 4611 22378 350 8886 5331 3257 199 926 3864 25 7294
6618 704 1127 9963 179 22899 6701 9020 1837 18505 7310 17278 74 11851 66 1540 480 14475 50 19658
792 6110 5580 19534 14393 10831 2687 14878 17629 787 10789 19781 6737 842 1928 1357 89 25429 19614 6627
534 10412 389 1845 25133 614 5452 6541 23122 7464 14452 288 551 395 6390 4167 806 3327 16637 9654
40 3821 566 8634 3564 260 3910 23005 5471 125 8154 5344 4796 19228 2681 5696 370 2250 11730 9040
14483 314 1151 213 21137 9441 16253 201 534 8123 20141 9630 8302 12537 371 2812 1048 298 2399 6346
8719 20199 996 6351 17598 16961 1572 2426 2724 12187 655 1768 13125 501 3113 1445 5411 355 4596 1514
