20
0 408 290 196 561 629 840 172 8 679 69 21 85 647 591 5 2 200 503 140
265 9 212 2 327 49 154 558 480 4 146 317 362 158 75 572 695 803 350 56
305 156 910 788 761 157 3 435 28 32 594 88 769 741 544 843 1 132 2 863
4 45 706 94 131 45 341 240 809 119 909 4 440 797 767 344 956 3 827 111
58 23 79 4 712 9 537 578 271 526 33 915 61 87 269 43 5 41 2 36
799 341 400 932 86 535 34 265 5 415 20 147 485 455 525 15 661 6 222 3
471 141 175 382 19 676 124 880 40 144 326 236 332 3 404 592 118 186 467 85
18 933 720 13 12 71 200 92 517 191 542 132 133 114 339 222 12 898 672 365
616 34 35 464 328 765 524 328 5 151 255 675 89 6 293 414 164 476 70 406
78 662 241 530 164 149 85 145 437 4 727 191 268 134 50 876 499 4 807 265
136 912 166 820 63 475 834 101 1 53 751 30 432 213 411 257 984 2 63 11
286 56 617 3 529 129 649 769 447 398 359 148 832 378 372 441 370 850 13 804
545 20 67 299 373 757 13 36 511 299 367 202 125 533 593 196 883 528 990 8
200 680 855 276 177 46 415 95 19 50 56 568 12 285 233 964 25 705 201 993
57 105 383 814 72 714 105 812 536 743 132 66 29 742 940 432 711 250 486 215
645 456 126 702 9 448 418 61 259 222 267 525 231 96 347 255 483 944 776 158
397 9 38 750 156 289 5 262 442 314 151 507 3 717 133 380 10 162 604 663
180 457 192 11 5 552 280 214 401 109 576 369 151 229 131 742 105 505 648 532
184 88 64 186 130 34 795 750 73 183 992 539 174 517 481 8 117 705 9 857
765 723 611 21 987 608 509 966 570 567 20 133 856 345 855 714 536 54 125 2
0 10106 3431 3142 8481 7170 22686 3718 152 17112 1211 557 1654 13499 14201 93 55 2489 10123 2300
3537 251 2148 41 8866 759 2911 15815 10218 84 3956 9500 10747 4248 1063 16024 10758 9252 4916 1248
7981 2740 19349 16045 16991 3228 66 12513 479 370 14141 1931 19421 15894 10751 9786 26 2936 50 20242
47 597 15918 2000 3401 756 8944 3612 23461 1786 10274 92 9608 9756 17650 6049 20002 64 15354 1637
1607 586 2217 93 7653 236 11941 8232 5655 5370 469 22715 1110 2598 3700 580 122 441 23 485
18840 3685 4841 24316 1435 9029 826 7120 65 9378 437 2985 9848 10038 12367 199 17371 84 2624 43
10893 2069 4290 6289 530 16019 1945 23390 678 3186 4824 5128 3593 46 8674 15507 3350 3388 8501 946
349 23975 14331 340 199 2115 4712 2488 8266 4391 8303 2922 2282 2681 9513 2931 322 9277 7544 9388
12518 755 521 8997 3628 9473 11308 4813 68 2409 6049 18940 2032 90 8721 11891 3747 5688 1326 9346
1498 16889 4422 6605 3949 3897 920 3507 12726 118 14564 2846 6690 3480 1355 12744 11551 82 15972 6450
3573 12545 2886 24253 1635 13047 19329 1727 11 683 11178 800 9191 3387 10957 4812 14267 41 1217 248
5476 1245 14273 43 5935 3461 14587 14892 8375 9537 5566 1850 9800 7056 4642 5276 10472 21687 273 10950
8670 547 963 8618 7072 19541 372 649 5219 5839 4236 3689 3420 9787 11354 2423 9108 8780 21147 97
3248 7769 18218 6287 2072 1200 9216 2626 219 1321 1407 14949 200 7314 6603 18380 442 11172 2280 28207
689 1550 4651 17816 1922 15873 2121 23451 13796 14546 1925 1470 483 22024 14604 10445 15447 4055 9344 4175
13139 13104 1782 15952 253 12133 5056 1159 7721 3484 6406 7983 3124 2781 5409 4232 12851 24335 22088 4300
5959 209 1087 21030 2982 3798 105 3836 11289 5899 4057 6867 45 21068 3083 4926 290 3132 8915 11461
5253 12884 5344 210 102 12902 3555 3321 8473 2179 14335 5164 3664 5102 1343 11102 1768 9276 8620 15719
5326 1771 1266 4244 3753 682 17312 21014 1401 4475 28137 8177 5082 8700 11422 101 1773 11654 213 10096
8781 17476 7795 231 25403 13806 8575 17460 8970 16758 442 2892 9330 6605 12956 18190 14961 1374 2228 39
