20
0 955 766 61 259 140 2 294 181 977 277 40 564 46 61 217 35 302 185 827
266 62 282 449 57 73 203 607 628 430 195 6 14 374 278 20 455 570 305 720
594 43 7 332 3 2 79 4 13 3 15 346 96 99 436 185 905 358 4 985
841 21 26 272 25 657 12 695 94 491 252 9 863 366 121 5 107 388 7 140
362 52 320 25 183 530 911 204 58 306 973 707 857 17 672 351 4 407 376 105
333 85 329 477 975 806 173 673 348 191 249 2 8 924 446 45 318 228 190 214
772 773 726 92 836 586 869 160 84 529 242 708 259 860 165 76 32 170 597 189
237 379 55 123 469 747 297 79 10 752 183 5 4 390 368 299 870 58 281 230
40 128 14 795 91 278 899 173 915 453 79 87 7 722 221 860 726 9 177 577
210 120 682 92 781 677 286 102 76 288 6 981 41 26 48 429 392 3 368 353
835 145 611 799 571 190 685 737 4 173 256 6 89 656 174 571 905 398 810 555
79 82 144 295 452 226 792 855 51 645 607 547 543 402 217 915 440 310 498 227
28 735 519 7 816 741 217 978 843 922 812 785 472 104 104 4 348 355 323 537
885 693 1 10 171 327 459 9 60 779 98 603 128 277 7 302 31 76 242 96
144 207 40 668 996 872 112 947 143 422 909 316 7 608 58 695 250 961 192 242
658 277 33 632 451 102 621 151 831 425 41 73 207 906 274 84 3 6 690 36
888 199 65 33 594 93 912 3 264 46 388 17 415 144 68 640 1 419 18 20
677 6 913 827 263 239 720 3 187 228 133 7 959 38 964 820 183 41 63 954
550 487 304 53 293 855 300 776 108 76 346 903 95 356 739 430 784 400 707 27
9 527 5 12 239 992 2 586 106 83 278 8 10 117 212 102 97 120 417 544
0 24819 19238 1133 3178 2978 37 7696 2339 16380 6585 730 7673 988 1801 5833 434 3678 4033 19387
5033 996 3322 12449 1546 1471 4368 7207 14544 7875 3680 173 161 8186 5941 249 9789 16244 4840 18896
16793 692 93 9231 73 32 817 80 355 84 253 9729 2730 1458 10489 2949 13918 5958 88 27090
12098 281 563 3065 659 17537 177 14603 2693 6992 7265 212 12398 3772 2117 117 2399 10170 198 3798
9845 1536 5287 466 4974 13560 24596 4417 1327 4565 15744 8453 25540 224 9080 6171 47 6997 9324 1233
3793 2247 9049 9308 26809 16850 3634 13533 10407 5454 5481 41 167 18720 11081 1058 8966 6541 3279 2644
9063 11360 19922 1597 20962 7479 17838 2036 1236 7952 6601 19793 6135 17672 3033 2030 920 4458 17300 3618
4753 10015 576 2941 10315 14073 6213 2000 266 7696 2669 127 62 4312 5822 4479 16104 1144 5590 4882
454 3754 250 12739 2447 4433 18228 2374 13899 11318 1134 1943 171 18809 3519 17149 11929 174 3423 6593
3577 1868 8505 1276 22434 7907 8312 2531 1366 5858 131 11950 934 528 1303 5875 9019 46 5072 4676
22415 3157 10255 20231 7409 2613 13783 7914 78 2876 7500 106 944 12577 2606 8120 24872 6494 24070 9290
1252 852 3461 4678 6246 4522 18013 19099 1299 10212 17865 16173 8989 5853 4376 15432 4953 6383 6120 2854
728 16729 9387 206 20456 21924 3230 17990 12603 23829 8642 10755 12919 1281 2494 90 4474 7934 5113 6564
17263 18293 27 195 2410 3760 6347 214 1427 21730 2615 10791 1789 5997 185 8534 586 2188 5983 1131
3988 5741 1052 16268 26531 22156 2890 24043 4221 7962 13133 5623 107 12304 813 16814 2632 26306 5509 4697
7818 3048 885 15951 7377 2826 12141 2522 11713 7846 854 1631 5561 9522 2902 1869 77 143 6945 883
18070 2038 718 334 16148 2174 25682 72 7894 631 11518 182 6915 3050 699 12382 29 4292 540 219
13492 88 24132 13770 3770 4410 18726 58 3548 5729 1752 114 27597 524 28425 18544 4086 1067 1382 12555
7646 8502 4510 1196 3018 9943 6824 13363 3099 1632 5064 23352 1710 8448 16825 12763 17735 7147 19748 325
190 7052 128 254 7100 22166 50 6289 1380 2180 5705 177 210 3069 4522 2386 2026 2378 11573 10189
