20
0 326 282 363 43 25 23 130 460 73 297 485 918 43 649 148 331 81 297 301
639 545 4 92 605 372 86 434 30 47 284 157 345 378 890 866 755 144 110 31
308 631 72 161 139 10 122 1 67 275 68 532 933 86 162 546 180 574 96 413
793 167 736 1 709 78 14 90 899 47 640 738 989 231 834 667 115 8 863 864
179 520 559 678 998 152 179 583 913 134 176 250 529 724 58 72 533 234 9 22
240 1 104 148 99 934 695 38 530 319 263 283 539 54 286 317 97 584 500 181
625 430 123 60 305 595 687 637 41 470 877 92 15 84 66 113 667 34 255 2
458 245 786 391 23 306 515 660 607 61 271 57 8 1 17 198 170 230 2 718
15 116 272 126 586 361 16 196 309 622 176 403 650 587 3 305 14 2 830 29
10 2 4 273 237 671 102 196 351 50 80 516 571 60 481 672 243 897 107 741
681 517 5 761 405 860 232 5 915 10 13 56 130 287 55 933 298 177 703 746
27 340 72 293 755 244 180 112 254 350 485 11 23 139 441 337 303 12 5 626
226 202 41 52 278 256 334 580 5 16 254 43 10 89 241 36 251 10 77 732
947 161 42 196 28 15 103 13 27 539 56 210 142 114 460 14 581 564 146 189
34 403 145 358 133 468 179 14 299 964 245 225 243 183 126 49 789 636 70 33
466 166 197 16 278 40 212 16 889 279 151 816 68 149 376 976 760 323 46 36
416 151 523 1 306 173 97 100 401 276 480 116 121 170 650 282 262 44 209 645
258 484 318 546 369 540 85 322 58 407 154 441 11 63 20 731 247 589 711 643
605 254 49 43 329 289 321 264 7 141 257 446 47 18 149 253 439 773 4 460
543 272 951 857 551 107 5 20 91 57 147 32 313 12 280 392 64 426 47 909
0 9292 3808 9355 1097 300 317 3627 10237 2094 8345 10766 20239 1109 12177 1814 8223 1930 3042 6459
9027 9539 65 1489 15971 7816 2105 8224 376 562 3502 3374 6630 9919 18024 16829 22225 3269 3126 338
8623 14617 2153 3203 2595 276 2899 13 1038 7576 1003 11453 21904 1358 1624 14637 3643 15314 999 7366
13394 2314 8327 14 14121 1457 231 1199 21664 918 15028 20354 27834 2538 24675 18279 3076 92 21501 10126
3093 11014 7024 8196 10501 3044 3794 12961 22930 1930 2555 3641 5304 14347 1598 1418 6158 5701 148 306
2977 25 1836 3763 1614 17367 7457 1064 7763 5177 7365 7460 6847 1034 5842 5732 1308 14021 10967 3030
18074 12487 2411 1691 3340 6472 14812 11785 1056 12945 15448 1941 430 964 1190 1989 7433 882 5053 21
10462 3906 18207 10798 673 3445 6786 15116 13446 919 3806 1354 133 24 309 3681 4775 6305 24 16259
288 2052 7221 2032 8370 7857 456 4989 3134 15331 3880 4344 13185 8905 72 7755 401 48 13948 738
127 53 67 4679 6442 15106 1669 3203 9669 818 1325 12647 7852 1337 8078 18470 4860 19492 1375 11984
7593 12396 128 12535 9186 19806 4012 57 25890 107 279 639 1749 5304 1379 27732 5904 2890 18228 16700
602 5209 1759 8622 16652 3651 4876 1961 6761 9126 8479 277 274 1474 5791 3981 3330 180 128 15408
2750 5667 744 1177 7683 4650 9875 10349 133 177 5448 744 275 1427 6684 1008 5692 269 864 11159
22820 4133 771 2361 398 394 2581 283 591 12788 1588 5566 3311 2418 8024 326 7843 11279 3079 5148
640 4626 4280 4894 3809 7784 4095 147 8530 23142 5786 3559 3315 4072 1281 1275 21215 16934 1799 600
6890 2019 3054 224 8097 466 5006 472 17396 7711 4013 10020 1140 3498 6848 23801 15374 6306 745 500
7974 3390 9920 11 4525 4034 2069 2014 5370 4713 13580 1763 2182 3845 12545 6488 7118 699 5133 12788
6328 13393 7782 16058 8610 12900 2239 8845 1042 4908 2363 10066 194 1778 490 19986 6326 14300 19255 11577
16100 4039 811 1128 5180 6993 8218 3920 98 3859 5200 11583 720 188 3865 7568 9112 12797 56 11593
11296 7073 13768 18514 9779 3061 70 416 1636 1622 1477 693 7449 172 4365 9626 774 11984 1302 14955
