20
0 7 742 637 814 39 263 932 975 607 955 349 1 515 59 71 194 96 581 302
2 6 303 115 191 871 230 158 267 937 768 393 221 631 308 210 41 811 206 375
30 364 137 61 315 693 18 325 28 987 144 36 827 156 112 38 57 76 492 458
380 121 31 5 1 566 876 60 388 225 663 91 29 421 953 66 106 383 90 26
603 73 695 266 35 739 76 50 885 25 79 60 7 695 833 558 43 6 670 154
875 453 74 39 312 126 20 199 987 283 980 653 207 21 273 225 990 146 602 180
877 61 698 11 192 528 2 621 116 146 30 712 786 401 102 584 831 8 543 398
363 221 210 393 65 52 350 84 493 155 113 496 460 361 78 620 112 406 19 233
150 676 41 5 1 496 122 38 522 652 482 221 451 136 803 180 759 532 190 13
293 877 104 111 287 637 140 307 939 279 165 828 42 845 7 479 12 362 359 433
288 351 66 152 203 274 55 25 437 753 135 862 126 111 24 615 687 203 553 414
432 803 16 376 888 272 33 494 293 952 869 211 196 3 463 187 84 625 979 428
8 187 139 2 4 203 138 867 569 16 142 400 919 37 464 398 214 15 880 51
717 325 389 778 32 3 871 281 584 171 550 602 337 19 10 70 239 40 73 755
340 80 112 761 53 561 373 10 834 32 884 79 583 137 837 961 153 125 18 3
56 420 360 224 3 630 796 117 279 77 36 218 160 373 691 880 823 9 421 282
546 1 8 29 209 28 296 822 47 36 853 804 67 302 497 232 945 255 25 305
15 944 168 121 178 638 900 984 50 15 680 151 84 2 544 627 135 98 191 379
49 102 2 415 658 514 603 183 57 65 657 15 348 20 235 30 579 207 152 94
804 285 24 368 243 129 633 514 317 303 337 14 874 37 552 11 963 54 544 4
0 103 13085 13513 14534 715 4696 13686 17811 10250 27962 9730 17 11843 944 1642 5540 1321 12215 6431
42 118 7917 2049 4620 13995 5473 4349 4682 15107 10605 9159 6061 10406 8596 4725 957 24289 2159 8573
782 5024 2773 1294 5267 14938 452 5320 552 27542 3147 456 20301 4330 3257 798 1510 1994 13072 13187
7230 3416 611 82 26 14865 26228 1155 5616 5899 7771 1752 607 11514 23879 1618 2130 7349 1952 704
6613 1695 11388 4436 696 17528 1271 1403 15566 294 2271 1712 141 9670 13738 7540 918 157 17630 1699
23616 8826 1609 929 8386 1962 315 4307 10934 3923 24207 13469 6173 285 6673 6352 17988 2273 16663 3576
23615 973 15125 264 1923 12509 47 13030 2448 3658 867 20362 9133 9465 1718 7984 20270 230 7143 11910
10856 4656 3847 5708 1267 588 3991 1345 13457 2868 1762 6436 8697 3711 1650 6454 3027 10444 308 4200
1977 8336 765 85 11 13489 3178 405 12751 10837 10650 4301 11719 3723 13385 3325 8718 12322 4612 337
4904 24147 1272 2338 3412 9903 2483 5811 26112 7210 2794 12273 842 12211 186 5406 231 6345 6330 8576
7560 7852 1803 2629 5846 7654 1274 697 4441 10570 3095 25268 1607 1541 251 6406 6903 4691 8730 12390
4592 22395 333 4854 18101 5140 841 7647 7759 26945 14714 5703 5422 37 6203 4833 2187 10310 22058 5800
110 4329 2880 39 60 3927 3150 13218 10156 250 2456 6679 19856 452 9498 8331 3268 191 25364 1116
11070 5013 10353 11906 958 36 16416 6858 8425 2674 5947 12732 6354 448 170 730 5661 909 1129 17331
6257 1649 1828 18234 993 7312 10091 286 17815 864 9767 2208 8602 1669 23271 20994 3364 1965 302 49
1585 11425 8566 5115 64 18373 14240 1849 5359 2171 633 6454 3569 5223 9573 24516 8338 185 8564 3009
8225 20 174 776 5238 378 4215 10284 1125 717 22065 15106 1728 3820 6559 4773 16633 3582 715 6067
180 18894 2294 2995 2911 11345 22109 17336 794 416 10737 2621 1016 29 12179 16191 3999 2716 3516 3946
619 2118 49 4244 14753 12010 13496 3590 809 1555 19414 264 9294 469 4451 490 15014 3358 2924 2278
15031 3193 603 7826 5309 1761 14902 10994 7264 8627 6941 269 24205 497 7615 135 24564 1230 8027 82
