20
0 676 975 867 369 536 123 52 25 142 100 940 20 576 161 936 5 1 776 416
222 344 870 342 458 13 293 10 208 141 109 955 120 412 302 693 407 33 757 7
304 397 323 296 485 525 101 74 386 150 17 457 487 220 787 808 716 901 783 474
65 14 107 41 374 558 239 14 123 103 657 30 786 1000 4 207 530 566 158 428
511 5 906 974 737 776 505 971 5 1 431 336 66 545 805 944 200 896 1 3
157 521 472 964 3 709 345 17 605 765 3 43 117 204 394 107 36 766 81 302
276 21 59 312 127 408 623 2 398 393 315 887 966 50 791 912 560 72 600 55
916 929 80 309 408 252 293 87 38 842 79 870 418 393 608 281 222 45 594 113
35 843 101 2 761 975 406 320 8 123 135 285 423 321 151 642 78 531 306 218
386 382 132 437 582 74 730 928 21 856 43 92 232 101 3 834 126 362 39 843
10 974 41 287 402 176 181 550 423 12 216 15 977 435 38 413 16 84 451 535
687 62 3 39 594 123 539 522 208 334 543 85 840 182 46 561 336 92 236 576
147 307 2 389 62 153 375 84 206 947 22 23 734 339 433 261 262 100 947 70
110 563 72 2 27 464 103 519 188 200 147 12 786 16 199 182 193 204 420 501
145 6 152 359 990 15 278 971 114 579 399 66 907 308 22 213 64 158 148 609
313 787 658 258 403 259 157 14 360 17 406 616 793 988 533 176 332 614 98 436
113 2 3 975 171 311 253 465 738 7 102 783 281 842 104 974 667 334 14 6
393 839 3 62 290 88 208 3 456 432 810 1 659 152 412 441 931 151 2 860
2 86 100 2 24 24 154 317 28 194 621 29 409 687 582 4 567 134 291 530
375 412 712 212 333 275 504 98 68 895 181 498 19 161 4 222 902 4 22 114
0 11409 12199 13411 6958 7062 1976 855 663 3744 2386 19868 485 10555 4772 14553 140 12 12893 7721
5656 4647 17712 6287 7939 367 7724 112 5134 3611 2825 23648 2368 6734 4792 7804 7783 627 17661 90
4286 4638 7765 4789 14282 11808 2904 1137 5410 2278 268 9204 12108 4340 10192 23891 18935 15215 22518 10276
917 387 2852 856 10971 14996 3842 405 1693 2831 19445 444 15115 23265 79 3466 12828 13141 1910 7508
14082 79 11221 11873 11673 9056 14629 23186 148 27 12248 5990 1279 8319 18192 19022 3987 26446 18 43
4555 11710 12286 18128 33 8341 4198 250 13581 12362 39 604 2322 2744 8837 2088 1079 12183 2166 5808
4726 398 924 5813 2110 10832 8473 23 5433 7476 8777 11709 17569 1466 14293 13077 11383 1435 16520 919
9394 15305 1331 6271 4664 4293 7687 1366 769 22417 1496 24566 10044 5558 8327 4771 3014 665 6469 3007
973 9618 2763 55 13063 24420 9130 7759 179 1594 3898 7181 10299 9551 2760 16281 2148 10658 7308 2940
9050 5653 1978 9437 15939 1090 10702 25990 221 18437 1206 1085 5474 2795 60 20227 2589 10384 934 23136
125 23585 631 4682 6404 3704 5404 16244 5180 271 3347 179 15505 12572 906 9049 420 1030 9489 10270
12642 672 59 545 7697 3003 13836 10917 5163 8096 7506 1160 11896 3595 1331 13005 9078 1295 6386 10940
3647 5817 25 4060 1426 4409 8107 1493 2750 22310 221 447 8341 5289 10896 4464 5725 2075 17741 1036
2302 8432 798 37 580 7927 1398 15548 5011 3731 1898 252 13541 210 4444 2715 3366 3498 8979 9888
2097 89 2725 7261 15818 186 3318 13041 2758 15498 9171 783 9482 3613 249 3477 703 2735 3307 16092
8436 22103 17639 4985 10615 5024 4669 212 4520 456 5516 13928 12033 14819 13149 3244 7464 14715 1296 12943
1950 21 75 11941 2358 3705 4433 13824 18324 117 2256 11165 8331 10500 2390 16073 10209 6670 308 123
9845 20054 44 1303 7099 1271 3479 82 6473 10813 16316 23 17510 4141 12085 8721 9685 2341 53 24342
54 2558 2690 41 407 489 4203 7165 749 4013 15953 826 6847 9872 8519 91 11334 1428 6811 7148
10013 7803 10092 2456 9870 2941 6302 2381 1416 26668 2170 14520 256 3279 83 5038 22141 105 472 2623
