20
0 12 42 99 13 13 519 17 105 578 122 863 739 483 463 492 429 121 23 320
672 157 466 524 333 174 49 241 846 560 34 11 2 507 746 14 100 311 200 1000
243 231 317 383 356 183 430 975 692 130 334 768 986 364 936 32 318 988 715 246
828 63 988 2 871 10 581 230 138 116 185 396 700 19 5 629 490 1 685 14
858 538 921 797 470 719 11 215 530 172 227 344 750 951 822 12 39 26 94 360
94 890 132 484 435 564 213 308 906 3 645 551 119 14 123 443 152 392 948 650
64 210 438 157 27 536 366 591 32 520 183 770 387 212 300 129 7 431 739 218
13 6 35 316 556 282 40 3 733 257 854 21 183 475 26 260 865 808 978 416
573 996 135 554 298 313 402 669 364 1 283 20 178 47 559 57 13 527 436 101
249 951 190 2 89 341 104 297 49 733 383 18 371 942 989 556 19 202 2 490
9 824 955 44 228 161 914 659 333 951 429 704 14 235 868 192 171 24 29 784
512 147 501 215 925 487 415 837 606 603 172 897 795 566 10 259 872 135 14 351
507 392 828 524 614 63 696 393 514 94 815 14 313 412 108 347 601 488 161 591
52 650 25 438 27 506 24 32 498 95 271 556 104 44 65 388 955 5 641 26
60 807 214 506 783 506 2 103 826 259 189 25 485 2 285 19 130 429 20 397
6 270 92 181 12 612 400 709 190 29 369 8 32 572 902 18 31 523 26 501
585 234 135 48 850 135 169 905 245 105 19 222 6 768 624 938 813 14 159 631
255 336 51 917 11 389 116 82 294 340 49 481 704 29 978 479 168 528 15 241
484 949 78 3 105 306 958 7 20 140 72 10 923 50 20 936 47 191 142 19
205 573 946 316 216 56 701 311 386 331 94 28 50 9 170 396 51 63 125 25
0 165 1226 2921 337 280 10076 178 2826 16559 2489 17684 12663 7957 10093 12109 9255 3138 285 3298
16626 2200 4836 7320 7416 5204 848 6439 15258 8121 602 242 54 6846 18097 252 2404 7269 2805 21694
7162 6919 5910 5932 9963 3598 9484 12173 15316 3029 3822 9920 17560 7465 20748 675 5814 17285 19673 3851
13105 1464 19692 24 19570 185 8362 2789 3147 2352 4865 8240 7388 211 94 18642 12286 23 14599 349
17217 11099 19248 17748 12150 20474 178 3484 8422 2139 6521 5099 12373 23210 18069 354 934 694 2194 9863
2506 21749 1720 5329 7590 16196 3632 6019 24464 40 16524 8848 2952 238 3425 4487 3803 10193 17606 12791
1701 3359 7300 4007 460 13200 5227 17078 760 6624 2460 21623 4157 5689 4064 1714 91 10934 15800 6090
341 92 622 8971 11180 4579 765 70 14235 7420 10175 543 4415 13425 533 3566 13551 18908 26122 7069
11055 29577 4045 16006 6501 7124 5175 14290 9114 20 5110 369 4519 950 12757 837 356 9980 8838 2505
5393 14727 2725 59 2394 9513 2913 4723 657 13351 9198 335 8983 20725 25823 6841 387 2892 38 8420
230 17607 19578 889 2291 2391 23408 13230 5456 24186 5505 13953 285 3932 19588 5090 3133 476 700 19759
10626 1938 9953 4581 18446 12716 5767 12847 12507 13327 4014 10365 16299 13960 276 3958 16555 2959 364 4302
8260 6722 9242 12192 7031 1279 14706 5539 8663 1366 16004 399 8772 9251 2770 8425 13382 6317 2407 12286
1031 8103 718 6193 287 10583 622 602 5337 2849 7574 15479 1736 509 1279 8627 11743 81 6674 406
773 24018 4979 9916 17917 7696 31 2817 9390 5421 4726 695 6518 31 6203 412 2028 4633 355 6365
75 5755 1198 4430 134 11530 4513 15612 4594 555 7102 161 398 14917 18084 190 903 11115 518 11027
6780 4725 1918 1325 24541 1717 4360 9796 6471 2931 260 4903 108 22480 15464 12572 18984 375 3813 17154
3804 3363 1507 25591 233 7040 1552 1884 8426 6000 626 11961 13918 479 23183 5106 3713 12903 151 3016
8857 16699 1255 89 2666 8677 16531 116 219 2435 2056 269 22625 926 341 26940 959 4337 1568 213
5298 15332 17186 8048 3207 861 16738 9055 9782 8400 1952 497 657 92 2234 8580 1451 1838 1341 348
