20
0 3 382 822 72 353 47 361 231 40 795 721 227 431 572 14 124 919 2 303
298 7 582 2 477 119 293 747 890 272 31 587 191 244 339 341 630 463 116 27
802 316 62 293 2 171 891 256 157 674 75 222 67 334 61 92 936 103 249 30
858 43 109 941 149 268 219 150 39 711 299 327 362 752 132 939 177 266 392 37
84 290 122 503 56 231 73 149 654 92 1 187 658 472 780 479 666 878 181 103
507 593 348 620 66 109 28 933 606 23 222 73 171 461 213 304 621 5 827 546
211 555 246 2 179 24 192 115 368 26 252 35 24 470 356 304 307 34 461 62
19 79 300 146 66 487 235 961 367 279 140 6 7 208 133 895 759 505 12 297
220 322 510 206 209 88 143 294 246 785 364 603 619 27 45 17 98 268 858 35
110 8 193 68 11 846 7 484 238 208 599 41 374 513 410 523 830 394 54 638
181 789 358 73 28 142 30 309 679 592 124 225 29 404 624 66 225 450 156 3
459 861 135 60 270 777 846 294 530 806 788 225 2 3 81 917 191 115 732 87
100 937 754 473 175 11 403 998 150 387 65 369 10 324 676 322 59 522 506 83
431 330 258 487 681 261 606 109 372 367 843 164 162 826 372 224 21 542 337 542
9 168 654 6 43 135 230 196 372 3 153 20 229 5 116 328 547 846 397 61
872 581 843 114 99 190 683 349 2 405 617 945 49 46 145 734 783 323 303 367
188 197 691 489 7 472 95 22 520 119 13 14 440 3 390 671 650 211 725 599
314 325 74 393 542 59 941 914 126 894 266 3 526 105 718 53 79 162 560 438
600 160 290 548 503 28 707 942 4 1 374 70 793 624 141 161 517 117 94 189
123 166 727 882 132 603 92 87 274 46 530 752 624 288 101 553 150 24 285 145
0 51 4705 8550 1193 5820 498 10729 3224 1005 15697 20912 4999 11323 10526 334 2368 22717 32 6119
4851 195 7065 44 8188 2441 3691 12662 10389 7049 606 9355 2250 6454 9122 7360 14169 13659 2466 429
19404 5512 1410 3535 57 2602 26566 4188 3519 10448 1209 5800 764 6449 1121 1347 24843 2440 3471 871
18345 821 2570 25800 4321 3563 3003 2699 802 18080 5639 6685 10582 11323 3357 25099 5261 5731 3992 427
1233 3462 1392 11136 585 6249 1950 2219 15870 1745 14 4511 18195 11353 13044 7511 19127 18249 2649 1125
5292 12124 7430 12630 907 1359 581 23325 15146 534 2377 1946 3587 10900 3977 7371 18492 55 8837 10921
2443 11672 3311 58 4152 536 5365 2968 9802 583 3500 937 459 11490 10489 7889 5664 808 8808 1604
452 1880 7611 1853 836 10995 3129 24191 7213 3025 3864 180 114 6142 3608 26726 13752 8765 196 6515
2895 4925 12882 5703 5772 1248 2359 5291 2937 17028 5052 14392 6296 702 1246 224 2831 5616 10078 1032
1326 223 3582 1680 131 13790 206 7732 3205 6011 13401 794 9183 10299 4303 7955 9777 6611 668 16295
4109 10099 10248 803 789 1771 485 5581 14028 14599 1915 4087 501 11012 16512 1495 4056 13237 1607 44
7130 24272 1438 751 7224 10057 14526 4494 10381 13914 11247 4867 60 71 2062 15745 2364 1311 8865 1375
1492 16580 20775 7444 3640 289 4292 29235 1590 10041 1072 9080 257 8740 11360 8571 1196 6601 7358 2115
8559 4999 4757 11003 13210 5804 6726 2815 5748 7635 22841 3354 2079 10309 10035 4407 426 8748 8001 5739
255 4016 15261 62 558 2833 5028 2858 4477 50 3431 515 6183 147 1579 9010 6817 10920 6287 1301
17974 15657 8918 3293 2212 5359 11901 4932 49 7548 15823 22160 858 739 3290 11752 13129 8816 3540 6423
3963 2495 20174 6494 168 7907 950 254 11081 1890 323 404 5382 74 6492 19835 8880 5809 21229 17331
8795 8394 1171 11649 16098 1586 11584 23957 2025 15649 6491 44 6538 2721 20792 692 1322 2991 6504 12870
15448 3361 6367 9117 9058 384 19809 28106 99 24 5542 1859 22652 11008 1931 4619 10037 3167 1225 4273
1341 3756 19428 24726 1997 10982 1478 2046 6055 472 7041 14936 14713 8045 2615 16112 2860 453 6408 2802
