20
0 594 38 389 249 475 41 81 895 850 126 395 381 259 130 1 155 141 116 24
4 319 603 87 11 178 98 223 778 40 5 1 45 9 566 875 489 31 41 327
451 628 2 419 336 729 126 735 733 269 390 361 954 10 242 20 208 372 294 581
805 256 133 529 65 353 68 460 876 297 67 265 979 822 147 827 11 874 95 16
325 122 117 576 714 273 19 352 950 681 235 312 47 692 2 309 542 8 10 3
615 594 761 958 467 248 775 278 12 449 324 96 879 956 32 456 160 6 640 3
8 56 704 821 100 284 97 4 6 2 74 8 610 196 694 413 780 8 170 3
451 636 333 286 743 397 109 354 564 665 912 125 4 570 126 916 594 403 4 29
226 295 1 193 700 87 871 22 62 19 540 6 67 327 610 111 430 354 244 32
304 596 121 65 12 493 5 338 640 550 769 833 211 420 151 327 335 542 716 111
123 475 340 251 680 36 121 176 53 133 542 553 671 3 282 253 908 841 169 356
53 151 756 26 265 505 225 650 88 170 545 345 179 266 814 490 70 204 196 425
189 167 64 689 17 524 628 411 597 247 5 155 96 183 869 322 365 9 43 75
204 217 709 74 253 341 49 332 877 69 715 52 81 294 69 533 654 196 77 107
61 775 275 22 11 131 28 235 347 543 178 21 71 481 13 704 408 926 66 561
967 926 42 485 36 480 334 284 893 547 219 1 945 9 476 404 694 668 92 714
7 488 104 15 383 81 3 485 216 781 3 104 379 809 437 32 31 89 461 742
4 833 614 90 686 2 403 449 628 309 502 83 589 182 942 70 204 176 11 310
391 194 3 240 448 108 80 71 315 439 956 565 432 530 718 128 82 296 116 210
676 106 49 599 38 249 88 573 76 298 375 202 67 41 396 351 8 571 5 743
0 12340 713 6897 3701 11137 783 1563 21335 10074 1639 7660 10460 4917 3149 18 2818 3130 1776 247
41 9161 10615 2384 194 4501 2583 2277 12523 836 106 18 636 135 12230 12594 13123 508 792 7525
12848 17417 57 9797 5192 13811 1998 19444 10848 6442 9652 7420 26067 202 6408 591 4157 4530 7713 14041
23100 6962 1909 6849 1441 6597 2033 5412 16650 6707 1894 5480 10574 9612 2405 16195 181 20958 1795 284
8402 3393 3348 11298 17584 4630 282 5340 16828 16423 2711 4550 541 20434 45 3624 12806 102 111 78
8635 17144 11475 14203 6106 5792 20695 7571 347 11062 8133 2754 14029 10055 836 10753 4200 158 8576 47
200 1020 14388 22089 1631 3185 1605 48 179 58 1878 108 7737 5517 10432 6187 13357 83 4589 42
8235 16775 3454 2914 21671 11238 1183 8301 12242 12225 20800 2264 69 14677 1320 25872 14769 9763 53 302
4970 4967 30 2355 14122 2331 23059 454 1712 273 13702 63 1645 7509 7724 2040 7794 5379 3794 321
3967 15542 1679 1054 226 11847 122 4651 12565 9019 15267 23562 4726 9286 4479 8238 8219 10856 16633 3127
2281 6538 6326 3693 8600 978 2801 3874 1402 3257 9184 7975 8071 54 7700 4211 19877 8645 4477 7074
564 2192 9631 348 4190 6929 3407 9324 1483 1880 11349 4032 2465 3573 19153 11645 858 5153 2731 9067
4951 3751 1653 10669 358 6844 12504 11738 17111 2508 85 3762 2655 3403 22661 4256 6801 93 1284 1766
4673 4499 20443 1327 3443 8363 917 9958 12904 1240 8899 583 2319 6403 1375 15881 18081 2527 2160 2207
1004 15006 6784 372 162 1886 654 6302 9423 10588 4926 381 1899 6373 212 20317 6722 11543 1549 14525
10553 18347 1145 12998 649 5831 6497 3979 15554 10294 4677 11 14199 197 13376 5094 8952 16809 2155 12175
194 13775 1783 340 8212 1894 63 9750 4082 19496 54 1575 6499 9645 11086 453 631 1555 12203 9724
74 12023 14755 1266 10097 24 10564 12478 8222 8041 11955 1470 11063 2781 18526 1977 2513 4273 125 5025
5960 2584 61 3596 6756 1929 1992 909 8570 8361 15268 14700 12489 8770 11135 3482 919 4234 2412 4145
14826 2810 647 11678 1044 2762 2025 13270 1779 3384 9154 2537 1241 668 5645 4153 114 15499 139 8651
