20
0 44 508 2 576 65 759 32 17 554 784 352 646 815 337 410 209 638 424 893
1 932 737 722 107 89 289 36 59 309 34 404 18 105 92 251 8 6 496 173
4 329 57 12 392 96 669 23 64 433 366 604 618 530 711 637 72 944 331 400
836 537 117 704 247 421 59 127 89 4 753 990 395 783 869 155 104 34 205 3
268 1 419 143 786 10 18 506 238 246 575 89 33 53 719 46 61 486 714 212
63 247 36 514 13 969 156 162 702 788 987 529 402 400 757 266 638 24 86 35
3 57 582 885 466 238 193 393 794 140 96 68 461 923 388 99 148 190 342 624
980 26 498 7 375 312 887 46 108 225 541 76 71 34 46 17 58 4 114 141
6 723 705 759 51 385 235 817 5 269 689 87 785 103 240 294 796 82 41 226
502 210 510 30 306 24 269 311 22 369 415 135 867 269 48 805 463 245 15 27
865 42 460 261 565 85 541 1 359 534 184 252 709 385 809 39 116 26 201 558
374 703 577 718 196 607 22 28 57 946 656 625 545 688 34 1 119 289 64 271
454 64 42 648 713 228 443 364 12 9 114 420 16 452 202 151 129 838 4 80
924 916 18 288 254 231 120 749 179 453 903 287 161 21 828 6 270 222 5 750
23 582 176 176 893 681 262 64 47 49 769 256 12 37 630 75 354 114 185 35
219 475 373 41 4 111 609 223 28 21 27 701 8 18 111 276 13 958 216 3
48 37 739 754 252 633 18 917 147 443 461 263 130 778 341 221 724 605 548 9
66 44 375 320 1 812 30 823 62 30 935 191 753 264 694 393 70 77 145 285
3 238 368 165 601 220 560 297 278 500 761 790 18 799 64 283 440 585 606 599
47 597 233 335 817 74 192 181 133 8 23 724 105 168 642 16 729 78 792 269
0 514 8566 40 10605 1674 21624 570 420 5935 14894 8350 14547 19590 9899 6316 5441 10821 10568 19512
24 23861 13955 17818 1428 1367 4998 553 1277 3421 795 5626 252 2484 2077 2808 179 119 7768 2790
54 3527 757 179 10174 1352 19313 541 1633 11900 4742 12760 8484 10048 9195 17690 1131 20114 7679 5581
24541 13636 2510 9476 4156 11643 982 3677 1623 88 12270 14775 8813 20323 12759 4466 2819 871 3045 46
6594 26 7167 3658 21447 168 247 6834 5935 6951 7596 2604 599 554 16305 671 774 13209 16450 3416
1464 4961 852 7936 274 17990 1581 1697 7974 14176 26977 9913 6189 11781 8043 7754 18870 282 1319 376
87 1051 16334 18144 10778 3635 3283 10383 22660 1919 1880 1999 11495 15598 7731 1889 2791 2250 3424 17156
12746 716 13279 182 5142 8793 24595 917 2985 5791 15819 841 850 421 817 218 962 81 1319 2780
83 7789 15836 18439 881 7117 5614 9938 143 7393 14555 2095 8143 1327 5392 5057 18934 899 857 3346
7248 4091 6078 715 5896 686 4085 6327 448 9948 8468 2479 15215 4262 1152 9212 9014 4821 196 745
25045 1141 8868 3365 8843 2268 8057 24 7000 14954 4588 4550 14164 6952 19135 531 2464 661 3283 9756
10243 8367 5776 18837 5018 16042 478 527 1071 20188 10549 18638 14690 13321 577 14 3479 6138 1339 6642
5945 955 1157 18499 12158 6151 7056 9299 311 199 2075 9496 338 7954 5078 3389 3710 19406 109 1664
9253 24339 409 8610 4675 6642 3395 15233 5249 11617 18361 6331 4189 528 20372 86 6396 5905 138 17019
494 17076 3907 3977 25594 7837 4960 964 513 772 12948 5903 144 935 9998 956 5526 2326 1891 578
3778 9230 5650 569 43 3109 14811 5333 561 573 618 10581 119 193 2091 4472 170 12940 3252 49
1416 573 19944 14861 3066 14397 207 16708 2348 11691 8500 5430 1878 9421 4394 6504 12510 12657 5590 161
1316 670 9584 4164 14 21040 509 21890 1510 768 20949 3696 18585 5611 11149 5927 1827 1938 2236 3172
56 2489 8393 3744 8682 3246 15544 6706 6715 8851 20743 11664 186 8778 676 5170 10028 6074 9553 9563
784 17845 5982 5764 15797 1034 2836 3681 3235 161 618 8008 1569 3816 12697 195 10577 1877 13930 5809
