20
0 55 391 186 636 763 783 304 11 96 24 300 126 12 797 29 4 903 100 11
42 121 846 481 790 122 950 12 173 164 465 669 624 263 659 353 1 161 379 399
538 153 347 903 533 21 246 957 443 273 607 56 70 141 186 55 399 260 266 8
871 423 57 340 20 27 7 151 11 27 395 59 356 460 973 223 195 111 216 362
993 192 327 35 79 98 844 754 461 977 21 11 626 9 37 214 53 367 57 415
5 353 199 595 760 737 955 224 146 293 511 362 829 382 323 537 132 877 817 798
556 604 3 980 967 850 606 166 54 200 17 308 9 38 477 51 877 284 13 69
187 455 832 151 73 149 425 138 525 45 59 711 973 74 183 658 463 178 730 38
7 965 353 825 151 349 284 940 921 206 122 291 599 95 4 16 24 813 597 15
8 199 3 132 557 120 652 958 468 947 9 366 333 2 112 616 2 665 38 145
421 474 4 340 516 213 818 37 969 84 634 581 934 7 25 154 40 571 184 748
560 283 13 107 172 826 190 33 914 432 874 442 525 401 876 226 691 884 32 86
116 686 350 523 636 38 261 181 993 872 592 1 592 833 191 261 542 519 333 5
253 554 621 386 5 129 429 12 535 122 522 226 800 343 19 4 194 875 103 321
9 551 539 100 156 359 106 20 936 314 9 390 58 707 512 379 22 126 16 357
580 376 255 116 276 545 790 22 41 468 528 237 57 79 35 32 230 512 736 674
47 582 890 23 414 39 185 28 485 300 155 790 8 17 97 45 796 426 36 986
63 146 194 93 656 888 751 46 666 538 331 852 191 36 153 495 241 781 625 326
13 176 394 222 137 275 182 298 814 78 198 12 131 489 601 151 81 507 8 389
728 269 709 86 624 21 106 260 180 420 295 166 102 273 40 741 159 59 25 4
0 1075 6448 3472 13371 21870 8441 8785 285 2354 420 5322 3513 308 23006 702 99 22309 1762 180
821 2389 11029 9870 15418 1494 20173 310 3572 3008 4967 19989 18520 3752 7459 5233 19 2827 5783 4287
6127 4315 6264 11385 5675 350 4310 12242 8673 6241 12451 1327 750 2745 4464 1251 4974 6782 2843 144
20182 12206 697 3709 257 475 150 2942 216 343 7836 1054 4055 6292 9861 5852 4393 1702 3520 6540
12544 5700 5427 674 1460 2885 9994 21525 11507 25391 402 196 18631 228 1070 3006 1047 6407 992 4944
81 6069 3997 9785 8580 18684 27963 4904 4301 4930 10011 9960 22759 9229 8897 6558 2091 18735 22641 20939
8934 17184 50 22413 20371 19815 12122 3947 1339 4531 488 8416 233 383 6677 561 21440 4520 259 1203
1962 6643 8599 3933 1110 3132 7490 3720 5659 1157 1139 17066 21529 2019 5469 9307 12547 5253 13391 760
135 20892 5147 12340 4113 8712 4785 19575 15739 4547 2003 6733 10705 1228 45 240 325 16436 11864 389
209 4133 69 3325 14906 2082 15722 21604 13053 10639 161 6301 3745 36 2790 10273 37 16004 399 2137
8005 13163 108 3441 14253 2160 22834 386 11792 2250 14846 14277 17405 187 326 2008 894 16186 2180 9509
12501 3698 359 3089 2119 15337 4016 442 19833 5081 24792 9290 12164 7503 13205 4917 15428 13390 559 1341
2644 7678 4926 15158 13393 449 5953 2753 14494 10881 12121 16 12768 10567 4603 6715 12652 7342 9567 54
6273 9148 7978 11054 98 2542 10692 358 6419 1841 11478 4051 13027 6265 387 73 4607 15934 1400 6222
162 12943 14264 2891 2468 5232 1211 572 25166 4528 251 5542 1715 21120 11882 6706 529 2423 328 7463
8936 6255 5988 1639 7778 9734 10440 304 471 5187 6872 4799 836 1747 812 481 4653 14936 18473 11924
1232 8284 13507 486 11933 739 5100 330 5553 3073 4465 23670 224 434 2852 525 17102 12344 498 25956
656 3279 2025 2347 14397 18791 21124 720 12672 15473 8418 19151 2801 451 3296 13603 6296 19278 10433 5643
320 3150 4344 2346 3661 7896 2966 7602 13706 840 4162 238 2239 10984 7771 3926 1690 13075 191 8537
19501 7300 9936 1117 8349 500 2161 6623 2876 6353 4973 4374 1819 3906 739 22109 3674 1313 475 61
