20
0 27 457 720 18 28 338 122 731 336 165 40 343 254 445 216 724 335 567 233
1 568 644 116 8 300 275 117 587 827 261 212 512 948 147 109 245 45 813 227
824 311 133 640 583 418 184 921 11 73 479 17 51 16 46 10 2 244 98 6
529 227 827 472 76 901 336 705 608 114 32 145 572 84 16 904 577 261 879 272
444 581 529 49 43 44 709 537 454 742 545 499 36 44 249 147 35 769 206 27
305 879 407 5 9 119 318 34 245 415 6 121 213 93 18 858 583 212 434 196
15 433 259 358 806 56 906 414 20 48 338 244 346 311 63 366 14 22 877 651
119 168 183 167 56 188 4 742 430 15 401 354 824 824 370 222 119 255 781 123
4 526 22 904 15 437 393 935 249 7 216 153 64 809 8 10 864 17 2 901
668 927 774 438 16 840 132 815 989 124 93 250 351 223 35 617 911 530 473 293
612 292 17 925 999 114 606 247 869 509 497 453 356 38 122 658 947 14 19 788
357 181 440 271 55 15 218 93 734 799 597 317 323 719 482 219 210 136 29 265
968 373 181 61 69 258 73 775 465 603 113 526 493 34 501 37 443 12 71 369
730 104 94 26 61 86 405 4 367 16 3 262 820 460 3 820 265 683 58 304
338 570 294 37 15 84 299 809 46 19 683 499 667 25 669 95 324 383 203 204
538 32 73 197 859 672 2 25 89 98 7 7 717 41 787 73 51 19 588 991
87 493 24 975 3 121 812 594 614 862 546 270 770 49 469 911 736 326 45 48
458 148 2 435 733 202 787 78 555 56 394 460 711 715 18 414 604 900 109 7
783 675 807 636 617 233 547 771 488 705 188 710 38 521 925 211 80 985 612 381
882 70 153 14 84 25 278 747 379 49 392 854 110 931 230 95 43 262 870 206
0 731 11515 14424 363 297 6306 1607 19330 10027 2913 649 7067 2648 8273 2973 20130 10021 6606 6307
14 10750 14196 2345 107 6404 7343 2621 14540 17293 4945 3847 5719 22910 2729 1386 3177 839 17271 4194
19139 7655 3152 11859 15439 12170 3917 11054 222 857 6591 237 1393 332 873 111 47 6426 2426 138
14522 6306 23477 9461 788 14179 7999 15590 6314 2963 739 2536 7662 1351 428 12304 16736 3157 17261 2920
11893 11784 5696 947 465 1298 16543 7721 10509 12795 13194 9361 972 1004 3613 3331 606 21917 3405 401
5548 14992 9265 92 171 2707 6642 644 5019 8954 85 2298 3998 1572 335 12125 7586 3839 6063 2508
378 7170 2830 8627 21826 1095 13325 7386 238 665 9727 4205 3768 6822 1137 7134 175 605 25748 10552
3568 2098 2278 2003 1409 3211 95 11650 10072 354 8773 3994 17980 21345 6998 3157 2294 3594 18387 1332
48 7106 448 20328 387 9766 10658 14951 5152 84 2881 2239 1308 19892 195 170 23909 454 37 9333
11995 27048 17804 6326 261 12609 3343 19687 23014 3588 1788 4796 5466 5180 1034 17336 9305 9321 9176 7931
10698 7206 173 10255 18388 1265 12007 5523 17443 12426 5002 12157 6180 768 3032 16549 25218 160 229 21922
6245 3697 13078 3128 1561 434 3807 2628 15455 16435 13234 6691 6489 15700 10323 2566 3850 2386 638 4158
12966 7883 3373 1458 1858 5791 1344 16841 11111 17579 1388 6037 8678 551 8269 570 8775 214 2107 5653
15340 1799 2729 581 1568 1714 5186 96 5356 322 40 3135 9458 5714 62 11904 6914 17153 958 6642
4356 9661 3857 513 153 2512 4054 17370 760 267 16068 8309 15338 309 11574 2291 3458 3872 4520 5682
6896 676 1924 4599 16073 13530 34 409 2597 2381 158 143 11622 1015 16975 1158 671 429 13912 11991
958 10879 561 11684 62 2811 17411 12287 16321 18386 8223 3545 16615 1402 10559 11580 14482 8784 888 1093
12401 3447 58 11143 21542 3509 14150 1152 7465 745 4088 4783 13680 12857 301 8117 15823 22059 3216 81
19969 15222 21732 15955 9788 3041 6105 9483 12139 10124 2356 12643 936 11360 10555 4773 1283 21409 8235 7626
11817 1431 2994 397 905 401 7352 18366 9987 747 8222 23057 1447 15303 5597 2764 655 5387 18206 3370
