20
0 511 923 608 59 74 954 679 471 502 108 155 424 163 37 4 512 5 12 245
64 151 479 165 682 86 93 332 294 817 264 307 563 30 22 885 59 30 19 4
45 98 773 371 949 293 363 804 496 613 4 453 474 1 164 702 54 172 438 79
72 868 146 17 181 31 125 76 209 749 378 390 98 219 544 29 799 9 766 176
501 649 360 103 840 940 238 162 500 5 454 206 317 352 478 715 534 78 8 19
518 469 627 87 258 601 34 693 9 171 4 30 590 6 8 947 569 39 141 768
779 190 193 579 88 13 358 131 618 128 876 187 5 13 456 7 723 30 332 59
32 25 120 324 265 934 183 567 50 17 377 1000 849 468 834 212 2 601 639 491
490 124 264 339 175 68 543 140 87 113 30 688 264 20 733 119 395 755 17 187
644 169 38 426 618 928 468 634 76 638 623 152 27 177 729 56 289 817 64 64
4 778 11 236 299 591 49 304 788 989 358 610 434 574 517 531 406 9 65 567
2 174 290 595 989 730 311 16 63 372 642 795 56 34 255 290 14 33 721 286
745 117 74 736 622 144 99 600 302 627 252 60 234 856 153 39 8 119 101 89
473 46 106 38 196 497 91 842 896 641 3 220 260 769 72 460 392 499 775 179
6 207 3 663 228 575 400 596 927 824 52 53 667 471 169 831 512 299 562 287
172 390 715 74 729 283 128 375 938 346 168 265 261 773 577 479 319 268 26 789
342 656 845 356 353 369 2 987 266 776 797 2 2 560 6 6 587 188 307 611
112 527 44 633 512 716 76 56 679 323 946 776 866 725 921 307 118 721 46 107
223 218 7 644 833 662 2 556 261 72 381 973 846 356 332 579 3 773 4 128
895 37 251 706 152 19 158 657 287 756 96 15 80 626 71 709 835 7 485 96
0 7459 20582 13423 1598 1296 10857 19345 5222 11899 1994 4612 8579 2460 1087 62 8524 129 251 4819
871 3796 13662 4509 16992 2568 1822 9595 6306 20869 7544 5257 16725 344 317 20542 1186 516 519 118
871 1636 14794 8461 21289 5546 6393 13358 13618 18273 89 8259 10136 18 3161 9526 1510 3685 11827 2084
1439 11262 3672 438 3354 921 3499 1181 3372 20658 9091 5162 2820 4824 10820 830 10387 160 20088 4012
5914 9696 8152 2263 14327 22710 2556 4385 8299 128 11411 4074 8645 8303 11049 19078 7357 1960 169 458
8839 5797 17586 1083 6075 13700 574 14754 135 2145 85 565 6772 130 199 27843 15314 533 3652 9688
20608 4154 3591 13239 1866 353 8181 2813 11216 3783 15943 1965 68 156 10409 147 14812 711 3355 1496
956 441 1413 5563 5340 23980 4366 10711 907 324 6958 18066 19414 10533 24421 2939 35 16768 17977 14163
13779 1347 6493 7578 4933 1859 15832 2424 1396 2300 417 7171 6076 374 18513 2359 9909 12878 382 2955
16000 3099 468 5943 16411 23419 8435 15076 1106 6523 17491 3615 539 2308 8144 666 8169 16133 1572 1421
51 8690 212 5290 8419 9283 1396 6910 8479 25456 10074 6921 7585 9507 11357 11301 9911 202 1080 14307
56 5059 6775 8757 14595 19260 6729 358 1600 5478 19138 16832 1226 1003 5523 6190 396 521 16885 3581
10131 3437 1060 21099 15655 3009 2494 10736 4080 14813 3871 1471 5589 12463 2420 705 92 2315 1657 2005
10118 1003 1295 700 3800 11726 2591 12748 24030 6982 39 3918 3384 19384 2092 6444 8969 13584 11382 2195
73 5551 43 13796 4045 12622 8275 13272 12255 10416 1508 1544 18662 11945 4351 9089 12294 7337 8633 7019
2284 11671 16731 920 20952 6404 1824 5125 9457 6202 2376 3834 4343 12108 9746 7149 5767 4002 737 20985
3852 15694 22580 10376 3625 10033 39 23196 7242 8537 17012 48 44 11561 94 108 6617 2506 4140 16857
3079 5570 626 16474 6889 18815 925 1010 18534 8770 17884 17989 25929 17998 16275 9093 1406 18425 1042 2342
4853 3595 196 9195 17625 9609 56 14316 6402 1065 6639 25487 8476 4850 6109 11531 79 8813 112 3772
16695 1010 5669 10279 2197 448 3152 15623 6904 8752 1217 340 2287 10891 1681 15802 17937 117 9404 1570
