20
0 3 80 77 165 3 662 88 2 111 1 289 771 31 30 494 304 543 188 36
865 689 39 5 95 55 874 662 185 956 117 2 312 842 252 402 455 3 332 563
950 55 673 177 246 18 977 354 3 3 7 38 849 122 828 304 11 468 101 609
965 488 889 254 423 905 172 154 68 826 113 119 654 46 11 349 32 141 445 142
216 84 174 394 10 821 127 2 38 6 18 504 848 77 328 566 85 5 19 965
24 1 469 426 23 6 350 794 91 19 929 49 208 291 844 9 168 290 1 194
340 254 454 794 178 36 836 176 129 72 580 121 559 401 27 220 102 588 36 201
625 6 708 161 72 57 293 915 941 793 6 20 113 518 325 883 443 45 189 175
583 198 419 242 881 618 720 66 1 325 4 49 549 807 80 47 878 406 951 198
107 819 329 487 68 36 172 398 2 78 151 616 947 19 379 478 881 893 527 34
532 73 442 714 170 258 771 53 15 129 2 342 2 697 379 877 340 290 675 19
739 265 552 32 26 319 76 145 139 988 302 49 465 104 90 463 2 139 372 438
802 39 798 137 13 152 40 2 207 234 760 578 91 25 285 915 168 213 985 137
457 535 83 29 483 609 396 431 41 114 549 21 125 1 725 317 745 428 672 451
136 211 548 25 707 854 307 99 682 365 29 33 239 62 258 228 144 995 4 599
375 890 19 953 86 73 69 22 366 653 843 236 233 9 27 598 981 22 139 121
129 672 46 568 350 871 704 914 140 56 668 430 794 720 186 284 534 481 231 276
213 953 263 139 400 996 306 11 11 794 265 317 376 849 631 296 97 366 19 170
723 40 464 383 139 499 451 10 580 83 765 583 157 620 837 855 508 619 455 239
363 801 737 366 12 63 3 484 13 87 4 19 299 345 42 651 337 21 614 406
0 37 2216 2146 3071 40 12433 1458 55 3262 28 6134 10054 504 679 7558 5934 9977 2274 373
13028 15601 504 120 1969 799 17875 12393 2389 14667 3165 41 5332 14257 3348 10300 13308 56 9844 12459
12814 1298 8364 3961 2492 215 14083 4390 72 60 205 892 23876 2617 9222 4431 178 12638 1628 14825
26293 8861 9654 3230 11392 22557 3712 4396 869 13330 1393 1394 9885 1290 153 5891 348 2643 7026 4055
5379 2090 2122 8208 176 14505 3109 21 1114 116 271 11798 14137 1358 6455 11343 1255 92 214 20525
443 18 5398 9823 575 146 6947 13620 2122 544 22602 910 3954 5415 10388 142 3633 5762 12 4175
10080 4461 13028 21100 4740 952 13685 3998 3028 1601 11058 2738 16618 4188 362 3520 2709 12268 817 5945
18004 146 9384 3654 1005 841 7849 14578 10795 15141 138 361 2829 8149 9102 9593 11951 931 2434 2696
12107 5086 11238 5347 14295 12489 8140 1449 27 8449 117 1418 14662 23058 2167 553 11815 8674 15498 2608
2066 17372 6831 11482 1750 629 3828 8890 57 1369 1796 16625 20596 557 4895 10297 24077 10318 13348 871
13300 2105 7266 8279 3551 3650 14987 1174 258 1307 55 9634 27 15620 9343 21318 7828 7665 13462 546
10067 7155 14154 579 714 8589 875 4197 2064 26894 8353 606 6512 2151 2641 8591 47 2132 9219 12808
17079 952 17683 3415 276 2031 782 35 2602 3003 22634 11809 1726 702 5404 18791 4528 6304 9855 3544
8894 13424 1659 306 14059 11506 9661 4666 944 2433 16453 554 3238 15 14836 8908 16127 10114 9368 8414
1940 6225 6971 581 20970 22478 7453 2471 14303 4355 389 388 5054 1490 6342 2914 3449 29837 43 6839
7932 14616 529 17389 1864 1577 1931 403 5707 17925 24024 3550 5874 255 774 8911 13855 639 1802 2064
3835 7032 983 5681 8668 10104 9700 25484 3013 1162 9228 11698 15919 17601 1903 3546 6911 13472 6799 2903
5772 22402 2663 2715 4013 11099 8710 314 223 18180 5138 7398 6569 24915 17340 7208 1799 10857 326 3513
12642 1082 13778 10503 1730 5138 10865 128 8201 2214 12135 6986 2557 9724 9267 22162 6358 6960 7143 4657
6613 10191 10639 4506 288 926 84 10174 187 2203 111 216 6698 9736 1188 8032 5629 236 18070 10167
