20
0 122 239 825 3 638 285 156 69 247 325 856 637 37 298 490 682 666 180 756
266 875 141 135 969 5 500 47 3 14 118 29 617 2 355 889 805 854 81 928
616 753 332 771 439 75 241 925 126 459 9 273 558 552 337 126 23 677 796 591
948 697 34 103 648 455 812 4 370 47 520 184 132 502 4 260 446 42 500 55
24 245 15 529 425 912 70 128 71 448 514 28 620 339 553 768 659 274 2 329
344 584 85 153 45 517 410 17 566 605 18 84 582 432 269 886 61 569 245 59
463 274 29 136 71 384 188 915 1 17 123 317 39 63 286 4 189 367 31 25
866 868 304 116 710 201 41 299 511 63 461 910 72 741 953 219 2 1000 387 538
166 249 124 350 7 229 247 681 22 15 884 685 31 419 394 475 345 51 167 161
551 755 20 24 822 129 51 237 2 372 415 346 435 69 607 735 142 70 246 195
178 380 127 10 316 110 10 981 953 718 62 86 236 90 207 189 78 176 49 453
243 565 322 244 5 982 51 547 4 66 468 567 467 228 164 141 970 859 408 124
76 710 457 847 31 985 921 282 974 6 346 626 191 180 216 126 793 841 761 771
547 872 810 592 107 888 10 56 13 204 344 808 5 487 94 113 165 938 979 61
915 963 50 721 153 903 853 977 97 593 520 318 1 84 222 726 34 412 53 977
626 298 561 71 589 17 42 127 469 109 652 65 5 136 977 676 829 666 985 3
342 28 819 186 988 348 5 399 783 662 375 7 488 25 47 623 250 135 6 599
405 317 2 184 678 605 740 160 10 501 157 86 81 585 141 43 26 4 232 198
73 884 10 55 938 70 26 766 562 583 493 12 442 456 572 211 456 507 7 95
716 159 883 333 328 616 18 104 894 98 879 631 306 21 861 222 554 986 824 955
0 3247 7049 24437 51 16285 6382 3456 1869 4097 5654 16833 8268 999 6905 13852 15160 10071 1942 21931
3772 19025 4133 3515 19044 147 11236 1315 77 316 2469 371 17565 40 10234 22859 17283 14093 1911 11226
13701 15966 9342 8729 8594 1495 4855 15499 3300 5246 241 6645 11022 5594 6915 3476 349 19920 13476 6472
13261 13500 733 2666 10409 4671 20302 88 5654 1098 6252 4612 1797 7797 104 6734 8371 1152 11828 1555
294 4990 359 9589 5126 25161 1949 3452 777 6895 9278 492 16967 6344 10809 22139 13781 4679 43 4751
7571 12065 1396 3290 633 12185 7606 429 14326 7529 278 2097 13705 11186 2867 15868 1420 5767 6817 602
8017 4460 397 3846 1046 7137 3924 10450 17 339 1538 6684 431 1448 7213 111 2298 8795 923 537
22172 10957 4484 2000 10136 3738 1140 3812 10980 1252 12415 19215 1984 13534 22608 5599 36 21008 5810 14405
3581 7397 3703 5407 187 4004 4526 12405 437 193 12024 6893 317 7643 5018 14144 9886 1049 3627 4395
11389 10157 597 633 17571 3319 656 5743 37 6715 9505 5110 8630 1540 8472 13936 2788 943 6765 3851
1977 4560 2085 230 7383 2602 126 11288 19230 12154 786 1097 5802 2336 2995 3601 1344 4743 703 6365
3317 14054 5591 6796 133 18459 1029 7900 62 821 9208 14977 10615 3887 2167 2531 18321 14463 7539 1502
2170 10783 7407 10645 805 23232 17212 3498 15308 100 7246 13439 2426 2355 3591 3477 11110 20116 22745 19623
10595 15038 16643 12759 1530 20110 266 566 304 5110 3509 18434 105 11909 1204 1641 2101 26757 11097 969
22454 12348 510 8403 4019 19906 10473 20261 2232 7764 11415 7336 18 1180 4821 19639 505 7754 1214 11892
17906 8026 16790 970 12423 359 1128 2308 11093 1558 11054 1828 133 1503 14059 12682 18936 12647 11555 33
3527 708 17044 3324 12928 7193 68 8590 19370 16240 5635 115 10598 670 786 13345 6194 1438 94 8497
7333 6015 50 4142 16482 11827 17743 4105 230 8850 3883 2154 1115 13583 3067 858 542 62 5630 3849
1263 19516 213 744 14987 1335 687 19316 16555 12997 6089 278 9616 8342 15525 4775 6474 14137 127 1401
13011 3763 10698 8348 7617 12815 184 2637 20816 2148 23849 14925 7301 332 15132 2429 16298 10671 10362 12850
