20
0 168 30 957 523 824 302 924 58 7 489 54 381 729 11 271 112 155 276 22
145 108 24 342 42 216 45 270 500 768 60 179 7 113 87 96 958 70 736 426
815 843 2 2 857 536 22 86 139 896 616 744 2 163 132 460 5 629 4 175
728 512 24 988 945 657 911 153 445 193 39 78 205 417 454 133 714 138 920 65
438 313 42 7 15 269 524 12 39 93 11 83 562 792 134 128 621 26 862 32
330 123 686 250 556 542 454 804 381 853 988 6 99 134 810 20 473 667 297 20
605 229 121 86 74 266 28 507 451 4 617 92 598 127 688 92 7 274 661 983
10 943 325 660 495 342 840 544 8 414 930 510 131 151 749 436 2 11 230 102
26 238 236 663 322 196 967 513 293 155 111 366 761 429 167 77 568 324 106 76
74 756 259 688 234 229 302 4 217 2 707 28 603 245 34 256 41 351 340 605
363 663 661 511 116 457 203 379 812 170 611 441 510 707 884 806 258 173 611 800
2 398 722 25 146 264 448 635 56 347 12 653 118 88 12 29 671 688 3 230
295 865 744 630 40 22 472 272 391 752 121 642 117 346 945 667 644 979 726 6
399 192 669 729 500 46 282 171 739 164 68 102 886 432 141 363 214 668 602 964
356 55 111 50 122 484 591 391 508 459 296 30 996 265 279 883 163 170 395 370
122 400 2 129 336 10 996 759 27 87 827 532 901 808 514 112 101 938 473 882
697 674 69 28 35 430 628 978 349 329 3 162 404 934 26 15 96 138 124 109
562 256 15 810 748 572 365 116 31 883 408 817 750 684 323 352 386 493 502 53
563 379 23 419 469 122 47 570 89 660 320 28 380 186 122 906 982 700 958 730
671 109 223 175 139 172 334 679 244 321 305 143 456 19 834 339 136 709 609 993
0 2821 480 20613 10996 24623 7970 25428 931 113 9050 691 5279 21309 159 4294 2931 3723 6437 433
1989 1455 369 7561 791 4857 956 7026 5204 8806 939 4128 151 1688 1846 2374 14265 1737 21283 12418
15970 19980 55 22 9199 5688 279 2447 2071 21087 13539 7825 27 3894 2010 13726 77 10396 57 3212
18205 12851 245 16461 15115 8833 25741 3556 4491 2934 857 1370 3405 6955 9885 3453 11965 1751 19760 1049
6099 3641 886 153 298 5523 7112 313 868 1501 196 1099 11928 10056 2820 3674 15224 714 10406 573
8030 2015 17333 4294 9077 9854 10072 10480 6274 24717 23870 120 1370 3787 16917 598 6872 11094 7817 311
9919 4025 2860 1170 1752 4317 752 6784 6329 66 6591 1769 10319 1841 11367 1622 89 4181 12879 27875
110 13390 6655 9249 12314 4490 18234 14022 224 4920 22468 5584 2166 2659 14476 12013 30 195 2476 1647
752 3436 3449 7825 6459 4184 20961 9698 4412 3881 2750 9367 15267 8247 2343 1326 7317 6468 2133 1281
974 15762 3228 14723 4831 4059 4455 118 5188 55 18787 465 12006 6238 778 3672 1125 4963 8068 12356
7534 8154 7395 6285 1510 9243 5115 11197 9898 1839 13726 7698 7616 14091 21605 8656 5216 2625 18053 17116
35 5186 17783 418 3070 4469 13218 13501 910 7134 126 14670 1265 1905 274 718 7510 15258 66 4895
5110 10473 18758 10173 1053 648 11335 4830 7838 14926 1270 17398 1456 4680 28127 18623 7317 24132 8872 72
6623 5723 8635 19567 14632 682 4432 4076 8063 3670 1561 1193 12616 7108 3208 10565 3721 14804 14123 24025
4825 1469 1148 1467 3275 9637 12546 4897 9585 13448 4087 839 22344 6964 7556 12115 3799 2930 11653 4869
3003 11576 42 2219 4890 201 19495 12070 315 1001 19467 8991 26671 14724 11593 1962 1791 19427 13220 18279
18018 9953 2028 390 777 6770 9797 25566 9210 9228 80 4243 11424 9952 321 213 1851 3288 2810 1325
14701 5380 221 23900 13550 7183 9326 1329 775 22234 7537 14562 19520 15750 8551 7809 10755 7013 12016 1225
5880 8500 407 9957 12996 2417 820 15460 2410 10421 7246 643 9108 4843 3386 11425 20254 10008 15595 19519
18014 1816 5218 3342 3929 2691 8276 11928 6347 6487 5592 3557 5816 476 19748 4702 2891 17742 7762 23201
