20
0 206 582 576 497 657 2 108 19 416 404 209 486 92 86 94 102 12 150 752
122 64 114 10 357 232 699 3 430 823 30 459 428 192 551 598 63 59 143 242
11 504 164 138 288 270 86 459 299 428 293 75 572 282 64 106 637 966 630 551
19 132 108 458 856 26 400 7 668 524 432 271 450 739 508 593 17 9 506 831
2 459 401 82 80 624 19 17 11 106 110 10 169 827 135 638 560 52 817 723
932 6 226 13 187 113 394 219 727 407 27 167 771 19 91 600 308 833 400 910
859 326 265 658 49 22 353 441 68 297 8 158 554 7 5 2 11 38 39 372
157 611 936 63 948 362 399 238 34 603 829 483 521 608 112 669 10 24 693 31
196 254 399 99 759 156 920 170 237 864 714 97 1 22 427 201 842 371 551 293
366 969 243 203 675 176 247 149 16 834 2 536 537 506 3 327 41 9 563 1
415 911 333 202 357 629 391 334 199 292 250 162 124 218 313 380 901 360 265 62
82 13 278 164 943 525 3 64 436 583 13 925 388 598 662 812 575 349 168 182
61 861 53 12 257 130 444 883 941 758 4 82 401 819 345 314 8 21 171 269
25 769 965 408 234 20 202 94 29 570 213 365 1 35 151 873 29 115 883 123
454 426 664 19 914 54 514 279 29 899 561 2 46 464 373 32 574 495 489 41
25 387 688 752 136 738 334 30 804 4 800 21 736 36 760 320 3 129 737 604
360 823 144 295 17 537 42 960 306 63 562 95 132 149 580 27 987 81 801 61
512 378 133 508 954 402 358 696 2 346 140 617 960 802 35 631 579 562 324 103
47 10 88 19 454 170 943 414 47 663 450 604 505 279 31 811 727 487 619 318
27 133 62 128 35 22 318 593 205 272 375 82 219 14 271 2 683 558 517 4
0 4409 13644 13874 13571 18512 54 1141 243 4607 6889 2391 12253 2424 2133 1241 1054 220 2600 18208
2787 1015 1362 161 9085 5294 12948 61 6920 15626 893 10290 7698 3837 15549 8106 1777 963 1789 2828
289 11800 4488 3785 6953 2947 1220 9445 7564 11844 5410 785 7405 7733 1744 1125 16679 25197 14772 13643
275 1445 2403 5005 16817 371 8195 135 10690 12583 8781 4900 12819 20777 12682 14271 452 264 12855 11113
59 6466 6979 1067 1185 13624 232 295 205 1123 1353 297 3936 20437 4048 7345 9937 1535 18840 20734
12418 75 4163 332 4706 1593 9690 4326 18114 9958 509 2353 8178 220 1705 12356 5911 20015 7368 16012
19673 7902 3186 14037 821 285 8926 4846 1480 8035 181 2276 6446 95 61 56 202 468 744 10550
3101 15605 21342 693 24414 8487 4946 2389 985 9154 10431 6864 6313 14771 1415 17965 298 243 19086 866
5681 6096 7758 1900 19056 2208 18603 2644 5929 14041 7782 1637 22 236 12449 4902 9590 5111 12615 7828
6259 15601 7274 4932 11477 2317 4221 3199 363 24832 44 15157 13732 14437 53 6219 1024 94 10326 17
7781 24577 5280 2350 7517 9155 10892 7183 5697 7067 5715 4169 3359 2532 6978 7571 14823 3995 4511 1183
2388 158 6901 3144 21932 12820 76 1099 4864 12339 314 18368 5274 9838 8631 16530 15842 7527 2557 1929
1111 24003 703 327 6460 3780 9145 25503 19179 11601 73 1569 6258 13736 10027 3887 129 218 3257 2840
529 17834 19635 9755 5640 434 5320 1792 756 8170 3008 4172 24 373 4314 25182 736 1982 9218 1975
11676 7854 12049 534 11853 1098 12462 5924 766 21926 16070 35 797 8800 5151 786 11051 6599 5921 465
401 6295 10902 11295 1777 14898 9470 514 8563 112 9032 270 16061 969 7696 7905 75 2227 21112 8131
3777 14990 3378 3766 471 10969 1232 25204 3397 991 6733 1904 1416 4318 9415 357 13515 1910 9557 930
8590 5749 1679 12051 9854 7260 6908 18628 46 5844 4067 7386 17594 16969 547 15061 13295 16303 6714 1514
1000 126 2479 428 13479 4541 26013 10894 1299 17879 6884 13269 8672 6840 870 20354 10459 8132 15537 5544
377 1720 1119 2223 489 482 4262 8402 5426 6243 7124 1985 5963 392 8129 35 16217 6417 15000 109
