20
0 164 363 621 376 370 140 716 843 612 697 22 335 424 881 148 578 31 11 34
514 5 38 27 19 345 822 381 88 175 182 590 545 315 384 23 33 888 497 531
315 929 545 108 856 587 791 78 36 599 8 969 882 569 159 801 20 827 403 137
982 27 52 98 13 485 374 93 100 116 199 129 242 4 443 745 129 51 699 584
722 84 834 407 221 2 718 9 48 4 41 804 103 961 126 8 502 2 86 540
805 8 230 48 101 630 94 29 516 485 891 652 273 4 807 417 228 51 185 202
231 3 140 331 147 6 88 112 6 187 852 872 77 49 867 4 436 740 8 13
236 775 885 273 811 769 275 214 14 16 176 645 547 379 227 26 352 183 385 158
5 93 54 359 295 462 822 285 599 10 12 710 13 410 320 577 1 210 43 257
553 131 191 395 390 119 59 584 67 375 656 260 304 918 695 89 503 196 838 606
6 385 17 8 793 759 48 148 980 105 243 11 1 29 152 612 739 3 115 2
726 367 904 54 57 687 104 330 941 971 614 771 655 134 416 179 868 162 26 601
170 896 178 371 976 125 323 203 37 547 40 258 516 945 835 682 807 674 384 291
4 22 605 44 567 311 781 3 672 842 78 816 625 37 20 615 354 70 100 241
617 10 120 141 207 498 230 10 644 208 449 890 516 60 410 671 935 300 628 586
453 572 30 281 2 878 30 598 681 77 397 83 395 560 84 237 100 809 39 166
423 683 418 12 745 32 319 6 156 530 833 415 5 614 684 193 99 2 655 128
246 95 132 244 414 375 784 939 982 37 71 102 752 229 372 615 499 863 97 308
40 770 51 351 6 7 2 7 73 154 341 644 31 435 393 470 51 818 858 7
606 959 796 275 9 246 24 50 370 226 457 253 992 236 167 607 421 976 269 236
0 2961 9833 12591 8596 4470 3742 14601 18807 14782 19999 642 7096 12101 16056 2343 14648 671 154 631
9131 112 811 453 394 6951 22719 8005 2527 3023 5204 14863 10104 6597 8356 380 786 14838 13481 13345
3554 25226 12988 1547 17454 17315 19967 1062 966 12589 161 17723 26198 7268 3102 11223 468 13004 8484 2356
17077 408 1362 2113 138 7865 6982 2038 2634 1193 2859 2824 3768 111 5980 15942 3663 606 18607 6981
21083 1139 18802 9909 3584 50 14639 235 1230 93 1091 9473 2665 21381 2394 231 6465 59 2237 14891
22684 207 3398 675 1575 8495 1300 670 9157 12386 21965 12408 7197 117 16742 7354 2439 691 2475 4369
4294 70 2390 7552 2537 118 2243 2690 68 5167 15876 25983 2299 510 17466 45 6463 9653 152 183
6027 11384 16781 6970 9907 11344 8114 3677 301 200 2110 14383 11023 9035 2286 345 6198 2147 7258 4381
100 1873 1461 9290 8003 10032 18129 4118 9853 255 246 9882 380 10189 5674 9278 13 4282 1045 5258
9903 3339 5526 3976 3953 1773 802 6679 955 5456 7720 3414 6551 26326 8320 2240 8711 5117 20392 16393
132 5759 230 109 22467 7833 942 3220 12360 2160 3212 118 24 830 1631 8491 17546 53 3265 50
13883 10633 24259 790 1394 8751 1958 9441 11226 28978 18257 10886 12949 3587 5386 4329 13008 2512 268 13542
4436 20496 4910 8705 27512 1420 3273 5816 699 15421 843 7453 6361 13028 9976 8764 17151 18112 9762 5671
91 553 14567 927 7197 8236 10307 34 20005 14847 2282 24411 7248 1019 203 6998 7494 976 2820 2667
15611 118 2834 2569 2428 13237 3233 223 8613 5818 6100 23015 10054 1638 11671 19112 16480 4871 7723 14210
9915 14701 805 7617 34 14895 567 11938 20162 1271 6414 2387 9811 14297 1722 4332 1231 16760 1077 1994
10679 9324 11944 209 17048 828 3768 166 3290 8891 22560 11390 76 8806 15555 4557 1896 21 14965 1951
6535 1201 3953 6064 12128 7214 12419 19838 9957 845 1719 2751 17267 5833 7765 13924 5223 15638 1532 5634
646 11365 1372 4153 73 87 39 127 798 2244 4257 6795 780 11547 8864 10828 1092 9610 15892 126
13383 21329 21357 6670 180 4991 679 772 6548 4204 12591 4411 18810 2824 2394 7246 5974 28759 6336 5267
