20
0 271 24 377 34 297 42 204 18 48 464 398 687 268 39 890 267 466 10 195
772 605 517 356 104 684 354 554 49 770 846 394 635 45 248 37 326 305 409 71
269 466 709 395 965 93 198 253 235 103 73 26 224 833 7 51 676 210 48 762
896 555 875 611 631 948 202 9 15 295 402 67 357 323 263 284 3 13 753 291
962 198 229 25 741 329 182 65 15 290 92 410 313 539 390 382 365 178 58 7
205 348 993 90 343 170 562 44 386 57 505 3 23 678 175 222 795 56 108 40
109 257 43 694 39 14 391 857 310 89 311 6 48 697 9 20 2 48 543 18
753 3 466 304 16 11 525 586 284 945 437 493 164 3 101 56 908 160 286 11
552 564 277 448 547 448 3 924 361 152 822 657 247 10 56 162 789 658 568 925
44 703 430 99 586 105 15 157 173 105 116 164 474 261 118 841 2 80 195 649
104 375 217 911 121 250 42 540 114 45 472 512 311 88 243 609 294 633 21 674
386 40 652 833 551 51 120 418 142 202 21 11 986 331 16 3 750 928 517 10
47 486 9 243 414 477 258 537 593 8 598 18 606 288 296 463 153 759 122 400
67 16 154 3 1 408 359 8 47 110 396 3 461 690 116 505 917 112 614 83
507 736 507 355 384 81 197 918 532 934 29 808 19 296 397 295 798 648 13 13
239 10 10 108 436 85 21 721 157 451 379 280 880 368 584 136 138 885 36 295
185 261 89 94 376 14 120 667 831 327 243 875 1 439 557 96 7 706 15 430
7 214 218 5 29 2 362 954 764 131 165 354 946 171 140 514 138 3 75 53
859 33 127 333 100 100 939 303 32 192 486 34 335 441 2 33 288 902 190 105
344 615 455 217 817 13 151 197 258 292 439 241 104 229 947 493 327 105 5 796
0 4482 324 9456 559 6022 1231 4711 397 688 8409 6057 8065 3192 657 20710 6065 8744 139 2926
13567 7967 12394 5475 1910 15715 6121 10373 1027 18125 14581 6566 18027 752 3280 934 7134 7548 12202 1112
4780 10802 19949 9750 18039 1715 3228 3426 2479 2195 816 744 5303 16672 170 1308 19954 3493 980 19833
18444 14989 23866 9099 16237 26632 5240 111 341 4082 5412 817 7200 7113 7630 7565 34 283 15722 3986
19379 4614 6564 465 11357 6833 3750 1784 228 4235 1918 10509 3190 15862 7463 7053 10897 2894 1033 154
4189 6461 29087 2118 8716 2191 9887 1093 10476 840 9321 61 364 9130 3050 4159 22455 580 1166 967
2426 4122 580 11273 867 231 8575 15039 8933 2054 7366 133 765 14742 128 439 27 1396 13968 297
16289 89 5893 6009 348 233 10358 16571 5196 11707 7123 9497 4744 59 2952 684 14452 2250 4622 245
8173 13150 4334 12982 13773 10045 69 26393 8944 2739 22935 7720 4413 281 958 3054 18130 8442 9448 22309
1231 8781 8930 1614 14229 2897 207 4681 2274 2767 3338 3808 11409 4202 1287 16184 20 1287 4841 16475
2376 8713 4643 11818 2836 4637 1072 10723 3142 638 11207 12238 3200 1446 3211 13488 3542 6866 556 12901
4140 624 9109 12784 10898 529 3024 8171 2753 3471 436 158 27936 5130 259 48 7840 14953 13399 205
1157 5847 250 4804 4943 12760 3773 10391 14102 130 12537 342 15756 3369 7288 12534 1830 13931 1343 8836
1534 250 2324 80 15 12226 6820 134 1107 2050 4932 51 11990 13397 2265 12521 11659 1800 14149 1584
8081 20786 7880 7356 4875 1346 2331 13534 15143 23569 366 11466 332 7978 8824 3503 19969 10511 183 364
5561 118 252 2528 8756 2175 393 21523 3491 13507 7864 4110 15798 9730 8511 2471 3562 23514 990 6556
4246 7465 1904 1532 5200 287 2454 10549 20163 5707 2892 22834 11 9825 10821 2715 128 8063 340 7658
145 5273 6012 67 770 47 10336 15061 9640 2650 1749 9831 12205 4687 4042 11403 2748 31 1602 1180
20818 583 3532 3978 1269 1413 26521 6927 388 3476 13295 845 4994 10754 25 433 6601 19746 3584 3029
6359 15257 4765 3683 11481 279 2685 4810 3572 3724 12464 5193 2291 3042 23417 5947 7935 1748 144 20294
