30 10 10
15 29
28 21
21 14
7 20
8 14
23 19
12 13
10 11
21 10
10 6
00000000001000000000000000000
00000000001000000000000000000
00000000001000000000000000000
00000000001000000000000000000
00000000001000000000000000000
00000000001000000000000000000
00000000001000000000000000000
00000000001000000000000000000
00000000000000000000000000000
00000000000000000000000000000
00000000000000000001000000000
00000000000000000001000000000
00000000000000000001000000000
00000000000000000001000000000
00000000000000000001000000000
00000000000000000001000000000
00000000000000000001000000000
00000000000000000001000000000
00000000000000000001000000000
00000000000000000001000000000
00000000000000000001000000000
00000000000000000000000000000
00000000000000000000000000000
00000000000000000000000000000
00000000000000000000000000000
00000000000000000000000000000
00000000000000000000000000000
00000000000000000000000000000
00000000000000000000000000000
00000000000000000000000000000
000000000000000000000000000000
000000000000000000000000000000
000000000000000000000000000000
000000000000000000000000000000
000000000000000000000000000000
000000000000000000000000000000
000000000000000000000000000000
000000000000000000011111111110
000000000000000000000000000000
000000000000000000000000000000
000000000000000000000000000000
000000000000000000000000000000
000000000000000000000000000000
000000000000000000000000000000
000000000000000000000000000000
000000000000000000000000000000
000000000000000000000000000000
000000000000000000000000000000
000000111111111100000000000000
000000000000000000000000000000
000000000000000000000000000000
000000000000000000000000000000
000000000000000000000000000000
000000000000000000000000000000
000000000011111111111111111110
000000000000000000000000000000
000000000000000000000000000000
000000000000000000000000000000
000000000000000000000000000000
