30 10 10
15 3
23 17
22 13
13 10
23 1
8 16
5 0
4 13
9 7
18 24
00000000000000000000000000000
00000000000000000001000000000
00000000000000000001000000000
00000000000000000001000000000
00000000000000000001000000000
00000000000000000001000000000
00000000000000000001000000000
00000000000001000001000000000
00000000000001000001000000000
00000000000001000001000000000
00000000000001000001000000000
00000000000001000001000000000
00000000000001000001000000000
00000010000001000001000000000
00000010000001000001000000000
00000010000001000000000000000
00000010000001000000000000000
00000010000001000000000000000
00000010000001000000000000000
00000010000001000000000000000
00000010000001000000000000000
00000010000001000000000000000
00000010000000000000000000000
00000010000000000000000000000
00000010000000000000000000000
00000010000000000000000000000
00000000000000000000000000000
00000000000000000000000000000
00000000000000000000000000000
00000000000000000000000000000
000000000000000000000000000000
000000000000000000000000000000
000000000000000000000000000000
000000000000000000000000000000
000000000111111111111110000000
000000000000000000000000000000
000000000000000000000000000000
000000000000000000000000000000
000000000000000000000000000000
000000000000000000000000000000
000000000000000000000000000000
000000000000000000000000000000
000000000000000000000000000000
000000000000000000000000000000
000000000000000000000000000000
000000000000000000000000000000
000000000000111111111111110000
000000000000000000000000000000
000000000000000000000000000000
000000000000000000000000000000
000000000000000000000000000000
000000000000000000000000000000
000000000000000000000000000000
000000000000000000000000000000
000000000000000000000000000000
000000000000000000000000000000
000000000000000000000000000000
000000000000000000000000000000
000000000000000000000000000000
