30 10 10
25 17
7 7
27 3
10 27
0 9
13 8
23 12
21 4
17 0
5 16
00000000000000000000000000000
00000000000000000000000000000
00000000000000000000000000000
00000000000000000000000000000
00000000000000000000000000000
00000000000000000000000010000
00000000000000000000000010000
00000001000000000000000010000
00000001000000000000000010000
00000001000000000000000010000
00000001000000000000000010000
00000001000000000000000010000
00000001000000000000000010000
00000001000000000000000010000
00000001000000000000000010000
00000001000000000000000010000
00000001000000000000000010000
00000001000000000000000000000
00000001000000000100000000000
00000001000000000100000000000
00000001000000000100000000000
00000001000000000100000000000
00000000000000000100000000000
00000000000000000100000000000
00000000000000000100000000000
00000000000000000100000000000
00000000000000000100000000000
00000000000000000100000000000
00000000000000000100000000000
00000000000000000100000000000
000000000000000000000000000000
000000000000000000000000000000
000000000000000000000000000000
000000000000000000000000000000
000000000000000000000000000000
000000000000000000000000000000
000000000000000000000000000000
000000000000000000000000000000
000000000000000000000000000000
000000000000000000000000111111
000000000000000000000000000000
000000000000000000000000000000
000000000000000000000000000000
000000000000000000000000000000
000000000000000000000000000000
000000000000000000000000000000
000000000000000000000000000000
111111111111110000000000000000
000000000000000000000000000000
000000000000000000000000000000
000000000000000000000000000000
000000000000000000000000000000
000000000000000000000000000000
000000000000000000000000000000
000000000000000000000000000000
000000000000000000000000000000
000000000000000000000000000000
000000000000000000000000000000
000000000000000000000000000000
