30 10 10
8 9
11 25
12 16
28 26
18 24
3 13
10 0
28 17
8 29
12 4
00000000000000000000000000000
00000000000000000000000000000
00000000000000000000000000000
00000000000000000000000000000
00000000000000000000000000000
00000000000000000000000000000
00000000000000000000000000000
00000000000000000000000000000
00000000000000000000000000000
00000001000000000000000000000
00000001000000000000000000000
00000001000000000000000000000
00000001000000000000000000000
00000001000000000000000000000
00000001000000000000100000000
00000001000000000000100000000
00000001000000000000100000000
00000001000000000000100000000
00000001000000000000100000000
00000001000000000000100000000
00000001000000000000100000000
00000001000000000000100000000
00000001000000000000100000000
00000000000000000000100000000
00000000000000000000100000000
00000000000000000000100000000
00000000000000000000100000000
00000000000000000000100000000
00000000000000000000100000000
00000000000000000000100000000
000000000000000000000000000000
000000000000000000000000000000
000000000000000000000000000000
000000000000000000000000000000
000000000000000000000000000000
000000000000000000000000000000
000000000000000000000000000000
000000000000000000000001111111
000000000000000000000000000000
000000000000000000000000000000
000000000000000000000000000000
000000000000000000000000000000
000000000000000000000000000000
000000000011111111111111000000
000000000000000000000000000000
000000000000000000000000000000
000000000000000000000000000000
000000000000000000000000000000
000000000000000000000000000000
000000000000000000000000000000
111111111111110000000000000000
000000000000000000000000000000
000000000000000000000000000000
000000000000000000000000000000
000000000000000000000000000000
000000000000000000000000000000
000000000000000000000000000000
000000000000000000000000000000
000000000000000000000000000000
