30 10 10
4 19
27 28
26 5
23 0
0 21
10 1
13 27
19 7
10 26
8 19
00000000000000000000000000000
00000000000000000000000000000
00000000000000000000000000000
00000000000000000000000000000
00000000000000000000100000000
00000000000000000000100000000
00000000000000000000100000000
00000000000000000000100000000
00000000000000000000100000000
00000000000000000000100000000
00000000000000000000100000000
00000000000000000000100000000
00000000000000000000100000000
00000000000000000000100000000
00000000000000000000100000000
00000100000000000000100000000
00000100000000000000100000000
00000100000000000000000000000
00000100000000000000000000000
00000100000000000000000000000
00000100000000000000000000000
00000100000000000000000000000
00000100000000000000000000000
00000100000000000000000000000
00000100000000000000000000000
00000100000000000000000000000
00000100000000000000000000000
00000100000000000000000000000
00000100000000000000000000000
00000000000000000000000000000
000000000000000000000000000000
000000000000000000000000000000
000000000000000000000000000000
000000000000000000000000000000
000000000000000000000000000000
000000000000000000000000000000
000000111111111111111100000000
000000000000000000000000000000
000000000000000000000000000000
000000000000000000000000000000
000000000000000000000000000000
000000000000000011111111111111
000000000000000000000000000000
000000000000000000000000000000
000000000000000000000000000000
000000000000000000000000000000
000000000000000000000000000000
000000000000000000000000000000
000000000000000000000000111111
000000000000000000000000000000
000000000000000000000000000000
000000000000000000000000000000
000000000000000000000000000000
000000000000000000000000000000
000000000000000000000000000000
000000000000000000000000000000
000000000000000000000000000000
000000000000000000000000000000
000000000000000000000000000000
