30 10 10
13 5
0 12
26 9
26 20
1 1
1 13
11 29
23 1
25 5
13 12
00000000000000000000000000000
00000000000000000000000000000
00000000000100000000000000000
00000000000100000000000000000
00000000000100000000000000000
00000000000100000000000000000
00000000000100000000000000000
00000000000100000010000000000
00000000000100000010000000000
00000000000100000010000000000
00000000000100000010000000000
00000000000100000010000000000
00000000000100000010000000000
00000000000100000010000000000
00000000000100000010000000000
00000000000100000010000000000
00000000000100000010000000000
00000000000100000010000000000
00000000000100000010000000000
00000000000100000010000000000
00000000000100000010000000000
00000000000100000010000000000
00000000000000000010000000000
00000000000000000010000000000
00000000000000000000000000000
00000000000000000000000000000
00000000000000000000000000000
00000000000000000000000000000
00000000000000000000000000000
00000000000000000000000000000
000000000000000000000000000000
000000000000000000000000000000
000000000000000000000000000000
000000000000000000000000000000
000000000000000000000000000000
000000000000000000000000000000
000000000000000000000000000000
000000000000000001111111111111
000000000000000000000000000000
000000000000000000000000000000
000000000000000000000000000000
000000000000000000000000000000
000000000000000000000000000000
000000000000000000000000000000
000000000000000000000000000000
000000000000000000000000000000
000000000000000000000000000000
000000000000000000000000000000
000000000000000000000000000000
000000000000111111111111110000
000000000000000000000000000000
000000000000000000000000000000
000000000000000000000000000000
000000000000000000000000000000
000000000001111111111111111000
000000000000000000000000000000
000000000000000000000000000000
000000000000000000000000000000
000000000000000000000000000000
