30 10 10
26 20
22 26
7 19
11 26
11 14
22 0
5 0
14 8
24 6
25 8
00000000000000000000000000000
00000000000000000000000000000
00000000000000000000000000000
00000000000000000000000000000
00000000000000000000000000000
00000000000000000000000000000
00000000000001000000000000000
00000100000001000000000000000
00000100000001000000000000000
00000100000001000000000000000
00000100000001000000000000000
00000100000001000000000000000
00000100000001000000000000000
00000100000001000000000000000
00000100000001000000000000000
00000100000001000000000000000
00000100000001000000000000000
00000100000001000000000000000
00000000000001000000000000000
00000000000001000000000000000
00000000000001000000000000000
00000000000001000000000000000
00000000000001000000000000000
00000000000000000000000000000
00000000000000000000000000000
00000000000000000000000000000
00000000000000000000000000000
00000000000000000000000000000
00000000000000000000000000000
00000000000000000000000000000
000000000000000000000000000000
000000000000000000000000000000
000000000000000000000000000000
000000000000000000000000000000
000000000000000000000000000000
000000000000000000000000000000
000000000000000000000000000000
000000000000000000000000000000
000000000000000000000000000000
000000000000000000000000000000
001111111111111111111000000000
000000000000000000000000000000
000000000000000000000000000000
000000000000000000000000000000
000000000000000000000000000000
000000000000000000000000000000
000000000000000000000000000000
000000000000000000000000000000
000000000111111111111111111100
000000000000000000000000000000
000000000000000000000000000000
000000000000000000000000000000
000000000000000000000000000000
000000001111111111111000000000
000000000000000000000000000000
000000000000000000000000000000
000000000000000000000000000000
000000000000000000000000000000
000000000000000000000000000000
