30 10 10
4 16
14 16
11 19
2 2
17 11
8 17
18 12
16 10
10 23
2 10
00000000000000000000000000000
00000000000000000000000000000
00000000000000000000000000000
00000000000000000000000000000
00000000000000000000000000000
00000000000000000000000000000
00000000000000010000000000000
00000000000000010000000000000
00000000000000010000000000000
00001000000000010000000100000
00001000000000010000000100000
00001000000000010000000100000
00001000000000010000000100000
00001000000000010000000100000
00001000000000010000000100000
00001000000000010000000100000
00001000000000010000000100000
00001000000000010000000100000
00001000000000010000000100000
00001000000000010000000100000
00001000000000010000000100000
00001000000000000000000100000
00001000010000000000000100000
00001000010000000000000100000
00000000010000000000000100000
00000000010000000000000100000
00000000010000000000000100000
00000000010000000000000100000
00000000010000000000000100000
00000000010000000000000000000
000000000000000000000000000000
000000000000000000000000000000
000000000000000000000000000000
000000000000000000000000000000
011111111111000000000000000000
000000000000000000000000000000
000000000000000000000000000000
000000000000000000000000000000
000000000000000000000000000000
000000000000000000000000000000
000000000000000000000000000000
000000000000000000000000000000
000000000000000000000000000000
000000000000000000000000000000
000000000000000000000000000000
000000000000000000000000000000
000000000000000000000000000000
000000000000000000000000000000
000000000000000000000000000000
000000000000000000000000000000
000000000000000000000000000000
000000000000000000000000000000
000000000000000000000000000000
000000000000000000000000000000
000000000000000000000000000000
000000000000000000000000000000
000000000000000000000000000000
000000000000000000000000000000
000000000000000000000000000000
