30 10 10
15 6
22 11
29 18
22 19
16 22
21 18
12 21
8 18
20 13
15 0
00000000000000000000000000000
00000000000000000000000000000
00000000000000000000000000000
00000000000000000000000000000
00000000000000000010000000000
00000000000000000010000000000
00000000000000000010000000000
00000000000000000010000000000
00000000000000000010000000000
00000000000000000010000000000
00000000000000000010000000000
00000000000000000010000000000
00000000000000000010000000000
00000000000000000010000000000
00000000000000000010000000000
00000010000000000010000000000
00000010000000000010000000000
00000010000000000010000000000
00000010000000000010000000000
00000010000000000010000000000
00000010000000000010000000000
00000010000000000010000000000
00000010000000000010000000000
00000010000000000010000000000
00000010000000000000000000000
00000010000000000000000000000
00000000000000000000000000000
00000000000000000000000000000
00000000000000000000000000000
00000000000000000000000000000
000000000000000000000000000000
000000000000000000000000000000
000000000000000000000000000000
000000000000000000000000000000
001111111111100000000000000000
000000000000000000000000000000
000000000000000000000000000000
000000000000000000000000000000
000000000000000000000000000000
000000000000000000000000000000
000000000000000000000000000000
000000000000000000000000000000
000000011111111111110000000000
000000000000000000000000000000
000000000000000000000000000000
000000000000000000000000000000
000000000000000000000000000000
000000000000000000000000000000
000000000000000000000000000000
000000000000000000000000000000
000000000000000000000000000000
000000000000000000000000000000
000000000000000000000000000000
000111111111111111110000000000
000000000000000000000000000000
000000000000000000000000000000
000000000000000000000000000000
000000000000000000000000000000
000000000000000000000000000000
