30 10 10
4 26
8 27
18 19
29 24
24 1
22 0
26 15
9 15
8 1
11 16
00000000010000001000000000000
00000000010000001000000000000
00000000010000001000000000000
00000000010000001000000000000
00000000010000001000000000000
00000000010000001000000000000
00000000010000001000000000000
00000000000000001000000000000
00000000000000000000000000000
00000000000000000000000000000
00000000000000000000000000000
00000000000000000000000000000
00000000000000000000000000000
00000000000000000000000000000
00000000000000000000000000000
00000000000000000000000000000
00000000000000000000000000000
00000000000000000000000000000
00000000000000000000000000000
00000000000000000000000000000
00000000000000000000000000000
00000000000000000000000010000
00000000000000000000000010000
00000000000000000000000010000
00000000000000000000000010000
00000000000000000000000010000
00000000000000000000000010000
00000000000000000000000010000
00000000000000000000000010000
00000000000000000000000010000
000000000000000000000000000000
000000000000000000000000000000
000000000000000000000000000000
000000000000000000000000000000
000000000000000000000000000000
000000000000000000000000000000
000000000000000000000000000000
000000000000000000000000000000
000000000000000000000000000000
000000000000000000000000000000
000000000000000000000000000000
000000000000000000000000000000
000000000000000000000000000000
000000000000000000000000000000
000000000000000000000000000000
000000000000000000000000000000
000000000000000000000000000000
000000000000000111111111111111
000000000000000000000000000000
000000000000000000000000000000
000000000000000000000000000000
000000000000000000000000000000
000000000000000000000000000000
000000000000000000000000000000
000000000011111111111100000000
000000000000000000000000000000
000000000000000000000000000000
000000000000000000000000000000
000000000000000000000000000000
