30 10 10
13 27
17 24
16 20
4 6
29 7
26 8
21 29
14 16
5 27
18 22
00000000000000000010000000000
00000000000000000010000000000
00000000000000000010000000000
00000000000000000010000000000
00000000000000000010000000000
00000000000000000010000000000
00000000000000000000000000000
00000000000000000000000000000
00000010000000000000000000000
00000010000000000000000000000
00000010000000000000000000000
00000010000000000000000000000
00000010000000000000000000000
00000010000000000000000000000
00000010000000000000000000000
00000010000000000000000000000
00000010000010000000000000000
00000010000010000000000000000
00000010000010000000000000000
00000010000010000000000000000
00000010000010000000000000000
00000010000010000000000000000
00000010000010000000000000000
00000010000010000000000000000
00000010000010000000000000000
00000010000010000000000000000
00000000000000000000000000000
00000000000000000000000000000
00000000000000000000000000000
00000000000000000000000000000
000000000000000000000000000000
000000000000000000000000000000
000000000000000000000000000000
000000000000000000000000000000
000000000000000000000000000000
000000000000000000000000000000
000000000000000000000000000000
000000000000000000000000000000
000000000000000000000000000000
000000000000000000000000000000
000000000000000000000000000000
000000000000000000000000000000
000000000000000000000000000000
000000000000000000000000000000
000000000000000000000000000000
000000000000000000000000000000
000000000000000000000000000000
000000000000000000000000000000
000000000000111111111111111000
000000000000000000000000000000
000000000000000000000000000000
000000000000000000000000000000
000000000000000000000000000000
000000000000000000000000000000
000000001111111111111000000000
000000000000000000000000000000
000000000000000000000000000000
000000000000000000000000000000
000000000000000000000000000000
