30 10 10
26 17
23 23
24 23
17 14
9 7
8 27
26 13
2 25
15 5
6 15
00000000000000000100000000000
00000000000000000100000000000
00000000000000000100000000000
00000000000000000100000000000
00000000000000000100000000000
00000000000000000100000000000
00000000000000000000000000000
00000000000000000000000000000
00000000000000000000000000000
00000000000000000000000000000
00000000000000000000000000000
00000000000000000000000000000
00000000000000000000000000000
00000000000000000000000000000
00000000000000000000000000000
00000000000000000000000000000
00000000100000000000000000000
00000000100000000000000000000
00000000100000000000000000000
00000000100000000000000000000
00000000100000000000000000000
00000000100000000000000000000
00000000100000000000000000000
00000000100000000000000000000
00000000100000000000000000000
00000000100000000000000000000
00000000100000000000000000000
00000000000000000000000000000
00000000000000000000000000000
00000000000000000000000000000
000000000000000000000000000000
000000000000000000000000000000
000000000000000000000000000000
000000000000000000000000000000
000000000000000000000000000000
011111111111111111000000000000
000000000000000000000000000000
000000000000000000000000000000
000000000000000000000000000000
000000000000000000000000000000
000000000000000000000000000000
000000000000000000000000000000
000000000000000000000000000000
111111000000000000000000000000
000000000000000000000000000000
000000000000000000000000000000
000000000000000000000000000000
000000000000000000000000000000
111111110000000000000000000000
000000000000000000000000000000
000000000000000000000000000000
000000000000000000000000000000
000000000000000000000000000000
000000000000000000000000000000
000000000000000000000000000000
000000000000000000000000000000
000000000000000000000000000000
000000000000000000000000000000
000000000000000000000000000000
