30 10 10
23 18
27 25
23 6
11 18
8 8
11 12
17 2
29 21
26 0
19 0
00000000000000000000000000000
00000000000000000000000000000
00000000000000000000000000000
00000000000000000000000000000
00000000000000000000000000000
00000000000000000000000000000
00000000000000000000000000000
00000000000000000000000000000
00000000000000000000000000000
00000000000000000000000000000
00000000000000000000000000000
00000000000000000000000100000
00000000000000000000000100000
00000000000000000000000100000
00000000000000100000000100000
00000000000000100000000100000
00000000000000100000000100000
00000000000000100000000100000
00000000000000100000000100000
00000000000000100000000100000
00000000000000100000000100000
00000000000000100000000100000
00000000000000100000000100000
00000000000000100000000100000
00000000000000100000000100000
00000000000000100000000000000
00000000000000100000000000000
00000000000000000000000000000
00000000000000000000000000000
00000000000000000000000000000
000000000000000000000000000000
000000000000000000000000000000
000000000000000000000000000000
000000000000000000000000000000
000000000000000000111111111111
000000000000000000000000000000
000000000000000000000000000000
000000000000000000000000000000
000000000000000000000000000000
000000000000000000000000000000
000000000000000000000000000000
000000000000000000111111111111
000000000000000000000000000000
000000000000000000000000000000
000000000000000000000000000000
000000000000000000000000000000
000000000000000000000000000000
000000000000000000000000000000
000000111111111111110000000000
000000000000000000000000000000
000000000000000000000000000000
000000000000000000000000000000
000000000000000000000000000000
000000000000000000000000000000
000000000000000000000000000000
000000000000000000000000000000
000000000000000000000000000000
000000000000000000000000000000
000000000000000000000000000000
