30 10 10
7 5
19 22
1 19
4 16
24 9
13 24
15 16
18 0
8 29
26 12
00000000000000000000000000000
00000000000000000000000000000
00000000000000000000000000000
00000000000000000000000000000
00000000000000000000000000000
00000000000000000000000000000
00000000000000000000000000000
00000000000000000001000000000
00000000000000000001000000000
00000000000000000001000000000
00000000000000000001000010000
00001000000000000001000010000
00001000000000000001000010000
00001000000000000001000010000
00001000000000000001000010000
00001000000000000001000010000
00001000000000000001000010000
00001000000000000001000010000
00001000000000000001000010000
00001000000000000001000010000
00001000000000000001000010000
00001000000000000001000010000
00001000000000000001000010000
00001000000000000001000010000
00001000000000000001000000000
00001000000000000001000000000
00001000000000000000000000000
00001000000000000000000000000
00001000000000000000000000000
00000000000000000000000000000
000000000000000000000000000000
000000000000000000000000000000
000000000000000000000000000000
000000000000000000000000000000
000000000000000000000000000000
000000000000000000000000000000
000000000000000000000000000000
000000111111111111111111110000
000000000000000000000000000000
000000000000000000000000000000
000000000000000000000000000000
000000000000000000000000000000
000000000000000000000000000000
000000000000000000000000000000
000000000000000000000000000000
000000000000000000000000000000
000000000000000000000000000000
000000000000000000000000000000
000000000000000000000000000000
000000000000011111111111100000
000000000000000000000000000000
000000000000000000000000000000
000000000000000000000000000000
000000000000000000000000000000
000000000000000000000000000000
000000000000000000000000000000
000000000000000000000000000000
000000000000000000000000000000
000000000000000000000000000000
