30 10 10
2 24
20 24
9 17
19 6
25 26
11 22
22 6
2 16
9 1
11 10
00000000010000000000000000000
00000000010000000000000000000
00000000010000000000000000000
00000000010000000000000000000
00000000010000000000000000000
00000000010000000000000000000
00000000010000000000000000000
00000000010000000000000000000
00000000010000000000000000000
00000000010000000000000000000
00000000000000000000000000000
00000000000000000000000000000
00000000000000000000000000000
00000000000000000000000000000
00000000000000000000000000000
00000000000000000000000000000
00000000000000000000000000000
00000000000000000001000000000
00000000000000000001000000000
00000000000000000001000000000
00000000000000000001000000000
00000000000000000001000000000
00000000000000000001000000000
00000000000000000001000000000
00000000000000000001000000000
00000000000000000001000000000
00000000000000000001000000000
00000000000000000001000000000
00000000000000000001000000000
00000000000000000001000000000
000000000000000000000000000000
000000000000000000000000000000
000000000000000000000000000000
000000000000000000000000000000
000000000000000000000000000000
000000000000000111111111111111
000000000000000000000000000000
000000000000000000000000000000
000000000000000000000000000000
000000000000000000000000000000
000000000000000000000000000000
000000000000000000000000000000
000000000000111111111111000000
000000000000000000000000000000
000000000000000000000000000000
000000000000000000000000000000
000000000000000000000000000000
000000000000000000000000000000
000000000000000000000000000000
000000000000000000000000000000
000000000000000000000000000000
000000000000000000000000000000
000000000000000000000000000000
000000000000000000000000000000
000001111111111111111110000000
000000000000000000000000000000
000000000000000000000000000000
000000000000000000000000000000
000000000000000000000000000000
