30 10 10
27 19
20 0
19 16
8 6
7 1
25 4
29 15
4 29
2 11
7 18
00000000000000000000000100000
00000000000000000000000100000
00000000000000000100000100000
00000000000000000100000100000
00000000000000000100000100000
00000000000000000100000100000
00000000000000000100000000000
00000000000000000100000000000
00000000000000000100000000000
00000000001000000100000000000
00000000001000000100000000000
00000000001000000100000000000
00000000001000000100000000000
00000000001000000100000000000
00000000001000000100000000000
00000000001000000100000000000
00000000001000000100000000000
00000000001000000100000000000
00000000001000000100000000000
00000000001000000100000000000
00000000000000000000000000000
00000000000000000000000000000
00000000000000000000000000000
00000000000000000000000000000
00000000000000000000000000000
00000000000000000000000000000
00000000000000000000000000000
00000000000000000000000000000
00000000000000000000000000000
00000000000000000000000000000
000000000000000000000000000000
000000000000000000000000000000
000000000000000000000000000000
000000000000000000000000000000
000000000000000000000000000000
000000000000000000000000000000
000000000000000000000000000000
000000111111111100000000000000
000000000000000000000000000000
000000000000000000000000000000
000000000000000000000000000000
000000000000000000000000000000
000000000000001111111111000000
000000000000000000000000000000
000000000000000000000000000000
000000000000000000000000000000
000000000000000000000000000000
000000000000000000000000000000
000000000000000000000000000000
000000000000000000000000000000
000000000000000000000000000000
000000000000000000000000000000
000000000000000000000000000000
000000000000000000000000000000
000000000000000000000000000000
000000000000000000000000000000
000000000000000000000000000000
000000000000000000000000000000
000000000000000000000000000000
