30 10 10
23 29
9 25
9 22
21 19
20 26
25 25
24 5
20 11
6 16
13 15
00000000000000000000001000000
00000000000000000000001000000
00000000000000000000001000000
00000000000000000000001000000
00000000000000000000001000000
00000000000000000000001000000
00000000000000000000001000000
00000000000000000000000000000
00000000000000000000000000000
00000000000000000000000000000
00000000000000000000000000000
00000000000000010000000000000
00000000000000010000000000000
00000000000000010000000000000
00000000000000010000000000000
00000000001000010000000000000
00000000001000010000000000000
00000000001000010000000000000
00000000001000010000000000000
00000000001000010000000000000
00000000001000010000000000000
00000000001000000000000000000
00000000001000000000000000000
00000000001000000000000000000
00000000001000000000000000000
00000000000000000000000000000
00000000000000000000000000000
00000000000000000000000000000
00000000000000000000000000000
00000000000000000000000000000
000000000000000000000000000000
000000000000000000000000000000
000000000000000000000000000000
000000000000000000000000000000
000000000000000000000000000000
000000000000000000000000000000
000000000000000000000000000000
111111111100000000000000000000
000000000000000000000000000000
000000000000000000000000000000
000000000000000000000000000000
000000000000000000000000000000
000000000000000000000000000000
000000000000000000000000000000
000000000000000000000000000000
000000000000000000000000000000
000000000000000000000000000000
000000000000000000000000000000
000000000000000000000000000000
000000000000000000000000000000
000000000000000000000000000000
000000000000000000000000000000
000000000000000000000000011111
000000000000000000000000000000
000000000000000000000000000000
000000000000000000000000000000
000000000000000000000000000000
000000000000000000000000000000
000000000000000000000000000000
