30 10 10
15 21
10 19
24 23
6 3
17 14
14 17
22 25
11 0
7 20
18 11
00000000000000000000000000000
00000000000000000000000000000
00000000000000000000000000000
00000000000000000000000000000
00000000001000000000000000000
00000000001000000000000000000
00000000001000000000000000000
00000000001000000100000000000
00000000001000000100000000000
00000000001000000100000000000
00000000001000000100000000000
00000000001000000100000000000
00000000001000000100000000000
00000000001000000100000000000
00000000001000000100000000000
00000000001000000100000000000
00000000000000000100000000000
00000000000000000100001000000
00000000000000000100001000000
00000000000000000100001000000
00000000000000000100001000000
00000000000000000100001000000
00000000000000000100001000000
00000000000000000100001000000
00000000000000000000001000000
00000000000000000000001000000
00000000000000000000001000000
00000000000000000000001000000
00000000000000000000000000000
00000000000000000000000000000
000000000000000000000000000000
000000000000000000000000000000
000000000000000000000000000000
000000000000000000000000000000
000000000000000000000000000000
000000000000000000000000000000
000000000000000000000000000000
000000000000000000000000000000
000000000000000000000000000000
111111111111000000000000000000
000000000000000000000000000000
000000000000000000000000000000
000000000000000000000000000000
000000000000000000000000000000
000000000000000000000000000000
000000000000000000000000000000
000000000000000000000000000000
000000000000000000000000000000
000000000000000000000000000000
000000000000000000000000000000
000000000000000000000000000000
000000000000000000000000000000
000000000000000000000000000000
000000000000000011111111111111
000000000000000000000000000000
000000000000000000000000000000
000000000000000000000000000000
000000000000000000000000000000
000000000000000000000000000000
