30 10 10
25 2
23 28
9 24
28 21
11 21
23 16
3 0
1 0
20 15
5 6
00000000000000000000000010000
00000000000000000000000010000
00000000000000000000000010000
00000000000000000000000010000
00000000000000000000000010000
00000000000100000000000010000
00000000000100000000000010000
00000000000100000000000010000
00000000000100000000000000000
00000000000100000000000000000
00000000000100000000000000000
00000000000100000000000000000
00000000000100000000000000000
00000000000100000000000000000
00000000000100000000000000000
00000000000100000000000000000
00000000000000000000000000000
00000000000000000000000000000
00000000000000000000000000000
00000000000000000000000000000
00000000000000000000000000000
00000000000000000000000000000
00000000000000000000000000000
00000000000000000000000000000
00000000000000000000000000000
00000000000000000000000000000
00000000000000000000000000000
00000000000000000000000000000
00000000000000000000000000000
00000000000000000000000000000
000000000000000000000000000000
000000000000000000000000000000
000000000000000000000000000000
000000000000000000000000000000
000000001111111111111100000000
000000000000000000000000000000
000000000000000000000000000000
000000000000000000000000000000
000000000000000000000000000000
000000000000000000000000000000
000000000000000000000000000000
000000000000000000000000000000
000000000000000000000000000000
000000000000000000000000000000
000000000000001111111111000000
000000000000000000000000000000
000000000000000000000000000000
000000000000000000000000000000
000000000000000000000000000000
000000000000000000000000000000
000000000000000000000000000000
000000000000000000000000000000
000000011111111111110000000000
000000000000000000000000000000
000000000000000000000000000000
000000000000000000000000000000
000000000000000000000000000000
000000000000000000000000000000
000000000000000000000000000000
