30 10 10
3 14
9 15
12 5
24 2
6 3
6 6
8 12
9 24
25 11
9 14
00000000000000000000000000000
00000000000000000000000000000
00000000000000000000000000000
00000000000000000000000100000
00000000000000000000000100000
00000000000000000000000100000
00000000000000000000000100000
00000000000000000000000100000
00000000000000000000000100000
00000000000000000000000100000
00000000000000000000000100000
00000000000000000000000100000
00000000000000000000000100000
00000000000000000000000100000
00000000000000000000000100000
00000000100000000000000100000
00000000100000000000000100000
00000000100000000000000100000
00000000100000000000000100000
00000000100000000000000100000
00000000100000000000000100000
00000000100000000000000100000
00000000100000000000000100000
00000000100000000000000000000
00000000100000000000000000000
00000000100000000000000000000
00000000100000000000000000000
00000000100000000000000000000
00000000100000000000000000000
00000000100000000000000000000
000000000000000000000000000000
000000000000000000000000000000
000000000000000000000000000000
000000000000000000000000000000
000000000000000000000000000000
000001111111111110000000000000
000000000000000000000000000000
000000000000000000000000000000
000000000000000000000000000000
000000000000000000000000000000
000000000000000000000011111111
000000000000000000000000000000
000000000000000000000000000000
000000000000000000000000000000
000000000000000000000000000000
000000000000000000000000000000
000000000000000000000000000000
000000000000000000000000000000
000000000000000000000000000000
000000000000000000000000000000
000000000000000000000000000000
000000000011111111111111000000
000000000000000000000000000000
000000000000000000000000000000
000000000000000000000000000000
000000000000000000000000000000
000000000000000000000000000000
000000000000000000000000000000
000000000000000000000000000000
