30 10 10
15 19
4 6
18 1
7 1
16 16
23 7
26 15
22 23
2 17
13 12
00000000000000000000000000000
00000000000000000000000000000
00000000000000000000000100000
00001000000000000000000100000
00001000000000000000000100000
00001000000000000000000100000
00001000000000000000000100000
00001000000000000000000100000
00001000000000000000000100000
00001000000000000000000100000
00001000000000000000000100000
00001000000000000000000100000
00001000000000000000000100000
00001000000000000000000100000
00001000000000000000000100000
00000000000000000000000100000
00000000000000000000000100000
00000000000000000000000100000
00000000000000000000000100000
00000000000000000000000100000
00000000000000000000000000000
00000000000000000000000000000
00000000000000000000000000000
00000000000000000000000000000
00000000000000000000000000000
00000000000000000000000000000
00000000000000000000000000000
00000000000000000000000000000
00000000000000000000000000000
00000000000000000000000000000
000000000000000000000000000000
000000000000000000000000000000
000000000000000000000000000000
000000000000000000000000000000
000000000000000000000000000000
000000000000000000000000000000
000001111111111111110000000000
000000000000000000000000000000
000000000000000000000000000000
000000000000000000000000000000
000000000000000000000000000000
000000000000000000000000000000
000000000000000000000000000000
000000000000000000000000000000
000000000000000000000000000000
000000000000000000000000000000
000000000000000000000000000000
000000000000000000000000000000
000000000000000000000000000000
000000000000000000000111111111
000000000000000000000000000000
000000000000000000000000000000
000000000000000000000000000000
000000000000000000000000000000
000000000000011111111111000000
000000000000000000000000000000
000000000000000000000000000000
000000000000000000000000000000
000000000000000000000000000000
