30 10 10
18 20
16 18
13 2
2 23
14 3
11 24
13 21
14 16
5 21
12 19
00000000000000000000000000000
00000000000000000000000000000
00000000100000000000000000000
00000000100000000000000000000
00000000100000000000000000000
00000000100000000000000000000
00000000100000000000000000000
00000000100000000000000000000
00000000100000000010000000000
00000000100000000010000000000
00000000100000000010000000000
00000000100000000010000000000
00000000100000000010000000000
00000000100000000010000000000
00000000000000000010000000000
00000000000000000010000000000
00000000000000000010000000000
00000000000000000010000000000
00000000000000000010000000000
00000000000000000010000000000
00000000000000000010000000000
00000000000000000010000000000
00000000000000000010000000000
00000000000000000010000000000
00000000000000000010000000000
00000000000000000010000000000
00000000000000000000000000000
00000000000000000000000000000
00000000000000000000000000000
00000000000000000000000000000
000000000000000000000000000000
000000000000000000000000000000
000000000000000000000000000000
000000000000000000000000000000
000000000000000000000000000000
000000000000000000000000000000
011111111111000000000000000000
000000000000000000000000000000
000000000000000000000000000000
000000000000000000000000000000
000000000000000000000000000000
000000000000000000000000000000
000000000000000000000000000000
000000000000000000000011111111
000000000000000000000000000000
000000000000000000000000000000
000000000000000000000000000000
000000000000000000000000000000
000000000000000000000000000000
000000000000000000000000000000
000000000000000011111111110000
000000000000000000000000000000
000000000000000000000000000000
000000000000000000000000000000
000000000000000000000000000000
000000000000000000000000000000
000000000000000000000000000000
000000000000000000000000000000
000000000000000000000000000000
