30 10 10
20 27
20 16
5 3
10 28
28 2
2 25
16 22
14 12
7 24
3 19
00000000000000000000000000000
00000000000000000000000000000
00000000000000000000000000000
00000000000000000000000000000
00000000000000000000000000000
00000000000000000000001000000
00000000000000000000001000000
00000000000000000000001000000
00000000000000000000001000000
00000000000000000000001000000
00000000000000000000001000000
00000000010000000000001000000
00000000010000000000001000000
00000000010000000000001000000
00000000010000000000001000000
00000000010000000000001000000
00000000010000100000001000000
00000000010000100000001000000
00000000010000100000001000000
00000000010000100000001000000
00000000010000100000001000000
00000000010000100000001000000
00000000010000100000000000000
00000000000000100000000000000
00000000000000100000000000000
00000000000000100000000000000
00000000000000100000000000000
00000000000000100000000000000
00000000000000000000000000000
00000000000000000000000000000
000000000000000000000000000000
000000000000000000000000000000
000000000000000000000000000000
000000000000000000000000000000
000000000000000000000000000000
000000000000000000000000000000
000000000000000000000000000000
000000000000000000000000000000
000000000000000000000000000000
000000000000000000000000000000
000000000000000000000000000000
000000000000000000000000000000
000000000000000000000000000000
000000000000000000000000000000
000000000000000000000000000000
000000000000000011111111111000
000000000000000000000000000000
000000000000000000000000000000
000000000000000000000000000000
000000000000000000000000000000
000000000000000000000000000000
000000000000000000000000000000
000000111111111111000000000000
000000000000000000000000000000
000000000000000000000000000000
000000000000000000000000000000
000000000000000000000000000000
000000000000000000000000000000
000000000000000000000000000000
