30 10 10
2 7
20 4
13 0
17 27
17 16
6 21
17 7
17 26
9 12
20 23
00000100000000000000000000000
00000100000000000000000000000
00000100000000000000000000000
00000100000000000000000000000
00000100000000000000000000000
00000100000010000000000000000
00000100000010000000000000000
00000100000010000000000000000
00000100000010000000000000000
00000100000010000000000000000
00000100000010000000000000000
00000000000010000000000000000
00000000000010000000000000000
00000000000010000000000000000
00000000000010000000000000000
00000000000010000000000000000
00000000000010000000000000000
00000000000010000000000000000
00000000000010000000000000000
00000000000010000000010000000
00000000000000000000010000000
00000000000000000000010000000
00000000000000000000010000000
00000000000000000000010000000
00000000000000000000010000000
00000000000000000000010000000
00000000000000000000010000000
00000000000000000000010000000
00000000000000000000010000000
00000000000000000000010000000
000000000000000000000000000000
000000000000000000000000000000
000000000000000000000000000000
000000000000000000000000000000
000000000000000000000000000000
000000000000000000000000000000
000000000000000000000000000000
000000000000000000000000000000
000000000000000000000001111111
000000000000000000000000000000
000000000000000000000000000000
000000000000000000000000000000
000000000000000000000000000000
000000000000000000000000000000
000000000000000000000000000000
000000000000000000000000000000
000000000000000000000000000000
000000000000000000000000000000
000000000000000000000000000000
000000000000000000000000000000
000000000000000000000000000000
000000000000001111111111111100
000000000000000000000000000000
000000000000000000000000000000
000000000000000000000000000000
000000000000000000000000000000
000000000000000000000000000000
000000000000000000000000000000
000000000000000000000000000000
