30 10 10
28 20
8 11
14 29
17 17
20 15
25 23
8 21
17 10
17 5
6 5
00000000100000000000000000000
00000000100000000000000000000
00000000100000000000000000000
00000000100000000000000000000
00000000100000000000000000000
00000000100000000000000000000
00000000100000000000000000000
00000000100000000000000000000
00000000100000001000000000000
00000000100000001000000000000
00000000100000001000000000000
00000000100000001000000000000
00000000100000001000000000000
00000000000000001000000100000
00000000000000001000000100000
00000000000000001000000100000
00000000000000001000000100000
00000000000000001000000100000
00000000000000001000000100000
00000000000000000000000100000
00000000000000000000000100000
00000000000000000000000100000
00000000000000000000000100000
00000000000000000000000000000
00000000000000000000000000000
00000000000000000000000000000
00000000000000000000000000000
00000000000000000000000000000
00000000000000000000000000000
00000000000000000000000000000
000000000000000000000000000000
000000000000000000000000000000
000000000000000000000000000000
000000000000000000000000000000
000000000000000000000000000000
000000000000000000000000000000
000000000000000000000000000000
000000000000000000000000000000
000000000000000000000000000000
000000000000000000000000000000
000000000000000000000000000000
000000000000000000000000000000
000000000000000000000000000000
000000000000000000000000000000
000000000000000000000000000000
000000000000000000000000000000
000000000000000000000000000000
111111111111000000000000000000
000000000000000000000000000000
000000000000000000000000000000
000000000000000000000000000000
000000000000000000000000000000
000111111111111111100000000000
000000000000000000000000000000
000000000000000000000000000000
000000000000000000000000000000
000000000000000000000000000000
000000000000000000000000000000
000000000000000000000000000000
