30 10 10
26 4
10 27
24 14
1 1
20 5
6 20
16 3
11 7
3 2
16 17
00001000000100000000000000000
00001000000100000000000000000
00001000000100000000000000000
00001000000100000000000000000
00001000000100000000000000000
00001000000100000000000000000
00000000000100000000000000000
00000000000100000000000000000
00000000000100000000000000000
00000000000100000000000000000
00000000000100000000100000000
00000000000100000000100000000
00000000000100000000100000000
00000000000000000000100000000
00000000000000000000100000000
00000000000000000000100000000
00000000000000000000100000000
00000000000000000000100000000
00000000000000000000100000000
00000000000000000000100000000
00000000000000000000100000000
00000000000000000000100000000
00000000000000000000100000000
00000000000000000000100000000
00000000000000000000100000000
00000000000000000000000000000
00000000000000000000000000000
00000000000000000000000000000
00000000000000000000000000000
00000000000000000000000000000
000000000000000000000000000000
000000000000000000000000000000
000000000000000000000000000000
000000000000000000000000000000
000000000000000000000000000000
000000000000000000000000000000
000000000000000000000000000000
000000000000000000000000000000
000000000000001111111111100000
000000000000000000000000000000
000000000000000000000000000000
000000000000000000000000000000
000000000000000000000000000000
000000000000000000000000000000
000000000000000000000000111111
000000000000000000000000000000
000000000000000000000000000000
000000000000000000000000000000
000000000000000000000000000000
000000000000000000000000000000
000000000000000000000000000000
000000000000000000000000000000
000000000000000000000000000000
000000000000000000000000000000
000000000000000000000000000000
000000000000000000000000000000
000000000000000000000000000000
000000000000000000000000000000
000000000000000000000000000000
