30 10 10
25 6
19 29
4 17
29 5
4 16
27 19
25 16
22 7
0 3
7 28
00000000000000000000000000000
00000000000000000000000000000
00000000000000010000000000000
00000010000000010000000000000
00000010000000010000000000000
00000010000000010000000000000
00000010000000010000000000000
00000010000000010000000000000
00000010000000010000000000000
00000010000000010000000000000
00000010000000010000000000000
00000010000000010000000000000
00000010000000010000000000000
00000000000000010000000000000
00000000000000010000000000000
00000000000000010000000000000
00000000000000010000000000000
00000000000000000000000000000
00000000000000000000000000000
00000000000000000000000000000
00000000000000000000000000000
00000000000000000000000000000
00000000000000000000000000000
00000000000000000000000000000
00000000000000000000000000000
00000000000000000000000000000
00000000000000000000000000000
00000000000000000000000000000
00000000000000000000000000000
00000000000000000000000000000
000000000000000000000000000000
000000000000000000000000000000
000000000000000000000000000000
000000000000000000000000000000
000000000000000000000000000000
000000011111111111111111100000
000000000000000000000000000000
000000000000000000000000000000
000000000000000000000000000000
000000000000000000000000000000
000000000000000000000000000000
000000000000000000000000000000
000000000000000000000000000000
000000000011111111110000000000
000000000000000000000000000000
000000000000000000000000000000
000000000000000000000000000000
000000000000000000000000000000
000000000000000000000000000000
000000000000000000000000000000
000000000000000000000000000000
000000000000000000000000000000
000000000000000000000000000000
000000000000000000000000000000
000111111111111111110000000000
000000000000000000000000000000
000000000000000000000000000000
000000000000000000000000000000
000000000000000000000000000000
