30 10 10
5 8
1 7
20 2
2 27
23 19
17 18
17 16
5 5
29 18
8 5
00000000000000001000000000000
00000000000000001000000000000
00000000000000001000000000000
00000000000000001000000000000
00000000000000001000000000000
00000000000000001000000000000
00000000000000001000000000000
00000000000000001000000000000
00000000000000001000000000000
00000000000000001000000000000
00000000000000001000000000000
00000000000000001000000000000
00001000000000001000000000000
00001000000000001000000000000
00001000000000001000000000000
00001000000000001000000000000
00001000000000000000000000000
00001000000000000000000000000
00001000000000000000000000000
00001000000000000000000000000
00001000000000000000000000000
00001000000000000000000000000
00000000000000000000000000000
00000000000000000000000000000
00000000000000000000010000000
00000000000000000000010000000
00000000000000000000010000000
00000000000000000000010000000
00000000000000000000010000000
00000000000000000000010000000
000000000000000000000000000000
000000000000000000000000000000
000000000000000000000000000000
000000000000000000000000000000
000000000000000000000000000000
000000000000000000000000000000
000000000000000000000000000000
000000000000000000000000000000
000000000000000000000000000000
000000111111111100000000000000
000000000000000000000000000000
000000000000000000000000000000
000000000000000000000000000000
000000000000000000000000000000
000000000000000000000000000000
000000000000000000000000000000
000000000000000000000000000000
000000000000000000000000000000
000000000000000000000000000000
000000000000000000000000000000
000000000111111111111111111100
000000000000000000000000000000
000000000000000000000000000000
000000000000000000000000000000
000000000000000000000000000000
000000000000000000000000000000
000000000000000000000000000000
000000000000000000000000000000
000000000000000000000000000000
