30 10 10
0 10
10 14
3 11
27 18
18 16
21 18
6 17
18 23
14 5
20 27
00000000000000000000000010000
00000000000000000000000010000
00000000000000000000000010000
00000000000000000000000010000
00000000000000000000000010000
00000000000000000000000010000
00000000000000000000000010000
00000000000000100000000010000
00000000000000100000000010000
00000000000000100000000010000
00000000000000100000000010000
00000000000000100000000010000
00000000000000100000000010000
00000000010000100000000010000
00000000010000100000000010000
00000000010000100000000010000
00000000010000100000000000000
00000000010000100000000000000
00000000010000100000000000000
00000000010000100000000000000
00000000010000100000000000000
00000000010000100000000000000
00000000010000100000000000000
00000000010000100000000000000
00000000010000000000000000000
00000000010000000000000000000
00000000010000000000000000000
00000000010000000000000000000
00000000000000000000000000000
00000000000000000000000000000
000000000000000000000000000000
000000000000000000000000000000
000000000000000000000000000000
000000000000000000000000000000
000000000000000000000000000000
000000000000000000000000000000
000000000000000000000000000000
000000111111111111110000000000
000000000000000000000000000000
000000000000000000000000000000
000000000000000000000000000000
000000000000000000000000000000
000000000000000000000000000000
000000000000000000000000000000
000000000000000000000000000000
000000000000000000000000000000
000000000000000000000011111111
000000000000000000000000000000
000000000000000000000000000000
000000000000000000000000000000
000000000000000000000000000000
000000000000000000000000000000
000000000000000000000000000000
000000000000000000000000000000
000000000000000000000000000000
000000000000000000000000000000
000000000000000000000000000000
000000000000000000000000000000
000000000000000000000000000000
