30 10 10
14 2
7 14
21 7
16 16
8 9
7 20
23 7
22 27
29 25
8 24
00000000000000000000000000000
00001000000000000000000000000
00001000000000000000000000000
00001000000000000000000000000
00001000000000000000000000000
00001000000000000000000000000
00001000000000000000000000000
00001000000000000000000000000
00001000000000000000000010000
00001000000000000000000010000
00001000000000000000000010000
00001000000000000000000010000
00001000000000000000000010000
00001000000000000000000010000
00001000000000000000000010000
00001000000000000000000010000
00000000000000010000000010000
00000000000000010000000010000
00000000000000010000000010000
00000000000000010000000000000
00000000000000010000000000000
00000000000000010000000000000
00000000000000010000000000000
00000000000000010000000000000
00000000000000010000000000000
00000000000000010000000000000
00000000000000010000000000000
00000000000000010000000000000
00000000000000010000000000000
00000000000000010000000000000
000000000000000000000000000000
000000000000000000000000000000
000000000000000000000000000000
000000000000000000000000000000
000000000000000000000000000000
000000000000000000000000000000
000000000000000000000000000000
000000000000000000000000000000
000000000000000000000000000000
000000000000000000000000000000
000000000000000000000000000000
000000000000000000000000000000
000000000000000000000000000000
000000000000000000000000000000
000000000000000000000000000000
000000000000000000000000000000
000000000011111111111000000000
000000000000000000000000000000
000000000000000000000000000000
000000000000000000000000000000
000000000000000000000000000000
000000000000000000000000000000
000000000000000000000000000000
000000000000000000000000000000
000000000000000000001111111111
000000000000000000000000000000
000000000000000000000000000000
000000000000000000000000000000
000000000000000000000000000000
