30 10 10
24 17
4 8
17 20
16 10
26 12
5 7
21 29
1 16
6 13
28 9
00000000000000000000010000000
00000000000000000000010000000
00000000000000000000010000000
00000000000000000000010000000
00000000000000100000010000000
00000000000000100000010000000
00000100000000100000010000000
00000100000000100000010000000
00000100000000100000010000000
00000100000000100000010000000
00000100000000100000010000000
00000100000000100000010000000
00000100000000100000010000000
00000100000000100000010000000
00000100000000100000010000000
00000100000000100000000000000
00000100000000100000000000000
00000100000000100000000000000
00000100000000100000000000000
00000000000000100000000000000
00000000000000100000000000000
00000000000000100000000000000
00000000000000000000000000000
00000000000000000000000000000
00000000000000000000000000000
00000000000000000000000000000
00000000000000000000000000000
00000000000000000000000000000
00000000000000000000000000000
00000000000000000000000000000
000000000000000000000000000000
000000000000000000000000000000
000000000000000000000000000000
000000000000000000000000000000
000000000000000000000000000000
000000000000000000000000000000
000000000000000000000000000000
000000000000000000000000000000
000000000000000000000000000000
000000000000000000000000000000
111111111111111110000000000000
000000000000000000000000000000
000000000000000000000000000000
000000000000000000000000000000
000000000000000000000000000000
000000000000000000000000000000
000000000000000000000000000000
000000000000000000000000000000
000000000000000000000000000000
111111111100000000000000000000
000000000000000000000000000000
000000000000000000000000000000
000000000000000000000000000000
000000000000000000000000000000
000000000000000000000000000000
000000000000000000000000000000
000000000000000000000000000000
000000000000000000000000000000
000000000000000000000000000000
