30 10 10
22 4
11 28
5 13
5 1
28 4
13 15
8 24
9 7
25 27
7 24
00000000000000000000000000000
00000000000000000000000000000
00000000000010000000000000000
00000000000010000000000000000
00000000000010000000000000000
00000000000010000000000000000
00000000000010000000000000000
00000000000010000000000000000
00000000000010000000000000000
00001000000010000000000000000
00001000000010000000000000000
00001000000010000000000000000
00001000000010000000000000000
00001000000010000000000000000
00001000000000000000000000000
00001000000000000000000000000
00001000000000000000000000000
00001000000000000000000000000
00001000000000000000000000000
00001000000000000000000000000
00001000000000000010000000000
00001000000000000010000000000
00001000000000000010000000000
00001000000000000010000000000
00001000000000000010000000000
00001000000000000010000000000
00000000000000000010000000000
00000000000000000010000000000
00000000000000000010000000000
00000000000000000010000000000
000000000000000000000000000000
000000000000000000000000000000
000000000000000000000000000000
000000000000000000000000000000
000000000000000000000000000000
000000000000000000000000000000
000000000000000000000000000000
001111111111111111111100000000
000000000000000000000000000000
000000000000000000000000000000
000000000000000000000000000000
000000000000000000000000000000
000000000000000000000000000000
000000000000000000000000000000
000000000000000000000000000000
000000000000000000000000000000
000000000000000000000000000000
000000000000000000000000000000
000000000000000000000000000000
000000000000000000000000000000
000000000000000000000000000000
000000000000000000000000000000
000001111111111111111000000000
000000000000000000000000000000
000000000000000000000000000000
000000000000000000000000000000
000000000000000000000000000000
000000000000000000000000000000
000000000000000000000000000000
