30 10 10
6 0
24 27
15 6
15 2
1 27
26 28
0 10
21 13
21 28
19 8
00000000001000000000000000000
00000000001000000000000000000
00000000001000000000000000000
00000000001000000000000000000
00000000001000000000000000000
00000000001000000000000000000
00000000001000000000000000000
00000000001000000000000010000
00000000001000000000000010000
00000000001000000000000010000
00000000001000000000000010000
00000000001000000000000010000
00000000000000000000000010000
00000000000000001000000010000
00000000000000001000000010000
00000000000000001000000010000
00000000000000001000000010000
00000000000000001000000010000
00000000000000001000000010000
00000000000000001000000010000
00000000000000001000000010000
00000000000000001000000010000
00000000000000001000000010000
00000000000000001000000010000
00000000000000001000000000000
00000000000000001000000000000
00000000000000001000000000000
00000000000000001000000000000
00000000000000001000000000000
00000000000000001000000000000
000000000000000000000000000000
000000000000000000000000000000
000000000000000000000000000000
000000000000000000000000000000
000000000000000000000000000000
000000000000000000000000000000
000000000000000000000000000000
000000000000000000000000000000
000000000000000000000000000000
000000000000000000000000000000
111111111100000000000000000000
000000000000000000000000000000
000000000000000000000000000000
000000000000000000000000000000
000000000000000000000000000000
000000000000000000000000000000
000000000000000000000000000000
000000000000000000000000000000
000000000000000000000000000000
000011111111111111000000000000
000000000000000000000000000000
000000000000000000000000000000
000000000000000000000000000000
000000000000000000000000000000
000000000000000000000000000000
000000000000000000000000000000
000000000000000000000000000000
000000000000000000000000000000
000000000000000000000000000000
