30 10 10
20 18
21 19
7 3
14 0
21 23
27 29
0 7
22 9
16 11
2 20
00000000000000000000000000000
00000000000000000000000000000
00000000000000000000000000000
00000000000000000000000000000
00000000000000000000000000000
00000000000000000000000000000
00000000010000000000001000000
00000000010000000000001000000
00000000010000000000001000000
00000000010000000000001000000
00000000010000000000001000000
00000000010000000000001000000
00000000010000000000001000000
00000000010000000000001000000
00000000010000000000001000000
00000000010000000000001000000
00000000010000000000001000000
00000000010000000000001000000
00000000010000000000000000000
00000000010000000000000000000
00000000010000000000000000000
00000000010000000000000000000
00001000010000000000000000000
00001000000000000000000000000
00001000000000000000000000000
00001000000000000000000000000
00001000000000000000000000000
00001000000000000000000000000
00001000000000000000000000000
00001000000000000000000000000
000000000000000000000000000000
000000000000000000000000000000
000000000000000000000000000000
000000000000000000000000000000
000000000000000000000000000000
000000000000000000000000000000
000000000000000000000000000000
000000000000000000000000000000
000000000000000000000000000000
000000000000000000000000000000
111111111000000000000000000000
000000000000000000000000000000
000000000000000000000000000000
000000000000000000000000000000
000000000000000000000000000000
000000000000000000000000000000
000000000000000000000000000000
000000000000000000000000000000
000000000000000000000000000000
000000000000000000000000000000
000000000000000000000000000000
000000000000000000000000000000
000000000000000000000000000000
000000011111111111111111110000
000000000000000000000000000000
000000000000000000000000000000
000000000000000000000000000000
000000000000000000000000000000
000000000000000000000000000000
