30 10 10
19 20
2 7
28 21
8 19
7 18
20 3
18 21
25 19
28 22
9 17
00000000000000000010000000000
00000000000000000010000000000
00000000000000000010000000000
00000000000000000010000000000
00000000000000000010000000000
00000000000000000010000000000
00000000000000000010000000000
00000010000000000010000000000
00000010000000000010000000000
00000010000000000000000000000
00000010000000000000000000000
00000010000000000000000000000
00000010000000000000000000000
00000010000000000000000000000
00000010000000000000000000000
00000010000000000000000000000
00000010000000000000000000000
00000010000000000000000000000
00000010000000000000000000000
00000010000000000000000000000
00000010000000000000000000000
00000010000000000000000000000
00000010000000000000000000000
00000010000000000000000000000
00000010000000000000000000000
00000000000000000000000000000
00000000000000000000000000000
00000000000000000000000000000
00000000000000000000000000000
00000000000000000000000000000
000000000000000000000000000000
000000000000000000000000000000
000000000000000000000000000000
000000000000000000000000000000
000000000000000000000000000000
000000000000000000000000000000
000000000000000000000000000000
000000000000000000000000000000
000000000000000000000000000000
000000000000000000000000000000
000000000000000000000000111111
000000000000000000000000000000
000000000000000000000000000000
000000000000000000000000000000
000000000000000000000000000000
000001111111111111100000000000
000000000000000000000000000000
000000000000000000000000000000
000000000000000000000000000000
000000000000000000000000000000
000000000000000000000000000000
000000000000000000000000000000
000000000000000000000000000000
000000000000000000000011111111
000000000000000000000000000000
000000000000000000000000000000
000000000000000000000000000000
000000000000000000000000000000
000000000000000000000000000000
