30 10 10
12 24
22 23
8 20
22 6
5 18
6 12
26 10
6 10
1 7
14 6
00001000000000000000000000000
00001000000000000000000000000
00001000000000000000000000000
00001000000000000000000000000
00001000000000000000000000000
00001000000000000000000000000
00001000000000000000000000000
00001000000010000000000000000
00001000000010000000000000000
00001000000010000000000000000
00001000000010000000000000000
00000000000010000000000000000
00000000000010000000000000000
00000000000010000000000000000
00000000000010000000000000000
00000000000010000000000000000
00000000000010000001000000000
00000000000010000001000000000
00000000000010000001000000000
00000000000010000001000000000
00000000000010000001000000000
00000000000010000001000000000
00000000000010000001000000000
00000000000010000001000000000
00000000000010000001000000000
00000000000010000001000000000
00000000000000000001000000000
00000000000000000001000000000
00000000000000000001000000000
00000000000000000001000000000
000000000000000000000000000000
000000000000000000000000000000
000000000000000000000000000000
000000000000000000000000000000
000000000000000000000000000000
000000000000000000000000000000
000000000000000000000000000000
000000000000000000000000000000
000000000000000000000000000000
000000000000000000000000000000
000000000000000000000000000000
000000000000000000000000000000
000000000000000000000000000000
000000000000000000000000000000
000000000000000111111111100000
000000000000000000000000000000
000000000000000000000000000000
000000000000000000000000000000
000000000000000000000000000000
000000000000000000000000000000
000000000000000000000000011111
000000000000000000000000000000
000000000000000000000000000000
000000000000000000000000000000
000000000000000000000000000000
000000000000000000000000000000
000000000000000000000000000000
000000000000000000000000000000
000000000000000000000000000000
