30 10 10
3 20
4 9
12 24
6 20
25 16
13 3
11 14
3 13
20 14
11 8
00000000000000000000000000000
00000000000000000000000000000
00000000000000000000000000000
00000000000000000000000000000
00000000000000000000000000000
00000000000000000000000000000
00000000000000000000000000000
00000000000000000000000000000
00000000000000000000000000000
00000000000000000000000000000
00001000000000000000000000000
00001000000000000000000000000
00001000000000000000000000000
00001000000000000000000000000
00001000000000000000000000000
00001000000000000000000000000
00001000000000000000000000000
00001000000000000000000000000
00001000000000000000000000000
00001000000000000000000000000
00001000001000000000000000000
00001000001000000000000000000
00001000001000000000000000000
00001000001000000000000000000
00001000001000000000000010000
00000000001000000000000010000
00000000001000000000000010000
00000000001000000000000010000
00000000001000000000000010000
00000000001000000000000010000
000000000000000000000000000000
000000000000000000000000000000
000000000000000000000000000000
000000000000000000000000000000
000000000000000000000000000000
000000000000000000000000000000
000000000000000000000000000000
000000000000000000000000000000
000000000000000000000000000000
000000000000000000000000000000
000000001111111111111111110000
000000000000000000000000000000
000000000000000000000000000000
000000000000000000000000000000
000000000000000000000000000000
000000000000000000000000000000
000000000000000000000000000000
000000000000000000000000000000
000000000000000000000000000000
000000000000000000000000000000
000000000000000000000000111111
000000000000000000000000000000
000000000000000000000000000000
000000000000000000000000000000
000000000000000000000000000000
000000000000000000000000000000
000000000000000000000000000000
000000000000000000000000000000
000000000000000000000000000000
