30 10 10
28 29
3 0
23 9
15 20
13 25
4 21
19 19
26 9
19 6
13 15
00000000000000000000001000000
00000000000000000000001000000
00000000000000000000001000000
00000000000000000000001000000
00000000000000000000001000000
00000000000000000000001000000
00000000000000000000001000000
00000000000000000000001000000
00000000000000000000000000000
00000000000000000000000000000
00000000000000000000000000000
00000000000000000000000000000
00000001000000000000000000000
00000001000000000000000000000
00000001000000000000000000000
00000001000000000000000000000
00000001000000000000000000000
00000001000000000000000000000
00000001000000000000000000000
00000001000000000000000000000
00000001000000000000000000000
00000001000000000000000000000
00000001000000010000000000000
00000001000000010000000000000
00000001000000010000000000000
00000000000000010000000000000
00000000000000010000000000000
00000000000000010000000000000
00000000000000010000000000000
00000000000000010000000000000
000000000000000000000000000000
000000000000000000000000000000
000000000000000000000000000000
000000000000000000000000000000
000000000000000000000000000000
000000000000000000000000000000
000111111111100000000000000000
000000000000000000000000000000
000000000000000000000000000000
000000000000000000000000000000
000000000000000000000000000000
000000000000000000000000000000
000000000000000000000000000000
000000000001111111111111000000
000000000000000000000000000000
000000000000000000000000000000
000000000000000000000000000000
000000000000000000000000000000
000000000000000000000000000000
000000000000000000000000000000
000000000000000000000000000000
000000000000000000000000000000
000000000000000000000000000000
000000000000000000000000000000
000000000000000000000000000000
000000000000000000000000000000
000000000000000000000000000000
000000000000000000000000000000
000000000000000000000000000000
