30 10 10
4 2
16 27
2 23
29 2
25 28
2 24
12 23
26 2
20 12
9 2
00000000000000000000000000000
00000000000000000000000000000
00000000000000000000000000000
00000000000000000000000000000
00000000000000000000000000000
00000000000000000000000000000
00000000000000001000000000000
00000000000000001000000000000
00000000000000001000000000000
00000000000000001000000000000
00000000000000001000000000000
00000000000000001000000000000
00000000000000001000000000000
00000000000000001000000000000
00000000000000001000000000000
00000000100000001000000000000
00000000100000001000000000000
00000000100000001000000000000
00000000100000001000000000000
00000000100000000000010000000
00000000100000000000010000000
00000000100000000000010000000
00000000100000000000010000000
00000000100000000000010000000
00000000100000000000010000000
00000000100000000000010000000
00000000000000000000010000000
00000000000000000000010000000
00000000000000000000010000000
00000000000000000000010000000
000000000000000000000000000000
000000000000000000000000000000
000000000000000000000000000000
000000000000000000000000000000
000000000000000000000000000000
000000000000000000000000000000
000000000000000000000000000000
000000000000000000000000000000
000000000000000000000000000000
111111111111111000000000000000
000000000000000000000000000000
000000000000000000000000000000
000000000000000000000000000000
000000000000000000000000000000
000000000000000000000000000000
000000000000000000000000000000
000000000000000000000000000000
000000000000000000000000000000
000000000000000000000000000000
000000000000000000000000000000
000000000000000000000000000000
000000000000000000000000000000
000000000000000000000000111111
000000000000000000000000000000
000000000000000000000000000000
000000000000000000000000000000
000000000000000000000000000000
000000000000000000000000000000
000000000000000000000000000000
