30 10 10
29 1
24 9
14 18
24 17
18 3
28 18
18 7
9 18
21 0
2 14
00000000000000000000000000000
00000000000000000000000000000
00000000000000000000000000000
00000000000000000000000000000
00000000000000000000000000000
00000000000000000000000000000
00000000000000000000000000000
00000000000000000000000000000
00000000000000000000000000000
00000000000000000000000000000
00000000000000000000000000000
00000100000000000000000000000
00000100000000000000000000000
00000100000000000100000000000
00000100000000000100000000000
00000100000000000100000000000
00000100000000000100000000000
00000100000000000100000000000
00000100000000000100000000000
00000100000000000100000000000
00000100000000000100000000000
00000100000000000100000000000
00000000000000000100000000000
00000000000000000100000000000
00000000000000000100000000000
00000000000000000100000000000
00000000000000000100000000000
00000000000000000000000000000
00000000000000000000000000000
00000000000000000000000000000
000000000000000000000000000000
000000000000000000000000000000
000000000000000000000000000000
000000000000000000000000000000
000000000000000000000111111111
000000000000000000000000000000
000000000000000000000000000000
000000000000000000000000000000
000000000000000000000000000000
000000000000000000000000000000
000000000000000000000000000000
111111111111110000000000000000
000000000000000000000000000000
000000000000000000000000000000
000000000000000000000000000000
000000000000000000000000000000
000000000000000000000000000000
000000111111111111111110000000
000000000000000000000000000000
000000000000000000000000000000
000000000000000000000000000000
000000000000000000000000000000
000000000000000000000000000000
000000000000000000000000000000
000000000000000000000000000000
000000000000000000000000000000
000000000000000000000000000000
000000000000000000000000000000
000000000000000000000000000000
