30 10 10
1 3
26 27
28 22
23 3
22 8
14 17
1 29
2 14
27 15
23 21
00000000000000010000000000000
00000000000000010000000000000
00000000000000010000000000000
00000000000000010000000000000
00000000000000010000000000000
00000000000000010000000000000
00000100000000000000000000000
00000100000000000000000000000
00000100000000000000001000000
00000100000000000000001000000
00000100000000000000001000000
00000100000000000000001000000
00000100000000000000001000000
00000100000000000000001000000
00000100000000000000001000000
00000100000000000000001000000
00000100000000000000001000000
00000100000000000000001000000
00000100000000000000000000000
00000100000000000000000000000
00000100000000000000000000000
00000100000000000000000000000
00000000000000000000000000000
00000000000000000000000000000
00000000000000000000000000000
00000000000000000000000000000
00000000000000000000000000000
00000000000000000000000000000
00000000000000000000000000000
00000000000000000000000000000
000000000000000000000000000000
000000000000000000000000000000
000000000000000000000000000000
000000000000000000000000000000
000000000000000000000000000000
000000000000000000000000000000
000000000000000000000000000000
000000000000000000000000000000
111111000000000000000000000000
000000000000000000000000000000
000000000000000000000000000000
000000000000000000000000000000
000000000000000000000000000000
000000000000000000000000000000
000000000000000000000000000000
000000000000000000000000000000
000000000000000000000000000000
000000000000000000000000000000
000000000000000000000000000000
000000000000000000000000000000
000000000000000000000000000000
000000000000000000000000000000
000000000000000000000000000000
000000111111111111111111100000
000000000000000000000000000000
000000000000000000000000000000
000000000000000000000000000000
000000000000000000000000000000
000000000000000000000000000000
