30 10 10
3 23
28 12
29 24
23 7
2 4
23 8
26 1
27 20
22 19
23 29
00000000000000000000000000000
00000000000000000000000000000
00000000000000000100000000000
00000000000000000100000000000
00000000010000000100000000000
00000000010000000100000000000
00000000010000000100000000000
00000000010000000100000000000
00000000010000000100000000000
00000000010000000100000000000
00000000010000000100000000000
00000000010000000100000000000
00000000010000000100000000000
00000000010000000100000000000
00000000010000000000000000000
00000000010000000000000000000
00000000010000000000000000000
00000000010000000000000000000
00000000010000000000000000000
00000000010000000000000000000
00000000000000000000000000000
00000000000000000000000000000
00000000000000000000000000000
00000000000000000000000000000
00000000000000000000000000000
00000000000000000000000000000
00000000000000000000000000000
00000000000000000000000000000
00000000000000000000000000000
00000000000000000000000000000
000000000000000000000000000000
000000000000000000000000000000
000000000000000000000000000000
000000000000000000000000000000
000000000000000000000000000000
000000000000000000000000000000
000000000000000000000000000000
000000000000000111111111111111
000000000000000000000000000000
000000000000000000000000000000
000000000000000000000000000000
000000000000000000000000000000
000000000000000000000000000000
111111111111100000000000000000
000000000000000000000000000000
000000000000000000000000000000
000000000000000000000000000000
000000000000000000000000000000
000000000000000111111111100000
000000000000000000000000000000
000000000000000000000000000000
000000000000000000000000000000
000000000000000000000000000000
000000000000000000000000000000
000000000000000000000000000000
000000000000000000000000000000
000000000000000000000000000000
000000000000000000000000000000
000000000000000000000000000000
