30 10 10
5 4
7 17
24 21
15 10
15 0
11 8
22 14
28 15
11 16
3 2
00000000000000000000000000000
00000000000000000000000000000
00000000000000000000000000000
00000000000000000000000000000
00000000000000000000000000000
00000000000000000000000000000
00000000000000000000000000000
00000000000000000000000000000
00000000000000000000000000000
00000000000000000000000000000
00000000000000000000000000000
00000000000000000000000000000
00000000000000000000000000000
00000001000000000000000000000
00000001000000000000000000000
00000001000000000000000000000
00000001000000000000000000000
00000001000000000000000000000
00000001000000000000000000000
00000001000000000000000000000
00000001000000000000010000000
00000001000000000000010000000
00000001000000000000010000000
00000000000000000000010000000
00000000000000000000010000000
00000000000000000000010000000
00000000000000000000010000000
00000000000000000000010000000
00000000000000000000010000000
00000000000000000000010000000
000000000000000000000000000000
000000000000000000000000000000
000000000000000000000000000000
000000000000000000000000000000
000000000000000000000000000000
000000001111111111111000000000
000000000000000000000000000000
000000000000000000000000000000
000000000000000000000000000000
000000000000000000000000000000
000000000000000000000000000000
000000000000000000000000000000
000000000000000011111111111111
000000000000000000000000000000
000000000000000000000000000000
000000000000000000000000000000
000000000000000000000000000000
000000000000000000000000000000
000000000000000000000000000000
001111111111000000000000000000
000000000000000000000000000000
000000000000000000000000000000
000000000000000000000000000000
000000000000000000000000000000
000000000000000000000000000000
000000000000000000000000000000
000000000000000000000000000000
000000000000000000000000000000
000000000000000000000000000000
