30 10 10
3 17
2 10
26 18
13 3
4 8
24 20
13 23
25 20
24 12
16 16
00000000000000000000000000000
00000000000000000000000000000
00000000000000000000000000000
00000000000000000000000000000
00000000000000000000000000000
00000000000000000000000000000
00000000000000000000000000000
00000000000000000000000000000
00001000000000000000000000000
00001000000000000000000000000
00001000000000000000000000000
00001000000000000000000000000
00001000000000000000000000000
00001000000000000000000000000
00001000000000000000000000000
00001000000000000100000000000
00001000000000000100000000000
00001000000000000100000000000
00000000000000000100000000000
00000000000000000100000000000
00000000000000000100000000000
00000000000000000100000000000
00000000000000000100000000000
00000000000000000100000000000
00000000000000000100000000000
00000000000000000000000000000
00000000000000000000000000000
00000000000000000000000000000
00000000000000000000000000000
00000000000000000000000000000
000000000000000000000000000000
000000000000000000000000000000
000000000000000000000000000000
000000000000000000000000000000
000000000000000000000000000000
000000000000000000000000000000
000000000000000000000000000000
000000000000000000000000000000
000000000000000000000000000000
001111111111111000000000000000
000000000000000000000000000000
000000000000000000000000000000
000000000000000000000000000000
000000000000000000000000000000
000000000000000000000000000000
000000000000000000000011111111
000000000000000000000000000000
000000000000000000000000000000
000000000000000000000000000000
000000000000000000000000000000
000000000000000000000011111111
000000000000000000000000000000
000000000000000000000000000000
000000000000000000000000000000
000000000000000000000000000000
000000000000000000000000000000
000000000000000000000000000000
000000000000000000000000000000
000000000000000000000000000000
